2 -1.74629 0.912025 0.345894 0.711816
2.001 -1.74437 0.910346 0.401108 0.733691
2.002 -1.74216 0.909443 0.417901 0.743585
2.003 -1.74259 0.909964 0.389311 0.754646
2.004 -1.74199 0.909809 0.384735 0.739964
2.005 -1.7424 0.910021 0.371948 0.716754
2.006 -1.74215 0.910322 0.40194 0.758151
2.007 -1.73972 0.908165 0.421726 0.739507
2.008 -1.73913 0.908317 0.383404 0.71562
2.009 -1.73801 0.907548 0.468592 0.799693
2.01 -1.73934 0.908914 0.380914 0.717713
2.011 -1.7365 0.906772 0.43681 0.744096
2.012 -1.73563 0.906499 0.463764 0.783688
2.013 -1.73587 0.907024 0.396243 0.717553
2.014 -1.73476 0.906085 0.432616 0.733642
2.015 -1.73312 0.905672 0.42799 0.759563
2.016 -1.73323 0.905209 0.441715 0.768263
2.017 -1.73422 0.905849 0.464223 0.779244
2.018 -1.73153 0.904953 0.452509 0.759219
2.019 -1.73117 0.904616 0.437113 0.759683
2.02 -1.73057 0.904861 0.413091 0.741421
2.021 -1.73044 0.904653 0.42362 0.748701
2.022 -1.72988 0.9032 0.603955 0.771189
2.023 -1.72841 0.903496 0.437938 0.756871
2.024 -1.72817 0.903334 0.460045 0.795567
2.025 -1.72771 0.903544 0.424255 0.749442
2.026 -1.72586 0.902137 0.468304 0.776141
2.027 -1.7255 0.901453 0.558558 0.784424
2.028 -1.72688 0.903342 0.417206 0.765812
2.029 -1.7234 0.901294 0.414586 0.745835
2.03 -1.7257 0.902708 0.434207 0.773255
2.031 -1.72178 0.900014 0.489147 0.809568
2.032 -1.72271 0.900872 0.505252 0.829767
2.033 -1.72254 0.900827 0.47279 0.772942
2.034 -1.71774 0.897585 0.55614 0.823915
2.035 -1.71888 0.898825 0.506523 0.796111
2.036 -1.7185 0.898796 0.487319 0.773487
2.037 -1.71812 0.898788 0.502496 0.78982
2.038 -1.71712 0.898178 0.469039 0.757132
2.039 -1.71664 0.898033 0.483656 0.793234
2.04 -1.71538 0.897093 0.523809 0.787247
2.041 -1.71203 0.894893 0.560165 0.825091
2.042 -1.71576 0.898276 0.45869 0.77494
2.043 -1.71202 0.895319 0.521285 0.814702
2.044 -1.71242 0.89539 0.568111 0.79179
2.045 -1.71088 0.89536 0.517055 0.780086
2.046 -1.70966 0.893991 0.52877 0.803351
2.047 -1.70866 0.893708 0.553262 0.822295
2.048 -1.70863 0.894098 0.534334 0.789197
2.049 -1.70706 0.8922 0.62338 0.862252
2.05 -1.70718 0.89294 0.6081 0.871068
2.051 -1.70533 0.89123 0.653173 0.891255
2.052 -1.70591 0.892824 0.544577 0.849433
2.053 -1.70517 0.892331 0.598789 0.854676
2.054 -1.70173 0.890156 0.577341 0.806753
2.055 -1.70271 0.891219 0.605973 0.880751
2.056 -1.70116 0.888624 0.762819 0.892335
2.057 -1.70053 0.890431 0.567019 0.876828
2.058 -1.699 0.887944 0.699703 0.864506
2.059 -1.69771 0.886945 0.835648 0.932178
2.06 -1.69585 0.886015 0.703432 0.854502
2.061 -1.69622 0.88579 0.83276 0.915281
2.062 -1.69566 0.886264 0.707153 0.851712
2.063 -1.69596 0.887408 0.653918 0.867493
2.064 -1.69304 0.885022 0.660843 0.875671
2.065 -1.69336 0.885461 0.695568 0.863821
2.066 -1.69357 0.88591 0.596824 0.825426
2.067 -1.69213 0.885518 0.660935 0.860151
2.068 -1.69173 0.885913 0.577794 0.844262
2.069 -1.6905 0.88429 0.684172 0.896962
2.07 -1.6885 0.881202 1.14939 0.962923
2.071 -1.68832 0.883147 0.707151 0.859461
2.072 -1.68744 0.883308 0.639969 0.877891
2.073 -1.68664 0.882073 0.760752 0.919384
2.074 -1.68638 0.882241 0.69742 0.876085
2.075 -1.6836 0.880131 0.725435 0.862741
2.076 -1.68566 0.881704 0.767668 0.894548
2.077 -1.68315 0.880629 0.724566 0.933192
2.078 -1.68288 0.88044 0.722282 0.882719
2.079 -1.68193 0.879993 0.645015 0.838032
2.08 -1.68115 0.880334 0.646453 0.861413
2.081 -1.67855 0.877539 0.893052 0.938671
2.082 -1.67786 0.876378 0.914131 0.924474
2.083 -1.67792 0.877278 0.814943 0.891826
2.084 -1.67714 0.878042 0.684278 0.899802
2.085 -1.67366 0.874264 0.904082 0.960852
2.086 -1.67452 0.87554 0.916701 0.972024
2.087 -1.67524 0.876887 0.750815 0.894137
2.088 -1.6754 0.876137 0.913217 0.933408
2.089 -1.67103 0.873921 0.794519 0.978901
2.09 -1.67362 0.875492 0.792481 0.886519
2.091 -1.67135 0.87492 0.741005 0.937217
2.092 -1.66819 0.869804 1.40447 0.961913
2.093 -1.66924 0.873221 0.818835 0.959458
2.094 -1.67012 0.874517 0.680166 0.926889
2.095 -1.66487 0.869128 1.09166 1.03401
2.096 -1.66578 0.872325 0.782287 0.942804
2.097 -1.66304 0.866939 1.19982 0.989707
2.098 -1.66284 0.868929 0.923112 0.935127
2.099 -1.66163 0.868294 0.994072 1.00328
2.1 -1.66299 0.868967 0.994508 0.956606
2.101 -1.66001 0.865747 1.34761 1.06695
2.102 -1.66137 0.868193 0.937189 0.958749
2.103 -1.66081 0.869431 0.818152 0.969871
2.104 -1.65648 0.864318 1.12214 0.989805
2.105 -1.65592 0.864328 1.09053 0.989284
2.106 -1.65707 0.865948 1.01256 0.945057
2.107 -1.65751 0.867438 0.885495 0.947386
2.108 -1.65172 0.862435 1.01857 1.02892
2.109 -1.65409 0.864443 0.922156 0.962175
2.11 -1.65211 0.863133 1.01012 0.989476
2.111 -1.65136 0.862222 1.13223 0.955977
2.112 -1.65098 0.862824 0.940713 0.992938
2.113 -1.64964 0.860402 1.21838 0.961682
2.114 -1.6504 0.862865 0.880532 0.939764
2.115 -1.6494 0.862766 0.847822 0.946691
2.116 -1.64744 0.861014 0.941349 0.992162
2.117 -1.64396 0.858196 1.07459 1.01276
2.118 -1.64252 0.85617 1.2046 1.02847
2.119 -1.64539 0.860559 0.996613 1.0301
2.12 -1.64303 0.857988 1.18457 1.05721
2.121 -1.64341 0.859084 1.2361 1.01787
2.122 -1.63924 0.85379 1.7858 1.10219
2.123 -1.6424 0.858489 0.951329 0.977921
2.124 -1.63754 0.854021 1.33883 1.05576
2.125 -1.63563 0.851478 1.51961 1.04625
2.126 -1.63509 0.853144 1.14297 1.01667
2.127 -1.63782 0.856008 1.05849 1.04558
2.128 -1.63405 0.852174 1.18295 1.06613
2.129 -1.63464 0.854296 1.03451 1.02627
2.13 -1.63297 0.851052 1.19181 1.05372
2.131 -1.63337 0.852878 1.1491 1.01662
2.132 -1.63026 0.850027 1.28216 1.00192
2.133 -1.62753 0.84823 1.2837 1.05743
2.134 -1.62947 0.8505 1.11766 1.0641
2.135 -1.62749 0.848101 1.40838 1.11319
2.136 -1.62265 0.843019 1.72051 1.12322
2.137 -1.61753 0.827124 4.8596 1.30298
2.138 -1.62286 0.845312 1.28683 1.04759
2.139 -1.62206 0.845091 1.26662 1.06853
2.14 -1.62213 0.84364 1.92994 1.19098
2.141 -1.6208 0.843063 1.35491 1.04594
2.142 -1.62052 0.844551 1.4068 1.1038
2.143 -1.61941 0.843546 1.44834 1.07719
2.144 -1.61585 0.840251 1.5662 1.16173
2.145 -1.61524 0.836944 2.50365 1.23837
2.146 -1.6133 0.837199 1.78362 1.18693
2.147 -1.61517 0.840869 1.26846 1.02886
2.148 -1.61375 0.83972 1.43958 1.11606
2.149 -1.60762 0.82913 2.97106 1.20184
2.15 -1.61083 0.837647 1.5835 1.18501
2.151 -1.609 0.836517 1.59736 1.13138
2.152 -1.60875 0.835471 1.7124 1.11527
2.153 -1.60472 0.830768 2.00411 1.1497
2.154 -1.60157 0.827111 2.53627 1.17455
2.155 -1.60415 0.832124 1.65743 1.12187
2.156 -1.60391 0.834379 1.49009 1.11622
2.157 -1.60113 0.828252 2.11053 1.14235
2.158 -1.59955 0.829003 1.74358 1.10813
2.159 -1.59548 0.817031 4.25468 1.23884
2.16 -1.59648 0.828171 1.5883 1.14875
2.161 -1.59646 0.824517 2.51136 1.13504
2.162 -1.596 0.828681 1.61172 1.11842
2.163 -1.59595 0.826524 2.06893 1.14922
2.164 -1.59497 0.826439 1.70802 1.10789
2.165 -1.59043 0.819995 2.56743 1.2045
2.166 -1.5892 0.821119 2.21227 1.27805
2.167 -1.59137 0.82523 1.60486 1.13917
2.168 -1.58984 0.822973 1.83557 1.15577
2.169 -1.58301 0.807822 6.58867 1.39862
2.17 -1.58475 0.814708 2.80228 1.23701
2.171 -1.58409 0.817416 2.28973 1.24385
2.172 -1.59076 0.82508 1.63189 1.10317
2.173 -1.58429 0.819899 1.94027 1.21387
2.174 -1.58469 0.819841 1.9097 1.13202
2.175 -1.58297 0.819612 1.92353 1.17959
2.176 -1.57544 0.809655 2.59973 1.20703
2.177 -1.57445 0.806493 3.74063 1.32544
2.178 -1.57967 0.816957 2.05371 1.21742
2.179 -1.57605 0.813212 2.21949 1.25054
2.18 -1.57086 0.805339 2.48392 1.24413
2.181 -1.57511 0.81488 1.90974 1.18873
2.182 -1.57455 0.81315 2.0325 1.23022
2.183 -1.5699 0.809468 2.12615 1.25556
2.184 -1.56943 0.801841 3.56702 1.32376
2.185 -1.56803 0.806818 2.38544 1.23304
2.186 -1.56275 0.797394 4.27138 1.38921
2.187 -1.56409 0.800547 2.8064 1.21633
2.188 -1.56519 0.802496 3.36567 1.27606
2.189 -1.56076 0.794134 5.23046 1.37906
2.19 -1.55789 0.790519 6.34858 1.52238
2.191 -1.56378 0.805058 2.36178 1.3518
2.192 -1.56005 0.800303 2.95189 1.32797
2.193 -1.54906 0.771262 13.6866 1.80608
2.194 -1.55094 0.78284 4.90404 1.41492
2.195 -1.55017 0.78634 3.85619 1.302
2.196 -1.551 0.780522 6.21384 1.34289
2.197 -1.5537 0.793648 2.60039 1.20161
2.198 -1.55145 0.793493 2.89055 1.42292
2.199 -1.54594 0.785347 3.14176 1.33838
2.2 -1.54671 0.785704 3.61569 1.33226
2.201 -1.54428 0.781286 7.20533 1.48729
2.202 -1.55361 0.797959 2.85004 1.3968
2.203 -1.54377 0.788389 2.5582 1.27363
2.204 -1.5387 0.776917 4.17578 1.35839
2.205 -1.54015 0.780288 4.2978 1.38079
2.206 -1.53997 0.781103 4.27701 1.50437
2.207 -1.5368 0.777751 4.28515 1.43634
2.208 -1.54005 0.78601 3.26948 1.29217
2.209 -1.53328 0.772893 5.01458 1.43972
2.21 -1.53072 0.767662 5.33869 1.67526
2.211 -1.5262 0.762085 5.41854 1.47274
2.212 -1.53419 0.779141 3.46623 1.42868
2.213 -1.52591 0.760519 6.84845 1.5418
2.214 -1.5282 0.766415 7.37473 1.51192
2.215 -1.53209 0.778134 3.63328 1.34927
2.216 -1.52768 0.77253 4.0458 1.52085
2.217 -1.51296 0.736654 10.9519 1.7601
2.218 -1.51901 0.7622 4.63677 1.4364
2.219 -1.51799 0.75544 7.44367 1.60981
2.22 -1.52272 0.766523 4.80672 1.43004
2.221 -1.51824 0.756528 7.46985 1.43825
2.222 -1.51381 0.752546 5.55384 1.56671
2.223 -1.51815 0.763922 5.11224 1.53856
2.224 -1.51264 0.751544 6.57968 1.49589
2.225 -1.49794 0.724301 8.33466 1.689
2.226 -1.49888 0.727057 10.4467 1.69117
2.227 -1.50889 0.749713 5.83649 1.52785
2.228 -1.51092 0.754693 6.2982 1.47452
2.229 -1.49833 0.726209 15.0226 1.84308
2.23 -1.49752 0.728404 9.22942 1.49927
2.231 -1.50355 0.739559 10.5191 1.73889
2.232 -1.48945 0.716958 9.24927 1.72233
2.233 -1.49235 0.717063 16.6567 1.74287
2.234 -1.49333 0.724569 10.0301 1.6827
2.235 -1.49032 0.71571 19.8065 2.10893
2.236 -1.48772 0.718672 13.0151 1.96718
2.237 -1.47476 0.653287 54.4159 2.77999
2.238 -1.47264 0.681068 15.585 1.84975
2.239 -1.48195 0.711348 8.98359 1.64603
2.24 -1.48022 0.691342 21.6631 1.88229
2.241 -1.46567 0.643007 43.6003 2.43665
2.242 -1.47497 0.698434 16.5144 2.11384
2.243 -1.48336 0.722746 8.11724 1.70912
2.244 -1.47507 0.685223 30.5041 2.00126
2.245 -1.46855 0.683798 21.7407 1.89906
2.246 -1.47171 0.694801 18.0957 1.86621
2.247 -1.47209 0.709057 7.36026 1.51115
2.248 -1.47422 0.715802 8.32159 1.69484
2.249 -1.45996 0.67098 16.0248 1.82603
2.25 -1.47624 0.720775 6.67195 1.52987
2.251 -1.47031 0.705956 11.3053 1.77793
2.252 -1.46358 0.692035 12.4158 1.87311
2.253 -1.45478 0.673277 16.4517 1.88905
2.254 -1.46474 0.691646 17.2796 1.80643
2.255 -1.4565 0.683055 14.1339 1.66678
2.256 -1.45124 0.641324 42.9143 2.04985
2.257 -1.43035 0.588061 40.7857 2.2594
2.258 -1.44095 0.632318 22.0391 2.03846
2.259 -1.42167 0.547612 58.7288 2.0211
2.26 -1.43678 0.595684 48.9395 2.12689
2.261 -1.43869 0.588315 74.2386 2.57315
2.262 -1.45633 0.692368 14.1913 1.70106
2.263 -1.45228 0.691917 8.36778 1.63781
2.264 -1.43579 0.62624 40.1091 2.36377
2.265 -1.43664 0.63138 30.3682 2.22344
2.266 -1.42581 0.60484 44.5887 2.09843
2.267 -1.43379 0.623097 46.7817 2.09017
2.268 -1.43431 0.657896 13.2283 1.69118
2.269 -1.43307 0.634706 26.4003 1.78306
2.27 -1.42114 0.568027 61.8897 2.49661
2.271 -1.42839 0.628439 23.8687 1.95203
2.272 -1.42288 0.626725 20.9613 1.95498
2.273 -1.41604 0.607586 23.9582 1.87129
2.274 -1.42227 0.633753 19.2786 2.03703
2.275 -1.40924 0.560893 66.6119 2.26353
2.276 -1.39433 0.520316 47.2047 2.05874
2.277 -1.39494 0.526319 51.6732 2.1964
2.278 -1.40689 0.536639 78.5298 2.31376
2.279 -1.40543 0.55553 51.2875 2.20361
2.28 -1.37628 0.403934 82.0774 2.07216
2.281 -1.38811 0.489484 60.574 2.24017
2.282 -1.3996 0.552353 57.4755 2.34993
2.283 -1.40335 0.572012 40.2212 2.26608
2.284 -1.39119 0.51016 75.9467 2.35941
2.285 -1.38235 0.444369 94.8451 2.30165
2.286 -1.40088 0.563973 65.0279 2.35385
2.287 -1.38823 0.518502 65.7852 2.35574
2.288 -1.38349 0.498687 63.1007 2.08254
2.289 -1.38246 0.483188 63.7958 1.96171
2.29 -1.37612 0.513998 33.4615 1.81698
2.291 -1.37753 0.494805 62.4415 2.11107
2.292 -1.37223 0.477802 60.9974 2.52325
2.293 -1.37022 0.454938 61.3663 1.80915
2.294 -1.37619 0.527974 36.2263 1.95535
2.295 -1.363 0.453534 58.4093 2.25869
2.296 -1.36361 0.471914 38.866 1.9689
2.297 -1.35422 0.418038 58.1397 2.10679
2.298 -1.36442 0.462979 70.5614 2.26311
2.299 -1.3775 0.550445 33.9242 2.15429
2.3 -1.33906 0.371121 38.5993 1.66336
2.301 -1.33407 0.293711 74.0894 1.80633
2.302 -1.35694 0.46332 62.7476 2.49892
2.303 -1.35465 0.467113 57.7414 2.05216
2.304 -1.35594 0.481822 49.8264 1.96338
2.305 -1.36391 0.499811 47.1274 2.02062
2.306 -1.35363 0.458037 71.3053 2.36867
2.307 -1.34955 0.449635 45.6468 1.84217
2.308 -1.32954 0.358611 50.5647 1.65912
2.309 -1.33237 0.371584 45.5512 1.56331
2.31 -1.34236 0.378594 79.6945 1.91358
2.311 -1.34046 0.433031 52.2938 2.10697
2.312 -1.32433 0.319805 73.3828 1.9399
2.313 -1.32241 0.303733 68.1253 2.02872
2.314 -1.32131 0.335822 66.2424 2.06479
2.315 -1.33716 0.434954 49.0539 1.7697
2.316 -1.31556 0.319527 51.1317 1.50852
2.317 -1.33277 0.426989 56.0046 1.86961
2.318 -1.32014 0.30856 72.3389 2.0425
2.319 -1.3219 0.344543 64.1279 2.07359
2.32 -1.31059 0.321135 57.3645 1.75607
2.321 -1.31465 0.34489 64.2639 1.9973
2.322 -1.3135 0.35467 57.7707 1.76831
2.323 -1.31452 0.345119 62.2931 1.92182
2.324 -1.30741 0.307435 58.1302 1.61588
2.325 -1.29385 0.218174 33.9348 1.4261
2.326 -1.30123 0.2959 55.2973 1.89873
2.327 -1.30973 0.360765 56.1123 1.9507
2.328 -1.30291 0.351437 40.3433 1.53565
2.329 -1.30735 0.326547 61.4691 1.67019
2.33 -1.29751 0.294902 54.0352 1.54235
2.331 -1.2879 0.241736 32.5005 1.22888
2.332 -1.29157 0.251009 48.1292 1.64373
2.333 -1.29004 0.301856 37.8868 1.3268
2.334 -1.29396 0.316745 57.0023 1.67806
2.335 -1.3038 0.376677 59.191 1.84786
2.336 -1.29383 0.312692 47.1487 1.4762
2.337 -1.28969 0.309041 46.3574 1.5338
2.338 -1.291 0.288897 47.9409 1.79986
2.339 -1.27481 0.221791 38.1519 1.35
2.34 -1.28595 0.299036 55.2215 1.75899
2.341 -1.2748 0.225912 35.5813 1.4464
2.342 -1.27622 0.225085 32.0166 1.47804
2.343 -1.27179 0.232747 43.4078 1.53066
2.344 -1.27473 0.268065 34.751 1.3939
2.345 -1.28105 0.294178 53.5382 1.67074
2.346 -1.2782 0.294097 43.0762 1.47967
2.347 -1.27643 0.322661 42.3397 1.60698
2.348 -1.2725 0.273889 49.498 1.52756
2.349 -1.2639 0.261212 38.4015 1.43825
2.35 -1.25617 0.207767 29.2121 1.21458
2.351 -1.26015 0.194175 31.4041 1.36297
2.352 -1.25766 0.1972 25.9435 1.28943
2.353 -1.27116 0.305089 45.8328 1.56009
2.354 -1.25514 0.222588 45.5557 1.3702
2.355 -1.25453 0.220378 25.6967 1.17059
2.356 -1.26179 0.230619 36.2507 1.36678
2.357 -1.25532 0.197585 32.1776 1.30261
2.358 -1.25878 0.223639 38.2596 1.31507
2.359 -1.26286 0.300092 39.3387 1.40916
2.36 -1.25671 0.209246 33.3329 1.49109
2.361 -1.25634 0.237351 32.917 1.37859
2.362 -1.25452 0.249127 36.3577 1.2372
2.363 -1.24895 0.245439 36.9237 1.43426
2.364 -1.24689 0.226507 31.6205 1.2791
2.365 -1.25292 0.256216 32.0585 1.43968
2.366 -1.24489 0.179149 27.2701 1.29233
2.367 -1.24391 0.220214 36.6842 1.29011
2.368 -1.2437 0.207062 28.2292 1.17658
2.369 -1.24244 0.208021 29.3696 1.20259
2.37 -1.24559 0.225688 32.5954 1.19432
2.371 -1.23857 0.227012 35.7741 1.39277
2.372 -1.23501 0.206068 28.2391 1.21076
2.373 -1.23267 0.184838 27.288 1.3131
2.374 -1.23417 0.171704 24.999 1.18343
2.375 -1.23839 0.218156 37.4961 1.38205
2.376 -1.23155 0.194505 26.0452 1.24325
2.377 -1.22445 0.149984 18.6572 1.14615
2.378 -1.2284 0.184685 20.4992 1.16364
2.379 -1.22869 0.191834 26.7759 1.19568
2.38 -1.22949 0.199001 30.1312 1.16052
2.381 -1.2322 0.209101 35.4956 1.31361
2.382 -1.22176 0.189462 26.6723 1.1826
2.383 -1.21941 0.191319 20.8965 1.11188
2.384 -1.22763 0.181777 24.7873 1.2663
2.385 -1.22316 0.197178 30.0937 1.28768
2.386 -1.2248 0.20173 28.2191 1.23551
2.387 -1.21648 0.145152 18.0992 1.08956
2.388 -1.22044 0.190796 30.4062 1.29092
2.389 -1.21759 0.168825 24.8155 1.10277
2.39 -1.22204 0.218298 28.5321 1.32418
2.391 -1.21652 0.195621 26.2729 1.18001
2.392 -1.21433 0.1633 23.116 1.30622
2.393 -1.21188 0.184668 24.1159 1.16088
2.394 -1.21183 0.172758 25.9506 1.05602
2.395 -1.21425 0.228956 25.0447 1.16687
2.396 -1.21112 0.178589 22.5385 1.106
2.397 -1.20892 0.195438 23.5728 1.13646
2.398 -1.2133 0.210491 27.0804 1.25125
2.399 -1.21022 0.204116 21.673 1.14671
