2 -1.7484 0.91288 0.380514 0.709169
2.001 -1.74622 0.911721 0.38089 0.736539
2.002 -1.74466 0.91088 0.349805 0.680678
2.003 -1.74319 0.910137 0.412674 0.730639
2.004 -1.74392 0.910573 0.408961 0.740289
2.005 -1.74127 0.909244 0.412415 0.751225
2.006 -1.7408 0.909007 0.398901 0.723085
2.007 -1.74052 0.909166 0.408694 0.750887
2.008 -1.73927 0.908244 0.433624 0.717716
2.009 -1.74049 0.909795 0.356342 0.723607
2.01 -1.73559 0.9061 0.482412 0.763111
2.011 -1.73749 0.908338 0.386266 0.731356
2.012 -1.73837 0.908708 0.402183 0.752135
2.013 -1.73732 0.908132 0.351497 0.697505
2.014 -1.73471 0.906354 0.43548 0.779622
2.015 -1.73563 0.906839 0.41765 0.75141
2.016 -1.73471 0.906495 0.408871 0.747131
2.017 -1.73204 0.905652 0.383584 0.736517
2.018 -1.73282 0.905245 0.450915 0.748377
2.019 -1.7313 0.905079 0.412072 0.769919
2.02 -1.73232 0.905193 0.421084 0.738244
2.021 -1.72861 0.902902 0.449197 0.739069
2.022 -1.72902 0.902965 0.47715 0.75531
2.023 -1.72643 0.90216 0.461678 0.783517
2.024 -1.72736 0.903621 0.432679 0.784796
2.025 -1.72479 0.90194 0.420039 0.745555
2.026 -1.72501 0.901531 0.507424 0.791293
2.027 -1.72346 0.899961 0.58247 0.817645
2.028 -1.72476 0.901467 0.502191 0.788489
2.029 -1.72268 0.899796 0.571243 0.796529
2.03 -1.7243 0.902212 0.428988 0.780071
2.031 -1.72313 0.900921 0.452754 0.753765
2.032 -1.72177 0.900175 0.495149 0.810508
2.033 -1.7219 0.899643 0.533465 0.786156
2.034 -1.72062 0.900328 0.438954 0.755203
2.035 -1.71837 0.897698 0.586676 0.820221
2.036 -1.71884 0.89918 0.466274 0.765273
2.037 -1.71654 0.89808 0.509656 0.830026
2.038 -1.71489 0.895677 0.636949 0.802835
2.039 -1.71554 0.897497 0.496764 0.821233
2.04 -1.71532 0.897202 0.549022 0.810848
2.041 -1.71259 0.894019 0.609315 0.796695
2.042 -1.71127 0.895103 0.504299 0.800471
2.043 -1.7134 0.895803 0.613535 0.843582
2.044 -1.71291 0.896307 0.513748 0.799661
2.045 -1.7104 0.894456 0.503341 0.80212
2.046 -1.71057 0.895659 0.422811 0.756761
2.047 -1.7121 0.896032 0.510729 0.834234
2.048 -1.70749 0.892138 0.628444 0.836326
2.049 -1.7071 0.892266 0.780272 0.883824
2.05 -1.70547 0.891751 0.648445 0.845801
2.051 -1.70694 0.892638 0.594791 0.830556
2.052 -1.7046 0.890347 0.653929 0.880269
2.053 -1.70183 0.889725 0.623252 0.829124
2.054 -1.70294 0.889651 0.734665 0.869248
2.055 -1.70295 0.891333 0.527206 0.841527
2.056 -1.70004 0.890143 0.601218 0.849894
2.057 -1.70074 0.890399 0.519149 0.810663
2.058 -1.70037 0.890172 0.550728 0.839342
2.059 -1.70075 0.890181 0.567976 0.851212
2.06 -1.70075 0.890702 0.512756 0.83422
2.061 -1.69802 0.888086 0.68381 0.856247
2.062 -1.69631 0.887625 0.603189 0.849563
2.063 -1.69858 0.889865 0.510132 0.802559
2.064 -1.69716 0.888481 0.541985 0.831988
2.065 -1.69048 0.882893 0.771538 0.903809
2.066 -1.69463 0.886536 0.597068 0.850927
2.067 -1.69261 0.885404 0.648755 0.86066
2.068 -1.69357 0.886245 0.680806 0.857455
2.069 -1.69274 0.885147 0.793905 0.905781
2.07 -1.68801 0.883299 0.650791 0.870435
2.071 -1.69074 0.885407 0.588862 0.825829
2.072 -1.6847 0.88122 0.688548 0.922182
2.073 -1.68787 0.882251 0.74207 0.874709
2.074 -1.68488 0.880694 0.734386 0.871157
2.075 -1.68637 0.882927 0.728138 0.865035
2.076 -1.68173 0.87961 0.686795 0.90577
2.077 -1.68308 0.880461 0.793207 0.923187
2.078 -1.68067 0.877887 0.874341 0.972423
2.079 -1.68192 0.878819 0.819722 0.860888
2.08 -1.68067 0.877302 0.91743 0.899788
2.081 -1.67865 0.87753 0.745222 0.89014
2.082 -1.68018 0.879109 0.736455 0.914927
2.083 -1.67987 0.87963 0.716426 0.912195
2.084 -1.67877 0.879126 0.680373 0.893708
2.085 -1.67631 0.877722 0.689735 0.898789
2.086 -1.67498 0.876052 0.8106 0.9182
2.087 -1.67801 0.877931 0.710585 0.88428
2.088 -1.67433 0.876309 0.607482 0.816373
2.089 -1.6712 0.87454 0.793265 0.943875
2.09 -1.66972 0.874187 0.692378 0.909093
2.091 -1.67221 0.87351 0.973462 0.867534
2.092 -1.66938 0.872404 0.886472 0.924993
2.093 -1.66786 0.871845 0.857028 0.956285
2.094 -1.66964 0.8747 0.704477 0.874455
2.095 -1.66582 0.871872 0.752717 0.906004
2.096 -1.66487 0.871121 0.830948 0.945946
2.097 -1.66497 0.8705 1.07548 1.0045
2.098 -1.66391 0.869917 0.84192 0.962232
2.099 -1.66379 0.870898 0.760386 0.917696
2.1 -1.66171 0.868327 1.06203 0.992211
2.101 -1.66369 0.870078 0.959845 1.01252
2.102 -1.65691 0.861838 1.55807 1.04183
2.103 -1.66055 0.868813 0.894047 0.959312
2.104 -1.65962 0.869842 0.719023 0.900795
2.105 -1.65548 0.86496 0.894861 0.975846
2.106 -1.65745 0.867754 0.802799 0.954301
2.107 -1.65197 0.862179 1.10088 1.00993
2.108 -1.65278 0.863611 0.90443 1.00416
2.109 -1.65172 0.862168 1.14629 1.02431
2.11 -1.64664 0.858085 1.08424 0.998472
2.111 -1.65031 0.859641 1.25251 1.0015
2.112 -1.65047 0.863913 0.779951 0.883898
2.113 -1.64984 0.862691 0.866069 0.922614
2.114 -1.64681 0.859556 1.08589 0.993042
2.115 -1.6493 0.86234 0.949466 0.988786
2.116 -1.64522 0.859165 1.06072 1.04189
2.117 -1.64394 0.85883 1.04609 1.04284
2.118 -1.63596 0.849354 1.32761 1.03054
2.119 -1.64285 0.857718 1.03585 1.00303
2.12 -1.64266 0.857933 1.09287 1.02404
2.121 -1.64018 0.854775 1.32464 1.04321
2.122 -1.64101 0.857131 1.01691 1.00636
2.123 -1.63236 0.836013 4.79642 1.22127
2.124 -1.64215 0.858573 1.02965 0.972106
2.125 -1.63745 0.854744 1.13755 1.0398
2.126 -1.6387 0.855255 1.08836 0.979386
2.127 -1.63427 0.852004 1.19309 1.02338
2.128 -1.63516 0.853824 1.19366 1.13032
2.129 -1.63549 0.852072 1.26975 1.01433
2.13 -1.62758 0.837163 5.09966 1.28174
2.131 -1.63178 0.849573 1.26261 1.02247
2.132 -1.634 0.853047 1.19823 1.05337
2.133 -1.62541 0.842659 2.00242 1.13372
2.134 -1.62389 0.845718 1.36949 1.12526
2.135 -1.63024 0.852414 1.05227 1.07335
2.136 -1.62132 0.839466 2.22262 1.18542
2.137 -1.62864 0.851054 1.08258 1.0466
2.138 -1.62352 0.842081 1.6577 1.08806
2.139 -1.62487 0.847109 1.34235 1.022
2.14 -1.62396 0.847927 1.0912 1.03556
2.141 -1.61212 0.827638 3.27901 1.13501
2.142 -1.61795 0.842417 1.35884 1.06841
2.143 -1.62134 0.843749 1.59666 1.07485
2.144 -1.61276 0.833034 2.252 1.20875
2.145 -1.61325 0.837714 1.51008 1.08933
2.146 -1.60692 0.827443 2.64423 1.26259
2.147 -1.61208 0.838077 1.53746 1.12639
2.148 -1.61317 0.838426 2.03504 1.10617
2.149 -1.61207 0.83397 2.86448 1.19853
2.15 -1.61263 0.83721 1.52478 1.12187
2.151 -1.6076 0.836168 1.44077 1.09969
2.152 -1.60746 0.834711 1.69921 1.10711
2.153 -1.60861 0.83815 1.24563 1.07804
2.154 -1.60794 0.836348 1.55005 1.12723
2.155 -1.60827 0.835995 1.45249 1.12476
2.156 -1.60353 0.833635 1.38445 1.07153
2.157 -1.60045 0.824791 2.80673 1.22593
2.158 -1.59255 0.820528 2.24219 1.25128
2.159 -1.59355 0.820444 2.47989 1.23419
2.16 -1.59609 0.826179 1.77325 1.15801
2.161 -1.59642 0.82788 1.65897 1.12322
2.162 -1.59834 0.830621 1.5409 1.16155
2.163 -1.593 0.821582 2.55616 1.35199
2.164 -1.59509 0.828497 1.38289 1.08811
2.165 -1.58914 0.819343 2.37161 1.24341
2.166 -1.59055 0.818884 3.22214 1.26206
2.167 -1.58796 0.820372 2.5459 1.3694
2.168 -1.59159 0.825185 1.79094 1.19377
2.169 -1.58472 0.816111 2.41148 1.22037
2.17 -1.58338 0.808178 4.2849 1.34496
2.171 -1.58947 0.825048 1.59308 1.1549
2.172 -1.57978 0.812157 2.50008 1.18889
2.173 -1.58292 0.81806 1.75028 1.15796
2.174 -1.57589 0.809869 2.44447 1.20841
2.175 -1.58009 0.813651 2.3034 1.15054
2.176 -1.5811 0.815668 2.14733 1.1867
2.177 -1.57591 0.810976 2.72383 1.23003
2.178 -1.57663 0.813688 1.9206 1.20013
2.179 -1.56937 0.802889 3.4527 1.40031
2.18 -1.57165 0.805534 2.77531 1.29326
2.181 -1.57726 0.815756 2.02549 1.2376
2.182 -1.57346 0.813439 1.98785 1.22501
2.183 -1.57069 0.809091 2.06699 1.19612
2.184 -1.57092 0.812198 1.62798 1.15277
2.185 -1.56118 0.794681 3.86253 1.35805
2.186 -1.56477 0.802022 2.65382 1.17753
2.187 -1.56753 0.809536 1.80223 1.17981
2.188 -1.55474 0.785211 4.86565 1.54599
2.189 -1.5627 0.802515 2.22275 1.1747
2.19 -1.56102 0.799981 2.53482 1.25332
2.191 -1.55679 0.785569 6.67604 1.4898
2.192 -1.55885 0.799134 2.71934 1.31223
2.193 -1.55317 0.787476 4.90826 1.35453
2.194 -1.54646 0.773958 7.86763 1.59569
2.195 -1.54512 0.778479 4.76414 1.50543
2.196 -1.55154 0.791386 3.13491 1.36031
2.197 -1.55366 0.795631 3.28304 1.30332
2.198 -1.5525 0.795544 2.47139 1.21138
2.199 -1.55322 0.798287 2.33661 1.25369
2.2 -1.54477 0.784506 3.33075 1.32702
2.201 -1.54793 0.789693 2.85165 1.30389
2.202 -1.54414 0.784705 4.34454 1.34505
2.203 -1.54675 0.784478 4.44792 1.45133
2.204 -1.52882 0.740777 17.7899 1.65604
2.205 -1.54381 0.78783 2.71342 1.34148
2.206 -1.54445 0.790471 2.8188 1.35274
2.207 -1.53649 0.780039 3.46621 1.39812
2.208 -1.53562 0.779188 3.10046 1.30997
2.209 -1.54042 0.787079 3.2698 1.38518
2.21 -1.53272 0.778974 3.16404 1.36709
2.211 -1.52785 0.768913 4.79019 1.48717
2.212 -1.53996 0.789506 2.04423 1.18658
2.213 -1.52731 0.766195 5.43011 1.37643
2.214 -1.52256 0.758348 5.38647 1.4742
2.215 -1.52603 0.769682 5.24654 1.61346
2.216 -1.52768 0.772329 4.43747 1.41606
2.217 -1.51995 0.755784 6.21018 1.57223
2.218 -1.52052 0.764677 4.02758 1.47893
2.219 -1.51289 0.727863 16.946 1.77126
2.22 -1.52504 0.77147 3.62258 1.38805
2.221 -1.51901 0.766683 3.93633 1.3799
2.222 -1.52108 0.768032 5.19662 1.45934
2.223 -1.50248 0.733522 7.24355 1.59853
2.224 -1.51619 0.755705 6.64907 1.5496
2.225 -1.51007 0.753357 5.83603 1.62312
2.226 -1.51251 0.762861 3.29548 1.46042
2.227 -1.50783 0.74732 6.15884 1.47595
2.228 -1.51007 0.750572 7.90221 1.44953
2.229 -1.50266 0.732552 7.18866 1.54055
2.23 -1.50818 0.756315 3.67156 1.32382
2.231 -1.49862 0.729799 12.2117 1.78521
2.232 -1.50308 0.750094 4.5013 1.43568
2.233 -1.49662 0.710586 22.3172 1.91023
2.234 -1.51018 0.762343 6.4369 1.47725
2.235 -1.47788 0.670829 26.9039 2.12903
2.236 -1.49034 0.724237 9.0565 1.64256
2.237 -1.4859 0.731263 5.48769 1.52165
2.238 -1.476 0.69295 14.1649 1.76138
2.239 -1.4939 0.735386 6.18423 1.44333
2.24 -1.49524 0.750562 3.85188 1.35005
2.241 -1.48523 0.728669 6.02112 1.64418
2.242 -1.45023 0.599257 39.8999 2.49448
2.243 -1.45681 0.643993 23.1741 2.02211
2.244 -1.47768 0.71292 8.30698 1.65206
2.245 -1.47815 0.718684 7.63464 1.68627
2.246 -1.48839 0.740786 4.22916 1.36816
2.247 -1.48741 0.735711 5.40068 1.52974
2.248 -1.44372 0.638143 16.9351 1.87692
2.249 -1.45693 0.645714 29.5215 2.29474
2.25 -1.46601 0.673242 24.517 1.75404
2.251 -1.45023 0.645096 26.1256 2.18617
2.252 -1.45789 0.670797 14.4771 1.79172
2.253 -1.44962 0.65338 21.1645 2.02449
2.254 -1.43974 0.600178 39.5866 2.21625
2.255 -1.45126 0.650754 22.01 1.78016
2.256 -1.44824 0.639153 28.8948 1.99909
2.257 -1.44818 0.646046 23.7908 1.99742
2.258 -1.44278 0.653064 17.636 1.89724
2.259 -1.42538 0.580849 35.9277 2.17403
2.26 -1.46483 0.707538 9.63041 1.65554
2.261 -1.44423 0.670279 11.5289 1.83244
2.262 -1.45035 0.674127 16.302 1.91001
2.263 -1.43899 0.654578 13.3892 1.90732
2.264 -1.44107 0.656907 15.4045 1.82568
2.265 -1.43501 0.643261 21.0773 1.9299
2.266 -1.42944 0.632426 24.0638 2.27012
2.267 -1.43277 0.650631 12.6797 1.92862
2.268 -1.4263 0.616752 23.3707 2.04881
2.269 -1.43602 0.640391 26.952 1.90818
2.27 -1.43103 0.648203 16.634 1.90239
2.271 -1.43496 0.648137 18.0686 1.85167
2.272 -1.42994 0.666765 11.8744 1.717
2.273 -1.40789 0.564901 31.7565 2.34296
2.274 -1.4262 0.656826 13.195 1.71957
2.275 -1.41105 0.600874 24.4349 2.23493
2.276 -1.42143 0.635522 19.2513 1.75716
2.277 -1.40877 0.60893 17.0803 1.87886
2.278 -1.41614 0.646574 10.1202 1.75462
2.279 -1.40849 0.59592 27.5584 2.23163
2.28 -1.42121 0.643247 16.1446 1.88189
2.281 -1.41646 0.63116 15.5259 1.80228
2.282 -1.39959 0.595081 19.222 1.92213
2.283 -1.39762 0.57039 28.2271 2.06623
2.284 -1.40144 0.593735 26.0431 2.10893
2.285 -1.3774 0.503128 35.5312 1.9813
2.286 -1.39842 0.583529 25.963 2.11553
2.287 -1.39099 0.542762 35.8406 2.17852
2.288 -1.38142 0.537686 32.3651 2.07246
2.289 -1.38714 0.556242 27.9378 1.7436
2.29 -1.38796 0.575133 25.1473 1.95055
2.291 -1.39805 0.611568 19.248 1.88367
2.292 -1.37765 0.561074 18.2237 1.78882
2.293 -1.39113 0.589333 21.8986 1.67542
2.294 -1.40057 0.629065 13.3203 1.92059
2.295 -1.39953 0.626028 16.2404 1.95931
2.296 -1.38532 0.553478 30.8839 2.03643
2.297 -1.37217 0.539968 23.6467 2.03413
2.298 -1.38164 0.577511 22.644 1.93621
2.299 -1.36691 0.544217 27.2889 2.22336
2.3 -1.36658 0.532761 30.3719 2.18962
2.301 -1.37171 0.567346 19.07 1.7067
2.302 -1.36182 0.539214 15.6754 1.68954
2.303 -1.37401 0.54832 28.2959 1.82614
2.304 -1.35179 0.477985 35.9341 2.04589
2.305 -1.36273 0.53292 28.9995 2.06736
2.306 -1.35297 0.498854 34.6428 2.12102
2.307 -1.34875 0.474389 35.0543 1.99724
2.308 -1.34831 0.497716 25.844 1.93655
2.309 -1.36397 0.528389 29.7793 1.78586
2.31 -1.36338 0.542364 25.2278 1.8067
2.311 -1.3684 0.563208 21.168 1.87771
2.312 -1.34119 0.473345 32.4365 1.90822
2.313 -1.33667 0.480484 25.0836 1.73504
2.314 -1.33877 0.477671 27.8499 1.93421
2.315 -1.34182 0.491284 27.8909 1.91541
2.316 -1.31875 0.391947 40.5095 2.02445
2.317 -1.33388 0.447663 34.3717 1.98756
2.318 -1.32958 0.437164 32.1793 1.96412
2.319 -1.30754 0.384885 31.4692 1.71196
2.32 -1.33308 0.498316 23.5388 1.83561
2.321 -1.34722 0.511598 30.8114 1.84607
2.322 -1.31979 0.456168 26.8807 1.80044
2.323 -1.32384 0.447608 30.7497 1.85305
2.324 -1.33705 0.499653 29.7864 1.874
2.325 -1.31678 0.42223 32.4005 1.9136
2.326 -1.32571 0.469281 29.6368 2.02827
2.327 -1.31171 0.399751 31.7715 1.62523
2.328 -1.31185 0.427244 29.4006 1.65823
2.329 -1.30071 0.358338 35.4816 1.80904
2.33 -1.28666 0.325585 32.6605 1.82516
2.331 -1.31472 0.435627 32.4337 2.01551
2.332 -1.31349 0.438329 28.4192 1.80135
2.333 -1.30734 0.417247 29.4582 1.73495
2.334 -1.3143 0.452245 29.0325 2.02681
2.335 -1.29061 0.361339 28.7075 1.53607
2.336 -1.30355 0.409908 35.5679 2.06591
2.337 -1.30956 0.450014 24.4644 1.59337
2.338 -1.30873 0.441168 23.5811 1.47431
2.339 -1.30533 0.423068 27.537 1.49913
2.34 -1.2879 0.370208 28.3558 1.56842
2.341 -1.30031 0.438607 23.6058 1.5334
2.342 -1.30335 0.436152 26.7002 1.74091
2.343 -1.28805 0.379391 26.711 1.53081
2.344 -1.28412 0.378634 27.7725 1.66982
2.345 -1.29488 0.44785 23.418 1.68247
2.346 -1.26954 0.31492 26.9026 1.49149
2.347 -1.27725 0.368012 26.3221 1.72873
2.348 -1.27093 0.329061 26.8501 1.3908
2.349 -1.27567 0.34601 26.9412 1.55314
2.35 -1.27252 0.3686 26.6303 1.68389
2.351 -1.26768 0.307319 28.3372 1.49547
2.352 -1.27632 0.356634 22.5687 1.43357
2.353 -1.2777 0.363593 28.8974 1.56016
2.354 -1.26147 0.298544 28.0918 1.49127
2.355 -1.2577 0.292608 27.4832 1.42381
2.356 -1.26045 0.314693 24.3239 1.4208
2.357 -1.25014 0.264874 22.8754 1.26585
2.358 -1.2619 0.344374 24.1363 1.56054
2.359 -1.26748 0.367653 24.6507 1.53652
2.36 -1.2543 0.291089 23.4452 1.57331
2.361 -1.26081 0.338096 25.5801 1.47268
2.362 -1.2572 0.328318 22.1279 1.29444
2.363 -1.26173 0.338236 26.4379 1.45437
2.364 -1.23876 0.241759 16.8404 1.10677
2.365 -1.25577 0.324214 25.969 1.40126
2.366 -1.24396 0.294778 23.3756 1.3921
2.367 -1.24921 0.300159 26.8844 1.46304
2.368 -1.24762 0.312428 20.0846 1.25175
2.369 -1.24914 0.335413 26.38 1.54601
2.37 -1.24815 0.319374 23.8205 1.33843
2.371 -1.23914 0.293518 21.9962 1.33678
2.372 -1.24431 0.28069 25.104 1.41761
2.373 -1.23689 0.289765 20.7558 1.44807
2.374 -1.23194 0.281955 19.8201 1.27306
2.375 -1.23789 0.291347 19.5151 1.26303
2.376 -1.23734 0.264286 20.4533 1.28252
2.377 -1.2375 0.28472 23.6634 1.31435
2.378 -1.2415 0.343792 24.8903 1.4363
2.379 -1.23842 0.314252 19.8231 1.35938
2.38 -1.22953 0.277474 20.7267 1.33206
2.381 -1.22527 0.26535 21.5077 1.18865
2.382 -1.24079 0.322061 24.0998 1.43258
2.383 -1.22578 0.246432 19.2721 1.12788
2.384 -1.22194 0.248615 19.9709 1.2677
2.385 -1.22745 0.271396 21.3764 1.29309
2.386 -1.23206 0.29851 23.3102 1.38797
2.387 -1.21456 0.216441 18.2648 1.18732
2.388 -1.23201 0.299519 26.9907 1.59121
2.389 -1.22222 0.242999 19.7546 1.1658
2.39 -1.23286 0.312242 24.1609 1.4545
2.391 -1.21361 0.250922 21.3226 1.22419
2.392 -1.21365 0.242923 16.2174 1.0972
2.393 -1.23077 0.31457 23.2434 1.45391
2.394 -1.21151 0.25912 17.0461 1.18423
2.395 -1.20743 0.231129 18.3546 1.16948
2.396 -1.21318 0.272955 19.8209 1.33037
2.397 -1.20279 0.228643 17.2635 1.15322
2.398 -1.20211 0.233886 15.9494 1.11486
2.399 -1.19943 0.218124 16.4798 1.18594
