2 -1.74572 0.911517 0.352634 0.690753
2.001 -1.7441 0.91008 0.435 0.750922
2.002 -1.74466 0.911391 0.355054 0.709452
2.003 -1.74295 0.909948 0.398131 0.720539
2.004 -1.74346 0.910341 0.374344 0.70651
2.005 -1.74207 0.909787 0.410445 0.741988
2.006 -1.74176 0.90975 0.385494 0.731984
2.007 -1.7394 0.908309 0.432823 0.783432
2.008 -1.73947 0.908578 0.385723 0.728668
2.009 -1.73912 0.908258 0.452077 0.752184
2.01 -1.73853 0.908525 0.401066 0.74828
2.011 -1.73817 0.908109 0.425386 0.764198
2.012 -1.73596 0.906606 0.423075 0.729101
2.013 -1.73637 0.907484 0.416987 0.788814
2.014 -1.73515 0.906426 0.422534 0.74107
2.015 -1.73495 0.906803 0.412266 0.757455
2.016 -1.73327 0.905597 0.411447 0.744162
2.017 -1.73397 0.906479 0.404879 0.749196
2.018 -1.73256 0.90551 0.42983 0.767531
2.019 -1.73107 0.904797 0.438527 0.795048
2.02 -1.73093 0.904188 0.55032 0.754306
2.021 -1.73112 0.90474 0.456935 0.775393
2.022 -1.72924 0.903755 0.4572 0.773797
2.023 -1.72868 0.902951 0.476445 0.748695
2.024 -1.72746 0.902866 0.439885 0.778207
2.025 -1.7266 0.902854 0.430539 0.76595
2.026 -1.72582 0.902353 0.453297 0.777614
2.027 -1.72529 0.902017 0.444309 0.774706
2.028 -1.72408 0.901122 0.481752 0.78861
2.029 -1.72454 0.901566 0.480716 0.798505
2.03 -1.72245 0.900215 0.477238 0.766974
2.031 -1.72235 0.900384 0.501357 0.785298
2.032 -1.72145 0.900256 0.499205 0.84614
2.033 -1.72119 0.900172 0.479517 0.762249
2.034 -1.72017 0.899244 0.500081 0.796333
2.035 -1.71875 0.898486 0.523711 0.827594
2.036 -1.71772 0.897617 0.513709 0.801569
2.037 -1.71837 0.899101 0.44315 0.771786
2.038 -1.71651 0.897813 0.491646 0.797137
2.039 -1.71576 0.897383 0.518933 0.802004
2.04 -1.71497 0.897035 0.495617 0.786263
2.041 -1.71481 0.896918 0.511137 0.791914
2.042 -1.7128 0.895671 0.567589 0.834056
2.043 -1.71183 0.895248 0.544032 0.793255
2.044 -1.7101 0.894124 0.580857 0.822121
2.045 -1.71062 0.894649 0.546339 0.808181
2.046 -1.71005 0.894065 0.597027 0.853548
2.047 -1.71004 0.894187 0.585283 0.828397
2.048 -1.70839 0.893415 0.553818 0.796924
2.049 -1.70764 0.892723 0.606027 0.832952
2.05 -1.70608 0.892449 0.573853 0.823893
2.051 -1.70588 0.891825 0.604665 0.806706
2.052 -1.70591 0.892501 0.580437 0.845948
2.053 -1.70309 0.890402 0.709261 0.907791
2.054 -1.70343 0.891218 0.644058 0.896856
2.055 -1.70322 0.890934 0.558581 0.807544
2.056 -1.70193 0.890614 0.573314 0.819819
2.057 -1.70149 0.890178 0.653481 0.820925
2.058 -1.69926 0.888556 0.615406 0.813165
2.059 -1.69888 0.888283 0.709734 0.862132
2.06 -1.6977 0.888228 0.644346 0.859893
2.061 -1.6984 0.888457 0.691558 0.85521
2.062 -1.69627 0.88762 0.582029 0.820788
2.063 -1.69542 0.887374 0.579473 0.811924
2.064 -1.69602 0.887338 0.643269 0.867197
2.065 -1.69343 0.885795 0.696398 0.88982
2.066 -1.69399 0.886558 0.640436 0.882183
2.067 -1.69132 0.884355 0.692483 0.897967
2.068 -1.69076 0.88401 0.708879 0.858486
2.069 -1.69179 0.885661 0.56817 0.840691
2.07 -1.68832 0.882802 0.705326 0.891707
2.071 -1.68977 0.884187 0.627753 0.876239
2.072 -1.68781 0.883281 0.652936 0.872537
2.073 -1.68607 0.881266 0.853224 0.921476
2.074 -1.68821 0.884076 0.582297 0.831086
2.075 -1.68676 0.882457 0.684112 0.882504
2.076 -1.68374 0.880378 0.777165 0.877632
2.077 -1.68288 0.880582 0.718714 0.935916
2.078 -1.68334 0.880931 0.730263 0.939051
2.079 -1.68204 0.879884 0.719705 0.885438
2.08 -1.68087 0.879334 0.718524 0.851195
2.081 -1.68001 0.879005 0.764241 0.912659
2.082 -1.67916 0.877797 0.989213 0.957206
2.083 -1.67866 0.878389 0.730403 0.928003
2.084 -1.67742 0.877737 0.709033 0.890816
2.085 -1.67665 0.877073 0.789218 0.905982
2.086 -1.67603 0.877335 0.740071 0.903885
2.087 -1.67552 0.8771 0.714047 0.932154
2.088 -1.6726 0.874291 0.842553 0.943343
2.089 -1.6722 0.874425 0.80954 0.931056
2.09 -1.67308 0.875787 0.71246 0.878954
2.091 -1.67001 0.872565 0.839803 0.91966
2.092 -1.67071 0.874524 0.787029 0.923252
2.093 -1.66869 0.872915 0.816307 0.952447
2.094 -1.66811 0.872712 0.785341 0.94542
2.095 -1.66766 0.872156 0.87618 0.952071
2.096 -1.66688 0.871796 0.905883 0.958572
2.097 -1.66365 0.868484 1.03489 0.958588
2.098 -1.66428 0.870451 0.905384 0.91009
2.099 -1.66259 0.868826 1.08137 0.977137
2.1 -1.6617 0.867862 1.02762 0.978184
2.101 -1.66114 0.868386 0.938478 0.979191
2.102 -1.66088 0.867538 0.906801 0.955934
2.103 -1.66084 0.869027 0.87407 0.989658
2.104 -1.6573 0.863831 1.42001 1.02722
2.105 -1.65803 0.86693 0.841993 0.942022
2.106 -1.65704 0.865885 1.11078 1.00862
2.107 -1.65546 0.865943 0.894997 0.959638
2.108 -1.65495 0.864933 0.898891 0.952179
2.109 -1.65272 0.86327 1.06413 0.999139
2.11 -1.65135 0.862835 1.09326 1.03227
2.111 -1.65096 0.861049 1.28382 1.00759
2.112 -1.64991 0.859814 1.44847 1.04543
2.113 -1.6494 0.862253 0.966557 1.00557
2.114 -1.64776 0.860296 1.0903 1.02703
2.115 -1.64586 0.858103 1.26861 1.04924
2.116 -1.64681 0.86061 1.09983 1.04412
2.117 -1.64497 0.858797 1.20273 1.02951
2.118 -1.64261 0.855087 1.33829 1.02272
2.119 -1.64303 0.856804 1.32083 1.06302
2.12 -1.64229 0.856993 1.10171 0.986912
2.121 -1.6385 0.852656 1.67343 1.071
2.122 -1.63918 0.854787 1.19766 1.00719
2.123 -1.63786 0.853127 1.39401 1.08122
2.124 -1.63763 0.853886 1.13625 0.967958
2.125 -1.63686 0.853737 1.34361 1.01744
2.126 -1.63708 0.855073 0.995265 0.987246
2.127 -1.63509 0.85358 1.17193 1.08738
2.128 -1.63354 0.851949 1.11741 1.01094
2.129 -1.63265 0.85026 1.3107 1.02739
2.13 -1.63263 0.851526 1.38183 1.05427
2.131 -1.63027 0.850067 1.29747 1.10085
2.132 -1.62903 0.847977 1.38396 1.08955
2.133 -1.63104 0.849096 1.88708 1.0679
2.134 -1.62818 0.847893 1.56281 1.06384
2.135 -1.62568 0.846227 1.45512 1.02369
2.136 -1.62657 0.847419 1.3472 1.03898
2.137 -1.62529 0.846849 1.24449 0.990645
2.138 -1.62143 0.8419 1.82326 1.14709
2.139 -1.61868 0.836869 2.58497 1.15808
2.14 -1.61857 0.840096 1.67934 1.07035
2.141 -1.61981 0.843554 1.48201 1.09434
2.142 -1.61656 0.838546 1.94769 1.15702
2.143 -1.61676 0.838861 1.76314 1.1417
2.144 -1.61685 0.841071 1.44487 1.09142
2.145 -1.61321 0.836209 1.70596 1.08795
2.146 -1.61334 0.839643 1.49518 1.15313
2.147 -1.61183 0.836559 1.75865 1.10583
2.148 -1.61344 0.836757 1.97233 1.11619
2.149 -1.61338 0.839296 1.32825 1.02552
2.15 -1.61244 0.839423 1.4856 1.10647
2.151 -1.60752 0.833411 1.96798 1.19031
2.152 -1.60742 0.835542 1.63861 1.20511
2.153 -1.60798 0.836168 1.71561 1.19824
2.154 -1.60428 0.831134 1.88581 1.09986
2.155 -1.60376 0.831953 1.79565 1.08202
2.156 -1.60448 0.833714 1.49708 1.11368
2.157 -1.59779 0.825486 1.8601 1.12323
2.158 -1.60024 0.828121 2.30332 1.17589
2.159 -1.60148 0.830808 2.0224 1.13913
2.16 -1.59827 0.829393 1.53821 1.14142
2.161 -1.5951 0.821819 2.61891 1.2066
2.162 -1.59246 0.821933 2.05408 1.17519
2.163 -1.5954 0.824397 2.36632 1.15755
2.164 -1.59266 0.823243 2.13659 1.18931
2.165 -1.593 0.825 2.04703 1.1678
2.166 -1.5919 0.82555 2.00278 1.21863
2.167 -1.58919 0.819361 2.04327 1.14517
2.168 -1.58877 0.822084 1.96603 1.2079
2.169 -1.58666 0.81795 2.36574 1.25873
2.17 -1.58738 0.819382 2.17062 1.23063
2.171 -1.58564 0.817347 3.44927 1.34683
2.172 -1.58526 0.817702 2.29916 1.19474
2.173 -1.58529 0.820583 2.18008 1.28234
2.174 -1.58482 0.820736 2.13744 1.22901
2.175 -1.58018 0.81494 2.2755 1.18339
2.176 -1.57769 0.809946 3.07903 1.21974
2.177 -1.57632 0.810631 4.1061 1.35533
2.178 -1.57555 0.811979 2.88952 1.35277
2.179 -1.57525 0.810313 2.74796 1.24909
2.18 -1.57104 0.801412 6.43182 1.3573
2.181 -1.57324 0.809894 2.47514 1.34104
2.182 -1.57058 0.806384 2.80456 1.25396
2.183 -1.57034 0.806011 2.78814 1.31883
2.184 -1.57109 0.81091 2.21911 1.25065
2.185 -1.57153 0.812858 1.82695 1.22524
2.186 -1.56711 0.802072 3.66414 1.25892
2.187 -1.56852 0.809202 2.05155 1.22657
2.188 -1.56314 0.799269 3.55381 1.28018
2.189 -1.55996 0.795063 5.13132 1.30337
2.19 -1.55905 0.797012 3.16043 1.32547
2.191 -1.5565 0.793425 2.99112 1.28553
2.192 -1.56059 0.799474 2.7602 1.27282
2.193 -1.55434 0.789419 4.66007 1.38659
2.194 -1.55256 0.789769 3.63254 1.35453
2.195 -1.55385 0.791213 4.14028 1.44598
2.196 -1.5524 0.794547 2.60023 1.29513
2.197 -1.55535 0.798728 2.55181 1.27807
2.198 -1.54732 0.779409 5.97445 1.40137
2.199 -1.54331 0.777975 4.51385 1.48722
2.2 -1.54284 0.778362 5.94978 1.56157
2.201 -1.54581 0.784465 5.39024 1.41985
2.202 -1.54473 0.782297 5.3955 1.46312
2.203 -1.53582 0.771035 5.72309 1.53693
2.204 -1.54237 0.786036 3.06834 1.31325
2.205 -1.5405 0.777411 6.39957 1.56122
2.206 -1.53804 0.776993 4.43284 1.45038
2.207 -1.53864 0.776254 4.79144 1.47047
2.208 -1.53916 0.783247 3.43005 1.37955
2.209 -1.53198 0.770727 4.52749 1.48673
2.21 -1.53594 0.778478 4.45155 1.4192
2.211 -1.52455 0.757598 8.03958 1.58149
2.212 -1.52858 0.767731 4.6715 1.50496
2.213 -1.52756 0.767234 6.29087 1.61915
2.214 -1.52414 0.764061 4.89679 1.5872
2.215 -1.52657 0.767898 4.18177 1.35993
2.216 -1.52141 0.759638 5.51355 1.53785
2.217 -1.5186 0.759649 4.67535 1.41372
2.218 -1.52448 0.767613 5.27775 1.48795
2.219 -1.52304 0.770656 3.74789 1.4063
2.22 -1.51593 0.75539 4.95274 1.40469
2.221 -1.51182 0.746139 7.83488 1.62714
2.222 -1.51097 0.746231 7.71527 1.5528
2.223 -1.50991 0.745481 7.64124 1.56097
2.224 -1.50919 0.745413 8.89156 1.69132
2.225 -1.50874 0.746918 7.57374 1.52936
2.226 -1.49804 0.693054 72.5896 2.34457
2.227 -1.49129 0.650727 146.703 2.61916
2.228 -1.49321 0.685567 54.1579 2.01455
2.229 -1.49961 0.725829 19.6525 1.91074
2.23 -1.49301 0.71317 14.0675 1.69392
2.231 -1.49726 0.72642 9.67281 1.6521
2.232 -1.50062 0.741365 5.88908 1.39279
2.233 -1.49884 0.733069 10.9359 1.71323
2.234 -1.49336 0.729651 7.82852 1.66095
2.235 -1.49571 0.735135 6.4467 1.59698
2.236 -1.49372 0.727681 12.6891 1.854
2.237 -1.49193 0.728081 9.66803 1.61556
2.238 -1.4891 0.724289 6.79281 1.59657
2.239 -1.48549 0.718711 9.91489 1.56871
2.24 -1.48274 0.708837 12.2784 1.72339
2.241 -1.47007 0.674131 30.0551 2.27121
2.242 -1.48341 0.71659 12.6972 1.88178
2.243 -1.47287 0.688005 13.3379 1.76829
2.244 -1.47175 0.682331 31.5271 2.12636
2.245 -1.46364 0.64081 77.5351 2.60714
2.246 -1.47289 0.695088 29.4667 2.07177
2.247 -1.46365 0.663324 27.3185 2.18127
2.248 -1.47966 0.725141 7.17848 1.58481
2.249 -1.46317 0.66862 23.611 1.99529
2.25 -1.4684 0.694269 16.8564 2.01298
2.251 -1.46481 0.647318 83.4094 2.43127
2.252 -1.46336 0.669459 45.6348 2.20257
2.253 -1.45409 0.656962 27.8117 2.07916
2.254 -1.45613 0.675293 17.7898 1.7698
2.255 -1.45603 0.669044 27.9574 1.9441
2.256 -1.4648 0.704053 9.91623 1.85903
2.257 -1.44705 0.659147 15.2871 1.63333
2.258 -1.44803 0.661796 17.6356 1.9328
2.259 -1.44003 0.642939 18.4611 1.86184
2.26 -1.44731 0.651961 18.884 1.91125
2.261 -1.44338 0.65138 25.4762 2.13543
2.262 -1.4387 0.632463 30.5931 2.03967
2.263 -1.43243 0.622167 23.3477 2.05694
2.264 -1.42244 0.594682 30.0672 2.01855
2.265 -1.43172 0.610004 53.1483 2.44157
2.266 -1.43272 0.631133 21.2809 1.76573
2.267 -1.43877 0.652833 24.4262 2.22093
2.268 -1.43144 0.625673 35.4207 1.85472
2.269 -1.4189 0.560971 91.114 2.28237
2.27 -1.4208 0.57052 99.6104 2.15984
2.271 -1.4038 0.491016 129.047 3.4089
2.272 -1.41863 0.565076 98.1188 2.35049
2.273 -1.40625 0.513966 105.478 2.58842
2.274 -1.40873 0.537757 73.1619 2.4746
2.275 -1.40937 0.563742 53.8042 2.28463
2.276 -1.4124 0.586889 47.3107 2.26021
2.277 -1.41132 0.599725 28.6842 2.05303
2.278 -1.4077 0.562639 72.9971 2.13763
2.279 -1.39005 0.463885 106.772 1.9594
2.28 -1.395 0.474851 163.535 2.8629
2.281 -1.38903 0.453996 155.753 3.00583
2.282 -1.38412 0.484067 85.8025 1.98876
2.283 -1.40083 0.576935 26.8774 1.83792
2.284 -1.39936 0.575248 18.9501 1.70469
2.285 -1.38606 0.51203 78.4229 2.49504
2.286 -1.39033 0.507616 98.9304 2.44053
2.287 -1.38129 0.494088 84.147 2.32969
2.288 -1.37958 0.438497 114.425 2.38043
2.289 -1.38302 0.489071 85.7168 2.34063
2.29 -1.3856 0.517714 58.1971 2.02678
2.291 -1.36319 0.392377 136.308 2.55216
2.292 -1.36703 0.451247 64.2804 2.06607
2.293 -1.35989 0.393987 105.918 2.01639
2.294 -1.35477 0.377392 72.1579 1.78546
2.295 -1.36081 0.430699 71.0113 2.19855
2.296 -1.3588 0.416266 64.0319 1.65035
2.297 -1.35808 0.415503 79.7726 2.03788
2.298 -1.36372 0.451971 64.2836 2.02161
2.299 -1.36163 0.450945 66.6323 1.92414
2.3 -1.35022 0.379303 118.552 2.39415
2.301 -1.3527 0.387011 115.572 2.61803
2.302 -1.3399 0.290574 138.541 2.25187
2.303 -1.33346 0.298124 89.1506 1.83291
2.304 -1.33663 0.295203 101.815 1.74749
2.305 -1.33571 0.296584 118.857 2.19866
2.306 -1.34012 0.333461 123.546 2.02182
2.307 -1.33118 0.32095 106.709 2.05996
2.308 -1.33294 0.328692 82.6238 1.90996
2.309 -1.33707 0.333613 87.6319 1.95287
2.31 -1.33619 0.386068 75.1018 1.64208
2.311 -1.32791 0.311407 101.753 2.08573
2.312 -1.3309 0.296809 117.556 2.16502
2.313 -1.32423 0.320244 66.4764 1.6988
2.314 -1.32922 0.339212 97.4748 1.83709
2.315 -1.32052 0.320135 83.9945 1.89904
2.316 -1.3243 0.286405 77.9238 1.58158
2.317 -1.30999 0.220085 76.0145 1.76243
2.318 -1.3086 0.230637 68.4168 1.66281
2.319 -1.31542 0.300511 106.289 2.13916
2.32 -1.31741 0.332057 62.8369 1.63743
2.321 -1.31344 0.269913 99.5096 1.98905
2.322 -1.30092 0.198426 42.0089 1.32115
2.323 -1.29906 0.213543 54.3118 1.508
2.324 -1.31426 0.289068 101.574 1.90373
2.325 -1.30291 0.232786 74.9141 1.57222
2.326 -1.29855 0.232534 57.5848 1.45387
2.327 -1.30224 0.263777 67.6366 1.53278
2.328 -1.29004 0.182641 53.382 1.5731
2.329 -1.29647 0.222265 71.4871 1.83533
2.33 -1.2916 0.189494 54.7312 1.39134
2.331 -1.2918 0.185489 70.7957 1.54771
2.332 -1.29063 0.235193 59.0535 1.52904
2.333 -1.28583 0.165952 30.8745 1.26847
2.334 -1.28654 0.21033 55.8918 1.41322
2.335 -1.28749 0.205401 52.1545 1.36306
2.336 -1.28695 0.235383 50.9949 1.38406
2.337 -1.29291 0.249471 82.9845 1.63394
2.338 -1.29796 0.298993 79.8764 1.4007
2.339 -1.28249 0.229001 74.0609 1.5848
2.34 -1.27803 0.217073 49.3949 1.41445
2.341 -1.27961 0.211941 58.3677 1.50303
2.342 -1.27866 0.210932 60.8767 1.51239
2.343 -1.27963 0.19964 44.0612 1.4944
2.344 -1.27323 0.20063 57.5464 1.49232
2.345 -1.27391 0.188881 49.2445 1.38067
2.346 -1.27831 0.225962 80.4838 1.63899
2.347 -1.26929 0.190954 49.1299 1.43731
2.348 -1.2684 0.188124 50.8882 1.37786
2.349 -1.273 0.229319 56.0947 1.47351
2.35 -1.26771 0.181204 50.7968 1.49394
2.351 -1.26031 0.17259 30.1253 1.21254
2.352 -1.26025 0.20362 49.039 1.42631
2.353 -1.25824 0.17687 38.3112 1.36762
2.354 -1.25755 0.156098 32.4803 1.38933
2.355 -1.25979 0.176363 46.1231 1.36785
2.356 -1.26151 0.189086 53.4813 1.4886
2.357 -1.25293 0.187466 35.9697 1.19193
2.358 -1.26235 0.195741 58.8113 1.38967
2.359 -1.25697 0.22547 41.8529 1.45875
2.36 -1.25834 0.190991 41.4578 1.34218
2.361 -1.24627 0.131614 22.3123 1.19956
2.362 -1.25197 0.185973 41.1458 1.25898
2.363 -1.25165 0.206036 47.0206 1.44143
2.364 -1.25307 0.206173 43.6348 1.30397
2.365 -1.24737 0.190463 48.4711 1.38516
2.366 -1.24758 0.205628 35.132 1.30612
2.367 -1.24252 0.169105 38.9561 1.29009
2.368 -1.23657 0.117299 22.3731 1.14512
2.369 -1.24023 0.144652 27.1315 1.25126
2.37 -1.23793 0.156354 31.226 1.33107
2.371 -1.23969 0.147601 37.092 1.34529
2.372 -1.23591 0.158614 37.6489 1.24232
2.373 -1.23472 0.127577 27.0151 1.25732
2.374 -1.23818 0.201399 47.9071 1.37321
2.375 -1.23437 0.196452 45.4719 1.34963
2.376 -1.23826 0.201577 35.5726 1.26524
2.377 -1.23123 0.136161 28.9179 1.23869
2.378 -1.23242 0.171516 42.3026 1.3224
2.379 -1.2263 0.129505 26.1774 1.25643
2.38 -1.23338 0.197135 45.1724 1.38869
2.381 -1.22679 0.125306 27.8856 1.22994
2.382 -1.22179 0.137086 22.6173 1.1867
2.383 -1.22532 0.129869 20.8077 1.19532
2.384 -1.21775 0.109986 17.375 1.12457
2.385 -1.22405 0.14609 28.4032 1.22479
2.386 -1.22295 0.154424 41.209 1.25283
2.387 -1.21573 0.113382 16.8185 1.18506
2.388 -1.21841 0.134896 26.965 1.26411
2.389 -1.21977 0.132157 22.5135 1.18164
2.39 -1.21494 0.13799 27.6983 1.16909
2.391 -1.21376 0.128051 19.743 1.08275
2.392 -1.21145 0.103677 13.3782 1.12202
2.393 -1.21219 0.111854 14.8835 1.02218
2.394 -1.21028 0.103338 16.7696 1.17576
2.395 -1.20751 0.141276 23.6173 1.05184
2.396 -1.20719 0.106096 19.5166 1.1051
2.397 -1.21184 0.135939 26.9837 1.10957
2.398 -1.20432 0.123889 23.0523 1.05769
2.399 -1.20321 0.125321 25.7006 1.08516
