2 -1.7454 0.911151 0.3883 0.724771
2.001 -1.74429 0.910332 0.441492 0.735726
2.002 -1.74389 0.910426 0.382034 0.731411
2.003 -1.74353 0.910312 0.384546 0.721496
2.004 -1.74295 0.910119 0.407226 0.734525
2.005 -1.74236 0.910033 0.363362 0.695174
2.006 -1.74114 0.909244 0.413611 0.765748
2.007 -1.73958 0.908441 0.402731 0.7148
2.008 -1.73927 0.908479 0.428069 0.764554
2.009 -1.73958 0.908816 0.382455 0.732807
2.01 -1.73831 0.908146 0.417728 0.745173
2.011 -1.73785 0.907995 0.39787 0.738053
2.012 -1.73625 0.906935 0.421727 0.738272
2.013 -1.73572 0.90666 0.439675 0.763854
2.014 -1.73441 0.905943 0.467902 0.757943
2.015 -1.73563 0.907068 0.393343 0.730347
2.016 -1.73368 0.905905 0.418409 0.760275
2.017 -1.73303 0.905299 0.481197 0.796383
2.018 -1.73291 0.905653 0.435852 0.780415
2.019 -1.73112 0.904595 0.428996 0.773955
2.02 -1.73054 0.904358 0.472917 0.788709
2.021 -1.73069 0.904579 0.41329 0.743734
2.022 -1.7282 0.902951 0.446219 0.768264
2.023 -1.7286 0.903506 0.462325 0.767923
2.024 -1.72836 0.90332 0.540055 0.808167
2.025 -1.72693 0.90249 0.532519 0.802814
2.026 -1.72625 0.902007 0.529987 0.774953
2.027 -1.72608 0.902663 0.463382 0.791377
2.028 -1.72396 0.901047 0.467076 0.766605
2.029 -1.72336 0.900845 0.486228 0.754652
2.03 -1.7225 0.900608 0.432126 0.764294
2.031 -1.72192 0.900187 0.497438 0.813524
2.032 -1.72192 0.900573 0.487214 0.796858
2.033 -1.72008 0.899259 0.467288 0.782737
2.034 -1.71954 0.898987 0.509044 0.800929
2.035 -1.71892 0.898863 0.484373 0.77755
2.036 -1.7194 0.899246 0.46084 0.792619
2.037 -1.71787 0.898398 0.502134 0.79098
2.038 -1.71622 0.897123 0.527664 0.773598
2.039 -1.71666 0.89799 0.506735 0.815885
2.04 -1.7155 0.897529 0.496928 0.809426
2.041 -1.71417 0.896865 0.479626 0.789809
2.042 -1.71357 0.896375 0.568877 0.816558
2.043 -1.71215 0.895537 0.534733 0.810564
2.044 -1.71106 0.89484 0.542197 0.781969
2.045 -1.71072 0.894565 0.583111 0.821629
2.046 -1.70909 0.893097 0.72279 0.852045
2.047 -1.70944 0.894304 0.49591 0.808464
2.048 -1.70783 0.893248 0.567905 0.81627
2.049 -1.70873 0.89437 0.517883 0.809467
2.05 -1.70708 0.892627 0.685396 0.871087
2.051 -1.70676 0.892939 0.592908 0.833594
2.052 -1.70595 0.8928 0.506957 0.806571
2.053 -1.70348 0.890911 0.60058 0.824289
2.054 -1.70367 0.891558 0.552666 0.822531
2.055 -1.70193 0.889771 0.635374 0.806629
2.056 -1.7015 0.890324 0.641761 0.860931
2.057 -1.70061 0.889335 0.615379 0.851265
2.058 -1.70109 0.889844 0.603155 0.863954
2.059 -1.69958 0.889125 0.668844 0.890988
2.06 -1.69822 0.887925 0.639406 0.843933
2.061 -1.69972 0.889834 0.561286 0.813177
2.062 -1.69706 0.888207 0.560281 0.832371
2.063 -1.69646 0.887296 0.69649 0.85044
2.064 -1.69501 0.886844 0.686056 0.877346
2.065 -1.69422 0.886435 0.634948 0.861708
2.066 -1.69267 0.885141 0.691171 0.864033
2.067 -1.69193 0.884729 0.683219 0.873377
2.068 -1.69197 0.88509 0.606382 0.826025
2.069 -1.6915 0.885614 0.636129 0.878718
2.07 -1.69038 0.884476 0.66118 0.859799
2.071 -1.68769 0.882033 0.803066 0.903394
2.072 -1.68913 0.88413 0.656632 0.858053
2.073 -1.6879 0.88383 0.627075 0.85895
2.074 -1.68722 0.883118 0.609274 0.833331
2.075 -1.68602 0.882418 0.671923 0.895276
2.076 -1.68348 0.880518 0.602334 0.811362
2.077 -1.68348 0.880018 0.797241 0.923803
2.078 -1.68245 0.880087 0.794548 0.87604
2.079 -1.6816 0.879499 0.772945 0.932923
2.08 -1.6805 0.878475 0.843208 0.91214
2.081 -1.68034 0.879232 0.731543 0.860973
2.082 -1.67946 0.878348 0.751194 0.906518
2.083 -1.67749 0.877072 0.759705 0.902577
2.084 -1.67627 0.875995 0.866924 0.899452
2.085 -1.67777 0.878229 0.829771 0.898492
2.086 -1.67425 0.8751 0.892562 0.945305
2.087 -1.67537 0.876838 0.746037 0.897572
2.088 -1.67386 0.875394 0.769601 0.912085
2.089 -1.67004 0.87164 1.15648 0.919712
2.09 -1.67151 0.874089 0.897181 0.962472
2.091 -1.67069 0.873158 0.937488 0.981256
2.092 -1.67025 0.873704 0.915999 0.971837
2.093 -1.66832 0.872666 0.781087 0.895212
2.094 -1.66851 0.872556 0.804879 0.945266
2.095 -1.66635 0.87145 0.855415 0.929027
2.096 -1.6671 0.871907 0.834418 0.954314
2.097 -1.66614 0.871798 0.878163 0.962805
2.098 -1.66424 0.870077 0.913444 0.930349
2.099 -1.66384 0.870834 0.786737 0.912752
2.1 -1.66272 0.869814 0.826944 0.930418
2.101 -1.66189 0.869124 0.99041 0.9648
2.102 -1.66117 0.868486 0.870306 0.968488
2.103 -1.65997 0.868208 0.827602 0.920782
2.104 -1.65977 0.868158 1.10009 0.989595
2.105 -1.65617 0.865515 0.860837 0.956446
2.106 -1.65576 0.864764 0.989077 0.993692
2.107 -1.65592 0.865737 1.01034 0.982032
2.108 -1.6548 0.864729 0.949593 0.950703
2.109 -1.65343 0.863639 1.11555 0.977476
2.11 -1.65229 0.862674 0.97671 0.904827
2.111 -1.65192 0.863489 1.04779 1.00345
2.112 -1.65083 0.861712 1.12328 1.00428
2.113 -1.64956 0.861046 1.0566 0.9846
2.114 -1.64845 0.859619 1.36587 1.04261
2.115 -1.64742 0.85803 1.98117 1.06758
2.116 -1.64854 0.861954 0.956461 0.94085
2.117 -1.64466 0.85897 0.97979 0.996201
2.118 -1.64583 0.859824 1.14073 1.02505
2.119 -1.64283 0.857305 1.14899 1.00218
2.12 -1.64249 0.857793 1.00537 0.992431
2.121 -1.64128 0.856483 1.14563 0.995537
2.122 -1.64138 0.857921 1.07101 1.03135
2.123 -1.63944 0.855359 1.2179 1.05209
2.124 -1.63845 0.855211 1.07616 1.01462
2.125 -1.63776 0.854906 1.2193 1.01905
2.126 -1.63553 0.85201 1.40418 1.09117
2.127 -1.63442 0.851135 1.43926 1.00306
2.128 -1.63411 0.851314 1.76441 1.00849
2.129 -1.63304 0.850963 1.43677 1.06632
2.13 -1.63252 0.850897 1.36341 1.01684
2.131 -1.63085 0.850783 1.25424 1.0277
2.132 -1.62862 0.847338 1.51067 1.06906
2.133 -1.62829 0.848333 1.41895 1.08831
2.134 -1.62959 0.850282 1.32511 1.09748
2.135 -1.62699 0.847065 1.24394 1.05701
2.136 -1.62484 0.846399 1.29996 1.0498
2.137 -1.62473 0.846364 1.34155 1.09238
2.138 -1.62169 0.842812 1.69421 1.12421
2.139 -1.62066 0.84254 1.57979 1.09506
2.14 -1.6207 0.84332 1.53709 1.03862
2.141 -1.62021 0.842568 1.60346 1.11776
2.142 -1.61768 0.838305 2.26083 1.12876
2.143 -1.61664 0.841404 1.42943 1.10302
2.144 -1.61958 0.844685 1.25129 1.03753
2.145 -1.61598 0.840181 1.8076 1.13728
2.146 -1.61441 0.839504 1.4683 1.06285
2.147 -1.61365 0.839332 1.56531 1.11299
2.148 -1.61144 0.837437 1.70667 1.13612
2.149 -1.60885 0.834471 1.85114 1.15395
2.15 -1.6096 0.836397 1.4715 1.08811
2.151 -1.60784 0.834047 2.02105 1.21702
2.152 -1.60819 0.83617 1.6872 1.1438
2.153 -1.60583 0.833753 1.47694 1.06922
2.154 -1.60543 0.833611 1.60553 1.11819
2.155 -1.60385 0.831 1.86004 1.11544
2.156 -1.60278 0.830984 2.08842 1.18113
2.157 -1.6014 0.829577 1.96149 1.19924
2.158 -1.60055 0.828962 1.98517 1.16821
2.159 -1.59883 0.82773 1.777 1.10479
2.16 -1.60029 0.831942 1.53672 1.05015
2.161 -1.59956 0.831154 1.53903 1.17378
2.162 -1.59287 0.821358 2.51694 1.24485
2.163 -1.59496 0.826573 1.7411 1.18095
2.164 -1.59346 0.824577 2.03221 1.19266
2.165 -1.59354 0.825701 1.63328 1.08154
2.166 -1.59039 0.821887 2.21169 1.29291
2.167 -1.58815 0.817713 2.6529 1.20688
2.168 -1.58669 0.814865 5.43796 1.36967
2.169 -1.59081 0.824487 2.00346 1.18741
2.17 -1.58644 0.820389 1.97343 1.13349
2.171 -1.58349 0.815674 2.596 1.20741
2.172 -1.58177 0.815053 2.57719 1.3053
2.173 -1.58291 0.8171 2.21378 1.19965
2.174 -1.58101 0.813896 2.56963 1.25353
2.175 -1.57764 0.810478 2.58146 1.17683
2.176 -1.58071 0.81588 2.24423 1.23506
2.177 -1.57645 0.810644 2.73996 1.21249
2.178 -1.57556 0.809001 3.02883 1.27291
2.179 -1.57614 0.811495 3.13377 1.33638
2.18 -1.57371 0.804217 7.2311 1.54161
2.181 -1.57408 0.811158 2.27925 1.21558
2.182 -1.57154 0.805246 3.84402 1.38402
2.183 -1.56836 0.801301 4.14045 1.25368
2.184 -1.56799 0.803855 3.23949 1.30785
2.185 -1.56476 0.800642 3.44124 1.33095
2.186 -1.56816 0.806578 2.48614 1.26383
2.187 -1.56245 0.796936 3.93876 1.42428
2.188 -1.56244 0.799011 2.99999 1.28397
2.189 -1.56087 0.796731 3.40285 1.31682
2.19 -1.55817 0.792848 4.64052 1.34277
2.191 -1.55674 0.791592 5.36868 1.48853
2.192 -1.55904 0.794577 4.91114 1.37591
2.193 -1.55624 0.794737 2.90916 1.25085
2.194 -1.55362 0.791996 3.39623 1.36205
2.195 -1.55217 0.791494 3.46235 1.3142
2.196 -1.55271 0.790644 3.52143 1.43188
2.197 -1.55339 0.7945 2.90294 1.32728
2.198 -1.54748 0.786009 3.99154 1.48097
2.199 -1.54972 0.786683 5.58768 1.38833
2.2 -1.54249 0.770605 10.083 1.48531
2.201 -1.54832 0.789969 2.93272 1.26829
2.202 -1.54415 0.786249 3.31229 1.39873
2.203 -1.54427 0.786235 3.658 1.36461
2.204 -1.54041 0.780106 4.48145 1.38878
2.205 -1.53943 0.778227 5.30816 1.44145
2.206 -1.53695 0.773591 5.16007 1.47417
2.207 -1.53796 0.779294 3.77713 1.3568
2.208 -1.53755 0.779276 4.71314 1.47538
2.209 -1.53433 0.773197 6.27037 1.53191
2.21 -1.53016 0.766608 5.67904 1.5524
2.211 -1.53169 0.772095 3.89569 1.34563
2.212 -1.53116 0.771283 5.81189 1.49485
2.213 -1.52773 0.766289 7.50173 1.5536
2.214 -1.5231 0.757343 9.44861 1.62746
2.215 -1.52696 0.767772 6.70673 1.62094
2.216 -1.52492 0.767587 4.36882 1.35896
2.217 -1.51795 0.747295 9.05765 1.63489
2.218 -1.52338 0.767483 4.9409 1.45133
2.219 -1.52039 0.761991 4.74032 1.55246
2.22 -1.51668 0.752343 7.35815 1.32944
2.221 -1.51785 0.758732 8.35403 1.60038
2.222 -1.51525 0.752718 7.80186 1.42528
2.223 -1.50284 0.721394 21.5921 1.81405
2.224 -1.50683 0.741681 5.98331 1.56869
2.225 -1.50951 0.747121 7.1764 1.6681
2.226 -1.51314 0.75859 5.58653 1.50743
2.227 -1.50206 0.728488 11.2149 1.51365
2.228 -1.50541 0.745086 5.90495 1.55581
2.229 -1.49939 0.724272 18.2566 1.61712
2.23 -1.4981 0.726259 12.5871 1.71027
2.231 -1.49858 0.738489 6.55266 1.6911
2.232 -1.5018 0.742317 6.9416 1.5452
2.233 -1.48553 0.698254 14.7381 1.69349
2.234 -1.49374 0.717431 12.9284 1.74213
2.235 -1.4932 0.728037 10.8893 1.70438
2.236 -1.49205 0.729133 11.1715 1.79845
2.237 -1.4913 0.731535 5.68427 1.51709
2.238 -1.49004 0.7225 18.4155 1.95991
2.239 -1.4856 0.720098 10.3762 1.7338
2.24 -1.48269 0.716969 9.20584 1.74474
2.241 -1.48061 0.696458 19.4892 2.016
2.242 -1.47792 0.695598 21.9968 2.06677
2.243 -1.47761 0.709131 8.67063 1.51898
2.244 -1.47281 0.691554 9.82218 1.49116
2.245 -1.47497 0.699878 13.0229 1.59312
2.246 -1.46756 0.675716 24.1332 1.84938
2.247 -1.47136 0.693125 14.4471 1.72941
2.248 -1.45814 0.6394 58.5674 2.13526
2.249 -1.46435 0.687176 20.3569 1.91034
2.25 -1.46659 0.682162 24.6616 1.88064
2.251 -1.46156 0.665449 44.6528 2.2094
2.252 -1.45205 0.64443 20.3519 1.88639
2.253 -1.45302 0.638823 32.6724 1.79509
2.254 -1.44492 0.595122 62.4317 1.93769
2.255 -1.44401 0.592962 64.2707 2.01526
2.256 -1.44887 0.63941 41.9293 2.27226
2.257 -1.45192 0.647019 44.0942 1.90575
2.258 -1.45219 0.667799 18.3484 1.7282
2.259 -1.45376 0.67815 19.7325 1.96059
2.26 -1.4513 0.676682 13.5278 1.83887
2.261 -1.43774 0.635977 19.4374 1.73051
2.262 -1.44468 0.659304 12.7967 1.762
2.263 -1.44364 0.666566 13.7235 1.92221
2.264 -1.43313 0.626413 29.4126 2.18773
2.265 -1.43232 0.625165 35.5321 1.92152
2.266 -1.43174 0.624189 27.2246 1.98338
2.267 -1.42388 0.600164 25.6976 1.76946
2.268 -1.43331 0.643126 16.8704 1.73433
2.269 -1.42959 0.639473 16.4203 1.78277
2.27 -1.42718 0.615822 41.125 2.28297
2.271 -1.40871 0.52637 127.876 2.769
2.272 -1.41043 0.524081 149.118 2.88765
2.273 -1.41576 0.548474 134.974 2.69785
2.274 -1.41593 0.576142 107.751 2.30407
2.275 -1.42068 0.62573 29.0121 2.07178
2.276 -1.41006 0.564833 47.0518 1.72807
2.277 -1.3968 0.493666 101.953 2.64743
2.278 -1.39641 0.454676 200.098 2.59026
2.279 -1.40166 0.526754 111.873 2.23985
2.28 -1.39154 0.483301 122.816 2.09316
2.281 -1.38602 0.393966 206.093 2.56869
2.282 -1.37791 0.366383 182.565 2.56132
2.283 -1.37263 0.390102 104.395 2.27869
2.284 -1.37484 0.338725 210.285 2.27558
2.285 -1.37054 0.343539 174.049 1.82654
2.286 -1.38392 0.486436 145.846 2.32427
2.287 -1.37425 0.445141 76.5925 1.98509
2.288 -1.37865 0.462865 100.115 2.51991
2.289 -1.36847 0.365024 139.71 2.08551
2.29 -1.36011 0.352212 74.8368 1.64481
2.291 -1.36559 0.349636 101.997 1.85824
2.292 -1.35941 0.359122 137.725 1.86866
2.293 -1.37401 0.427135 132.512 2.11785
2.294 -1.36946 0.439652 144.148 2.38117
2.295 -1.36101 0.400888 119.609 2.44919
2.296 -1.3629 0.425666 117.754 2.25492
2.297 -1.35316 0.392922 70.6399 1.98954
2.298 -1.36069 0.44616 74.3581 2.22215
2.299 -1.35508 0.362261 114.606 2.0028
2.3 -1.35324 0.343856 165.998 2.11672
2.301 -1.35173 0.359539 161.897 2.28054
2.302 -1.34776 0.353191 122.275 1.94285
2.303 -1.34669 0.38622 90.0132 1.64682
2.304 -1.34622 0.367478 110.159 2.2373
2.305 -1.33986 0.364465 113.435 2.16926
2.306 -1.33946 0.35353 65.5515 1.67442
2.307 -1.33479 0.317241 129.084 2.0214
2.308 -1.33127 0.259916 123.216 2.07549
2.309 -1.32501 0.210885 99.6222 1.5272
2.31 -1.32517 0.251004 102.618 1.81299
2.311 -1.32976 0.281879 127.32 2.18436
2.312 -1.31905 0.204448 65.1909 1.31531
2.313 -1.31827 0.191969 93.0916 1.70621
2.314 -1.32169 0.279669 110.181 1.91749
2.315 -1.32094 0.257778 105.922 1.77841
2.316 -1.31536 0.185821 96.0597 1.71752
2.317 -1.3143 0.20497 65.0957 1.49517
2.318 -1.3179 0.289353 80.0834 1.73168
2.319 -1.32053 0.315373 141.607 2.11584
2.32 -1.31397 0.241787 133.974 1.96541
2.321 -1.31437 0.286131 106.89 2.07251
2.322 -1.31453 0.277355 107.358 1.70691
2.323 -1.30932 0.234886 93.7122 1.65068
2.324 -1.30891 0.276049 73.6513 1.50086
2.325 -1.30256 0.172811 93.0666 1.60914
2.326 -1.29628 0.150653 64.698 1.43993
2.327 -1.29935 0.193648 62.1097 1.42078
2.328 -1.29776 0.199253 79.7902 1.63211
2.329 -1.29588 0.168116 67.5185 1.3247
2.33 -1.29411 0.20528 87.1502 1.59662
2.331 -1.29105 0.152827 66.5409 1.49475
2.332 -1.29238 0.153309 56.2893 1.36096
2.333 -1.28427 0.171955 76.9479 1.64177
2.334 -1.29025 0.206866 92.9715 1.53051
2.335 -1.28776 0.204368 69.0031 1.56518
2.336 -1.28692 0.211097 81.6382 1.65575
2.337 -1.28603 0.193145 77.5409 1.46025
2.338 -1.29075 0.225305 108.767 1.64199
2.339 -1.28362 0.172561 74.5921 1.71917
2.34 -1.28156 0.229559 58.1904 1.68413
2.341 -1.27883 0.20142 64.1724 1.45051
2.342 -1.27719 0.167155 49.4648 1.49458
2.343 -1.27232 0.146244 39.586 1.23002
2.344 -1.27166 0.145419 71.1731 1.38056
2.345 -1.27142 0.132242 47.4823 1.50684
2.346 -1.27037 0.184782 36.988 1.39248
2.347 -1.2641 0.110349 24.8448 1.29338
2.348 -1.26545 0.117081 24.3756 1.28931
2.349 -1.26842 0.178525 62.4933 1.34193
2.35 -1.27102 0.201296 52.6336 1.2992
2.351 -1.26446 0.144421 43.5351 1.14934
2.352 -1.26561 0.158318 48.1159 1.33789
2.353 -1.26041 0.129459 37.162 1.41609
2.354 -1.25832 0.138021 35.0778 1.37077
2.355 -1.2562 0.145844 34.4413 1.22335
2.356 -1.25484 0.130011 35.863 1.35398
2.357 -1.25645 0.149379 59.38 1.3265
2.358 -1.25391 0.158484 48.0781 1.24537
2.359 -1.25301 0.122846 32.8469 1.23097
2.36 -1.24884 0.0966469 17.6197 1.19491
2.361 -1.24928 0.099584 31.804 1.15618
2.362 -1.2475 0.137194 47.0764 1.31077
2.363 -1.24945 0.123472 47.5784 1.30215
2.364 -1.24502 0.129195 43.2288 1.31004
2.365 -1.24539 0.148805 38.6834 1.18456
2.366 -1.24602 0.150051 53.0616 1.23073
2.367 -1.24017 0.105346 21.5793 1.10161
2.368 -1.24413 0.105024 26.4213 1.19768
2.369 -1.24091 0.118381 39.362 1.3083
2.37 -1.2379 0.130034 41.9964 1.18043
2.371 -1.2367 0.124947 37.1566 1.19481
2.372 -1.23697 0.122431 31.096 1.18684
2.373 -1.23706 0.138825 46.0845 1.3503
2.374 -1.23513 0.126193 38.0268 1.13264
2.375 -1.23157 0.105456 23.7868 1.14084
2.376 -1.23137 0.0950677 20.2034 1.23559
2.377 -1.23028 0.10874 26.1838 1.11239
2.378 -1.22898 0.11744 25.7507 1.15781
2.379 -1.22752 0.111313 21.9757 1.09929
2.38 -1.22842 0.117 30.8887 1.19692
2.381 -1.22754 0.132839 31.015 1.21867
2.382 -1.22264 0.116929 27.4947 1.06329
2.383 -1.22188 0.0995208 22.0078 1.18435
2.384 -1.22111 0.0996643 19.9686 1.13382
2.385 -1.21993 0.0985124 21.8627 1.17965
2.386 -1.2195 0.101701 24.3258 1.18231
2.387 -1.21937 0.0864898 17.4458 1.06882
2.388 -1.21912 0.114674 24.9316 1.12378
2.389 -1.21934 0.12536 30.6961 1.06981
2.39 -1.21526 0.0941676 20.0558 1.07964
2.391 -1.21662 0.0990605 19.3823 1.25138
2.392 -1.21456 0.116621 29.9488 1.29041
2.393 -1.21321 0.104565 31.6516 1.13652
2.394 -1.20822 0.0890107 20.4299 1.12051
2.395 -1.21101 0.10113 31.7283 1.04756
2.396 -1.20638 0.0872666 16.3504 1.18481
2.397 -1.20693 0.0779046 16.2771 1.08902
2.398 -1.20804 0.107354 29.0094 1.15036
2.399 -1.20413 0.10297 21.2918 1.07111
