9.86952802
39.4771955
88.820253
157.894118
246.692376
355.20678
483.427254
631.341889
798.936949
986.196871
1193.10426
1419.63991
1665.78278
1931.51001
2216.79691
2521.61701
2845.94199
3189.74173
3552.98431
3935.63599
4337.66123
4759.0227
5199.68128
5659.59603
6138.72425
6637.02143
7154.44132
7690.93585
8246.4552
8820.94779
9414.36025
10026.6375
10657.7226
11307.5571
11976.0805
12663.2308
13368.9442
14093.155
14835.7962
15596.7986
16376.0917
17173.603
17989.2585
18822.9825
19674.6975
20544.3244
21431.7825
22336.9894
23259.8609
24200.3114
25158.2536
26133.5984
27126.2554
28136.1323
29163.1353
30207.1691
31268.1367
32345.9395
33440.4776
34551.6492
35679.3511
36823.4787
37983.9256
39160.5842
40353.3451
41562.0975
42786.7293
44027.1266
45283.1743
46554.7558
47841.753
49144.0462
50461.5147
51794.036
53141.4864
54503.7408
55880.6727
57272.1541
58678.0559
60098.2475
61532.597
62980.9713
64443.2357
65919.2546
67408.8907
68912.0059
70428.4605
71958.1137
73500.8234
75056.4463
76624.8381
78205.853
79799.3442
81405.1637
83023.1625
84653.1902
86295.0954
87948.7258
89613.9277
91290.5464
92978.4264
94677.4108
96387.3418
98108.0607
99839.4077
101581.222
103333.342
105095.604
106867.846
108649.902
110441.607
112242.796
114053.299
115872.95
117701.579
119539.016
121385.091
123239.633
125102.469
126973.426
128852.33
130739.008
132633.283
134534.98
136443.922
138359.932
140282.832
142212.443
144148.587
146091.083
148039.751
149994.41
151954.879
153920.975
155892.516
157869.319
159851.2
161837.975
163829.46
165825.47
167825.819
169830.321
171838.791
173851.042
175866.887
177886.139
179908.61
181934.112
183962.458
185993.459
188026.927
190062.671
192100.505
194140.238
196181.68
198224.643
200268.936
202314.37
204360.755
206407.901
208455.617
210503.713
212552
214600.287
216648.383
218696.099
220743.245
222789.63
224835.064
226879.357
228922.32
230963.762
233003.495
235041.329
237077.073
239110.541
241141.542
243169.888
245195.39
247217.861
249237.113
251252.958
253265.209
255273.679
257278.181
259278.53
261274.54
263266.025
265252.8
267234.681
269211.484
271183.025
273149.121
275109.59
277064.249
279012.917
280955.413
282891.557
284821.168
286744.068
288660.078
290569.02
292470.717
294364.992
296251.67
298130.574
300001.531
301864.367
303718.909
305564.984
307402.421
309231.05
311050.701
312861.204
314662.393
316454.098
318236.154
320008.396
321770.658
323522.778
325264.592
326995.939
328716.658
330426.589
332125.574
333813.454
335490.072
337155.274
338808.905
340450.81
342080.838
343698.836
345304.656
346898.147
348479.162
350047.554
351603.177
353145.886
354675.539
356191.994
357695.109
359184.745
360660.764
362123.029
363571.403
365005.752
366425.944
367831.846
369223.327
370600.259
371962.514
373309.964
374642.485
375959.954
377262.247
378549.244
379820.826
381076.873
382317.271
383541.902
384750.655
385943.416
387120.074
388280.521
389424.649
390552.351
391663.522
392758.06
393835.863
394896.831
395940.865
396967.868
397977.745
398970.402
399945.746
400903.689
401844.139
402767.011
403672.217
404559.676
405429.302
406281.017
407114.741
407930.397
408727.908
409507.201
410268.204
411010.845
411735.056
412440.769
413127.919
413796.443
414446.277
415077.363
415689.64
416283.052
416857.545
417413.064
417949.559
418466.979
418965.276
419444.404
419904.319
420344.977
420766.339
421168.364
421551.016
421914.258
422258.058
422582.383
422887.203
423172.49
423438.217
423684.36
423910.896
424117.803
424305.063
424472.658
424620.573
424748.793
424857.308
424946.106
425015.18
425064.523
425094.13
