9.86648391
39.4285087
88.5739354
157.116339
244.795714
351.279463
476.163656
618.974565
779.17046
956.143662
1149.22285
1357.67561
1580.71121
1817.4836
2067.09462
2328.59741
2601
2883.26907
3174.33389
3473.09033
3778.40513
4089.1201
4404.05661
4722.01999
5041.80411
5362.19589
5681.98001
5999.94339
6314.8799
6625.59487
6930.90967
7229.66611
7520.73093
7803
8075.40259
8336.90538
8586.5164
8823.28879
9046.32439
9254.77715
9447.85634
9624.82954
9785.02543
9927.83634
10052.7205
10159.2043
10246.8837
10315.4261
10364.5715
10394.1335
