9.86953851
39.4773634
88.8211028
157.896804
246.698933
355.220376
483.45244
631.384852
799.005761
986.30174
1193.25778
1419.85731
1666.08218
1931.91265
2217.32743
2522.30366
2846.81691
3190.84119
3554.34892
3937.31099
4339.69673
4761.47389
5202.60869
5663.06579
6142.8083
6641.7978
7159.9943
7697.3563
8253.84075
8829.40306
9423.99714
10037.5753
10670.0885
11321.486
11991.7156
12680.7236
13388.4549
14114.8527
14859.8589
15623.4137
16405.456
17205.9231
18024.751
18861.874
19717.2251
20590.7357
21482.3359
22391.9543
23319.5179
24264.9525
25228.1823
26209.1302
27207.7175
28223.8644
29257.4893
30308.5095
31376.8408
32462.3976
33565.093
34684.8385
35821.5445
36975.12
38145.4725
39332.5083
40536.1323
41756.248
42992.7578
44245.5625
45514.5618
46799.654
48100.7362
49417.7042
50750.4525
52098.8742
53462.8614
54842.3049
56237.094
57647.1171
59072.2612
60512.4122
61967.4546
63437.272
64921.7465
66420.7592
67934.1901
69461.918
71003.8203
72559.7737
74129.6535
75713.3338
77310.6879
78921.5878
80545.9044
82183.5076
83834.2663
85498.0481
87174.7198
88864.147
90566.1946
92280.726
94007.6039
95746.69
97497.8451
99260.9287
101035.8
102822.316
104620.334
106429.71
108250.3
110081.956
111924.533
113777.883
115641.857
117516.307
119401.081
121296.03
123201
125115.84
127040.396
128974.514
130918.039
132870.816
134832.687
136803.496
138783.085
140771.295
142767.968
144772.942
146786.058
148807.153
150836.068
152872.637
154916.7
156968.091
159026.647
161092.202
163164.591
165243.649
167329.208
169421.101
171519.161
173623.22
175733.11
177848.66
179969.703
182096.067
184227.583
186364.079
188505.385
190651.329
192801.74
194956.444
197115.269
199278.043
201444.591
203614.742
205788.32
207965.151
210145.062
212327.877
214513.422
216701.521
218892
221084.682
223279.393
225475.955
227674.195
229873.934
232074.998
234277.209
236480.392
238684.369
240888.965
243094.002
245299.305
247504.695
249709.998
251915.035
254119.631
256323.608
258526.791
260729.002
262930.066
265129.805
267328.045
269524.607
271719.318
273912
276102.479
278290.578
280476.123
282658.938
284838.849
287015.68
289189.258
291359.409
293525.957
295688.731
297847.556
300002.26
302152.671
304298.615
306439.921
308576.417
310707.933
312834.297
314955.34
317070.89
319180.78
321284.839
323382.899
325474.792
327560.351
329639.409
331711.798
333777.353
335835.909
337887.3
339931.363
341967.932
343996.847
346017.942
348031.058
350036.032
352032.705
354020.915
356000.504
357971.313
359933.184
361885.961
363829.486
365763.604
367688.16
369603
371507.97
373402.919
375287.693
377162.143
379026.117
380879.467
382722.044
384553.7
386374.29
388183.666
389981.684
391768.2
393543.071
395306.155
397057.31
398796.396
400523.274
402237.805
403939.853
405629.28
407305.952
408969.734
410620.492
412258.096
413882.412
415493.312
417090.666
418674.347
420244.226
421800.18
423342.082
424869.81
426383.241
427882.254
429366.728
430836.545
432291.588
433731.739
435156.883
436566.906
437961.695
439341.139
440705.126
442053.548
443386.296
444703.264
446004.346
447289.438
448558.438
449811.242
451047.752
452267.868
453471.492
454658.527
455828.88
456982.455
458119.162
459238.907
460341.602
461427.159
462495.49
463546.511
464580.136
465596.282
466594.87
467575.818
468539.048
469484.482
470412.046
471321.664
472213.264
473086.775
473942.126
474779.249
475598.077
476398.544
477180.586
477944.141
478689.147
479415.545
480123.276
480812.284
481482.514
482133.911
482766.425
483380.003
483974.597
484550.159
485106.644
485644.006
486162.202
486661.192
487140.934
487601.391
488042.526
488464.303
488866.689
489249.651
489613.159
489957.183
490281.696
490586.673
490872.087
491137.918
491384.143
491610.742
491817.698
492004.994
492172.615
492320.548
492448.78
492557.301
492646.103
492715.179
492764.523
492794.13
