9.86949784
39.4767127
88.8178085
157.886393
246.673516
355.167676
483.354816
631.218327
798.739051
985.895286
1192.66278
1419.01475
1664.92186
1930.35226
2215.27156
2519.64283
2843.42665
3186.58107
3549.06163
3930.82136
4331.8108
4751.97799
5191.26851
5649.62544
6126.98938
6623.2985
7138.48849
7672.49259
8225.24163
8796.66399
9386.68564
9995.23012
10622.2186
11267.5698
11931.2002
12613.0238
13312.9522
14030.8947
14766.7584
15520.4478
16291.8654
17080.9112
17887.483
18711.4762
19552.7841
20411.2977
21286.9058
22179.4949
23088.9494
24015.1514
24957.981
25917.316
26893.0321
27885.0029
28893.0998
29917.1923
30957.1477
32012.8312
33084.106
34170.8334
35272.8726
36390.0808
37522.3132
38669.4231
39831.2619
41007.6792
42198.5224
43403.6372
44622.8677
45856.0557
47103.0415
48363.6635
49637.7585
50925.1613
52225.7051
53539.2215
54865.5402
56204.4895
57555.8958
58919.5841
60295.3776
61683.0981
63082.5659
64493.5996
65916.0163
67349.6319
68794.2605
70249.715
71715.8068
73192.346
74679.1413
76176
77682.7282
79199.1307
80725.011
82260.1714
83804.413
85357.5358
86919.3385
88489.6188
90068.1732
91654.7972
93249.2852
94851.4307
96461.0261
98077.8628
99701.7313
101332.421
102969.722
104613.42
106263.303
107919.158
109580.769
111247.922
112920.401
114597.988
116280.467
117967.619
119659.227
121355.069
123054.928
124758.583
126465.813
128176.397
129890.113
131606.739
133326.053
135047.831
136771.852
138497.892
140225.726
141955.132
143685.884
145417.76
147150.534
148883.981
150617.878
152352
154086.122
155820.019
157553.466
159286.24
161018.116
162748.868
164478.274
166206.108
167932.148
169656.169
171377.947
173097.261
174813.887
176527.603
178238.187
179945.417
181649.072
183348.931
185044.773
186736.381
188423.533
190106.012
191783.599
193456.078
195123.231
196784.842
198440.697
200090.58
201734.278
203371.579
205002.269
206626.137
208242.974
209852.569
211454.715
213049.203
214635.827
216214.381
217784.662
219346.464
220899.587
222443.829
223978.989
225504.869
227021.272
228528
230024.859
231511.654
232988.193
234454.285
235909.739
237354.368
238787.984
240210.4
241621.434
243020.902
244408.622
245784.416
247148.104
248499.51
249838.46
251164.778
252478.295
253778.839
255066.242
256340.336
257600.959
258847.944
260081.132
261300.363
262505.478
263696.321
264872.738
266034.577
267181.687
268313.919
269431.127
270533.167
271619.894
272691.169
273746.852
274786.808
275810.9
276818.997
277810.968
278786.684
279746.019
280688.849
281615.051
282524.505
283417.094
284292.702
285151.216
285992.524
286816.517
287623.089
288412.135
289183.552
289937.242
290673.105
291391.048
292090.976
292772.8
293436.43
294081.781
294708.77
295317.314
295907.336
296478.758
297031.507
297565.512
298080.702
298577.011
299054.375
299512.731
299952.022
300372.189
300773.179
301154.938
301517.419
301860.573
302184.357
302488.728
302773.648
303039.078
303284.985
303511.337
303718.105
303905.261
304072.782
304220.645
304348.832
304457.326
304546.114
304615.182
304664.523
304694.131
