9.86925
39.4727
88.7976
157.823
246.518
354.845
482.756
630.198
797.105
983.405
1189.02
1413.86
1657.82
1920.8
2202.7
2503.37
2822.7
3160.55
3516.77
3891.21
4283.7
4694.07
5122.15
5567.75
6030.68
6510.74
7007.72
7521.41
8051.57
8597.99
9160.43
9738.64
10332.4
10941.4
11565.4
12204.1
12857.3
13524.7
14205.9
14900.8
15608.9
16330
17063.8
17809.9
18568.1
19337.9
20119.2
20911.4
21714.4
22527.7
23350.9
24183.9
25026
25877.1
26736.7
27604.5
28480.1
29363.1
30253.1
31149.8
32052.7
32961.5
33875.7
34795
35719.1
36647.3
37579.5
38515.1
39453.8
40395.2
41338.8
42284.3
43231.2
44179.1
45127.6
46076.4
47024.9
47972.8
48919.7
49865.2
50808.8
51750.2
52688.9
53624.5
54556.7
55484.9
56409
57328.3
58242.5
59151.3
60054.2
60950.9
61840.9
62723.9
63599.5
64467.3
65326.9
66178
67020.1
67853.1
68676.3
69489.6
70292.6
71084.8
71866.1
72635.9
73394.1
74140.2
74874
75595.1
76303.2
76998.1
77679.3
78346.7
78999.9
79638.6
80262.6
80871.6
81465.4
82043.6
82606
83152.4
83682.6
84196.3
84693.3
85173.3
85636.2
86081.8
86509.9
86920.3
87312.8
87687.2
88043.4
88381.3
88700.6
89001.3
89283.2
89546.2
89790.1
90015
90220.6
90406.9
90573.8
90721.2
90849.2
90957.5
91046.2
91115.2
91164.5
91194.1
