9.8694
39.4752
88.8102
157.862
246.615
355.045
483.128
630.832
798.121
984.953
1191.28
1417.06
1662.23
1926.74
2210.51
2513.48
2835.57
3176.72
3536.82
3915.8
4313.56
4730.01
5165.04
5618.54
6090.42
6580.54
7088.8
7615.06
8159.2
8721.09
9300.58
9897.54
10511.8
11143.3
11791.7
12457.1
13139.1
13837.7
14552.6
15283.7
16030.8
16793.7
17572.2
18366.3
19175.5
19999.8
20839
21692.8
22561.1
23443.5
24340
25250.3
26174.2
27111.4
28061.7
29024.9
30000.7
30989
31989.4
33001.8
34025.8
35061.3
36107.9
37165.4
38233.7
39312.3
40401
41499.6
42607.8
43725.4
44852
45987.3
47131.2
48283.3
49443.4
50611.1
51786.2
52968.4
54157.4
55352.9
56554.6
57762.2
58975.4
60194
61417.7
62646
63878.8
65115.7
66356.5
67600.8
68848.3
70098.7
71351.8
72607.1
73864.5
75123.5
76384
77645.5
78907.8
80170.5
81433.5
82696.2
83958.5
85220
86480.5
87739.5
88996.9
90252.2
91505.3
92755.7
94003.2
95247.5
96488.3
97725.2
98958
100186
101410
102629
103842
105049
106251
107447
108636
109818
110993
112161
113321
114473
115617
116752
117879
118996
120104
121203
122292
123370
124439
125496
126543
127578
128602
129615
130615
131603
132579
133542
134493
135430
136354
137264
138160
139043
139911
140765
141604
142428
143238
144032
144810
145573
146320
147051
147766
148465
149147
149812
150461
151092
151706
152303
152883
153445
153989
154515
155023
155514
155985
156439
156874
157290
157688
158067
158427
158768
159091
159393
159677
159942
160187
160413
160619
160806
160973
161121
161249
161357
161446
161515
161565
161594
