9.86934235
39.4742249
88.8052152
157.846596
246.576369
354.966265
482.981748
630.582033
797.72009
984.342669
1190.39031
1415.79736
1660.492
1924.39628
2207.4261
2509.4913
2830.49562
3170.3368
3528.90655
3906.09064
4301.76888
4715.8152
5148.09769
5598.47862
6066.81449
6552.95608
7056.7485
7578.03124
8116.6382
8672.39779
9245.13293
9834.66113
10440.7946
11063.3401
11702.0995
12356.869
13027.4402
13713.5994
14415.128
15131.8024
15863.3943
16609.6706
17370.3935
18145.3207
18934.2052
19736.7958
20552.8367
21382.0678
22224.225
23079.0401
23946.2405
24825.55
25716.6885
26619.372
27533.3129
28458.2201
29393.7988
30339.7509
31295.7751
32261.5668
33236.8182
34221.2186
35214.4544
36216.2091
37226.1636
38243.996
39269.3821
40301.9951
41341.5062
42387.5839
43439.8952
44498.1046
45561.8751
46630.8677
47704.7418
48783.1552
49865.7644
50952.2244
52042.1891
53135.3111
54231.2423
55329.6334
56430.1345
57532.3949
58636.0635
59740.7885
60846.2181
61952
63057.7819
64163.2115
65267.9365
66371.6051
67473.8655
68574.3666
69672.7577
70768.6889
71861.8109
72951.7756
74038.2356
75120.8448
76199.2582
77273.1323
78342.1249
79405.8954
80464.1048
81516.4161
82562.4938
83602.0049
84634.6179
85660.004
86677.8364
87687.7909
88689.5456
89682.7814
90667.1818
91642.4332
92608.2249
93564.2491
94510.2012
95445.7799
96370.6871
97284.628
98187.3115
99078.45
99957.7595
100824.96
101679.775
102521.932
103351.163
104167.204
104969.795
105758.679
106533.607
107294.329
108040.606
108772.198
109488.872
110190.401
110876.56
111547.131
112201.901
112840.66
113463.205
114069.339
114658.867
115231.602
115787.362
116325.969
116847.251
117351.044
117837.186
118305.521
118755.902
119188.185
119602.231
119997.909
120375.093
120733.663
121073.504
121394.509
121696.574
121979.604
122243.508
122488.203
122713.61
122919.657
123106.28
123273.418
123421.018
123549.034
123657.424
123746.153
123815.195
123864.526
123894.131
