9.87272
39.4628
88.7631
157.712
246.242
354.276
481.706
628.4
794.231
979.028
1182.62
1404.8
1645.36
1904.07
2180.67
2474.9
2786.47
3115.09
3460.43
3822.15
4199.92
4593.37
5002.1
5425.74
5863.86
6316.05
6781.87
7260.86
7752.57
8256.51
8772.2
9299.15
9836.83
10384.7
10942.3
11509.1
12084.4
12667.8
13258.7
13856.5
14460.6
15070.5
15685.5
16305.1
16928.7
17555.6
18185.3
18817.1
19450.4
20084.7
20719.3
21353.6
21986.9
22618.7
23248.4
23875.3
24498.9
25118.5
25733.5
26343.4
26947.5
27545.3
28136.2
28719.6
29294.9
29861.7
30419.3
30967.2
31504.9
32031.8
32547.5
33051.4
33543.1
34022.1
34487.9
34940.1
35378.3
35801.9
36210.6
36604.1
36981.8
37343.6
37688.9
38017.5
38329.1
38623.3
38899.9
39158.6
39399.2
39621.4
39825
40009.8
40175.6
40322.3
40449.7
40557.8
40646.3
40715.2
40764.5
40794.1
