9.86944547
39.4758748
88.8135672
157.872989
246.640796
355.099835
483.229149
631.003979
798.395771
985.37218
1191.89708
1417.93055
1663.42893
1928.34477
2212.62689
2516.22036
2839.0665
3181.10294
3542.26359
3922.47865
4321.67466
4739.77448
5176.69733
5632.35876
6106.67075
6599.54163
7110.87617
7640.57556
8188.53744
8754.65595
9338.82167
9940.92175
10560.8398
11198.4561
11853.6474
12526.2871
13216.2452
13923.3885
14647.5802
15388.6804
16146.5459
16921.0304
17711.9841
18519.2541
19342.6846
20182.1164
21037.3872
21908.3319
22794.7821
23696.5665
24613.511
25545.4382
26492.1682
27453.518
28429.3018
29419.3311
30423.4145
31441.3581
32472.9652
33518.0364
34576.3698
35647.7608
36732.0026
37828.8854
38938.1975
40059.7243
41193.2494
42338.5535
43495.4154
44663.6115
45842.9162
47033.1015
48233.9374
49445.192
50666.6311
51898.0188
53139.1171
54389.6862
55649.4844
56918.2683
58195.7928
59481.811
60776.0743
62078.3327
63388.3346
64705.8268
66030.5548
67362.2625
68700.6927
70045.5867
71396.6846
72753.7254
74116.4469
75484.5856
76857.8774
78236.0567
79618.8573
81006.012
82397.2528
83792.3108
85190.9164
86592.7995
87997.689
89405.3136
90815.4013
92227.6795
93641.8754
95057.7157
96474.9269
97893.235
99312.3661
100732.046
102152
103571.954
104991.634
106410.765
107829.073
109246.284
110662.125
112076.321
113488.599
114898.686
116306.311
117711.201
119113.084
120511.689
121906.747
123297.988
124685.143
126067.943
127446.123
128819.414
130187.553
131550.275
132907.315
134258.413
135603.307
136941.737
138273.445
139598.173
140915.665
142225.667
143527.926
144822.189
146108.207
147385.732
148654.516
149914.314
151164.883
152405.981
153637.369
154858.808
156070.063
157270.899
158461.084
159640.388
160808.585
161965.447
163110.751
164244.276
165365.803
166475.115
167571.997
168656.239
169727.63
170785.964
171831.035
172862.642
173880.585
174884.669
175874.698
176850.482
177811.832
178758.562
179690.489
180607.433
181509.218
182395.668
183266.613
184121.884
184961.315
185784.746
186592.016
187382.97
188157.454
188915.32
189656.42
190380.612
191087.755
191777.713
192450.353
193105.544
193743.16
194363.078
194965.178
195549.344
196115.463
196663.424
197193.124
197704.458
198197.329
198671.641
199127.303
199564.226
199982.325
200381.521
200761.736
201122.897
201464.933
201787.78
202091.373
202375.655
202640.571
202886.069
203112.103
203318.628
203505.604
203672.996
203820.771
203948.9
204057.359
204146.127
204215.186
204264.524
204294.131
