0.0201
0 0
0.01 3.36683e-07
0.02 6.93029e-07
0.03 1.08965e-06
0.04 1.54911e-06
0.05 2.09695e-06
0.06 2.76291e-06
0.07 3.58219e-06
0.08 4.59701e-06
0.09 5.85837e-06
0.1 7.42805e-06
0.11 9.38112e-06
0.12 1.18087e-05
0.13 1.48213e-05
0.14 1.85528e-05
0.15 2.3165e-05
0.16 2.88531e-05
0.17 3.58518e-05
0.18 4.44428e-05
0.19 5.49633e-05
0.2 6.78155e-05
0.21 8.34783e-05
0.22 0.00010252
0.23 0.000125613
0.24 0.000153552
0.25 0.000187271
0.26 0.000227866
0.27 0.00027662
0.28 0.00033503
0.29 0.000404838
0.3 0.000488063
0.31 0.000587041
0.32 0.000704467
0.33 0.000843436
0.34 0.0010075
0.35 0.00120071
0.36 0.0014277
0.37 0.0016937
0.38 0.00200467
0.39 0.00236731
0.4 0.00278916
0.41 0.0032787
0.42 0.00384537
0.43 0.00449973
0.44 0.00525348
0.45 0.00611958
0.46 0.00711233
0.47 0.00824745
0.48 0.00954215
0.49 0.0110152
0.5 0.0126871
0.51 0.01458
0.52 0.0167178
0.53 0.0191262
0.54 0.0218327
0.55 0.0248669
0.56 0.0282599
0.57 0.0320448
0.58 0.0362564
0.59 0.0409313
0.6 0.0461075
0.61 0.0518248
0.62 0.0581238
0.63 0.0650469
0.64 0.0726368
0.65 0.0809372
0.66 0.0899923
0.67 0.099846
0.68 0.110542
0.69 0.122124
0.7 0.134635
0.71 0.148114
0.72 0.162601
0.73 0.178134
0.74 0.194745
0.75 0.212466
0.76 0.231324
0.77 0.251342
0.78 0.272538
0.79 0.294928
0.8 0.318518
0.81 0.343312
0.82 0.369306
0.83 0.39649
0.84 0.42485
0.85 0.454361
0.86 0.484995
0.87 0.516715
0.88 0.549477
0.89 0.583233
0.9 0.617926
0.91 0.653493
0.92 0.689866
0.93 0.72697
0.94 0.764726
0.95 0.803051
0.96 0.841855
0.97 0.881048
0.98 0.920534
0.99 0.960218
1 1
