0.0200485
0 0
0.01 3.26243e-07
0.02 6.71654e-07
0.03 1.05633e-06
0.04 1.50228e-06
0.05 2.03444e-06
0.06 2.68186e-06
0.07 3.47896e-06
0.08 4.46706e-06
0.09 5.69606e-06
0.1 7.22654e-06
0.11 9.13208e-06
0.12 1.15021e-05
0.13 1.4445e-05
0.14 1.80924e-05
0.15 2.26034e-05
0.16 2.81698e-05
0.17 3.50226e-05
0.18 4.34392e-05
0.19 5.37517e-05
0.2 6.63567e-05
0.21 8.17262e-05
0.22 0.000100421
0.23 0.000123105
0.24 0.000150563
0.25 0.000183717
0.26 0.000223652
0.27 0.000271637
0.28 0.000329152
0.29 0.000397922
0.3 0.000479947
0.31 0.000577542
0.32 0.000693378
0.33 0.000830526
0.34 0.000992508
0.35 0.00118335
0.36 0.00140764
0.37 0.0016706
0.38 0.00197813
0.39 0.0023369
0.4 0.00275441
0.41 0.00323909
0.42 0.00380036
0.43 0.00444871
0.44 0.00519581
0.45 0.00605458
0.46 0.00703927
0.47 0.00816554
0.48 0.0094506
0.49 0.0109132
0.5 0.0125737
0.51 0.0144543
0.52 0.0165788
0.53 0.0189731
0.54 0.0216645
0.55 0.0246826
0.56 0.0280586
0.57 0.0318256
0.58 0.0360184
0.59 0.0406736
0.6 0.0458295
0.61 0.0515256
0.62 0.057803
0.63 0.0647039
0.64 0.0722713
0.65 0.080549
0.66 0.0895812
0.67 0.0994123
0.68 0.110086
0.69 0.121646
0.7 0.134136
0.71 0.147595
0.72 0.162063
0.73 0.177578
0.74 0.194173
0.75 0.211879
0.76 0.230725
0.77 0.250733
0.78 0.271923
0.79 0.294308
0.8 0.317897
0.81 0.342692
0.82 0.368691
0.83 0.395884
0.84 0.424255
0.85 0.453781
0.86 0.484434
0.87 0.516176
0.88 0.548964
0.89 0.582749
0.9 0.617474
0.91 0.653077
0.92 0.689488
0.93 0.726633
0.94 0.764433
0.95 0.802803
0.96 0.841654
0.97 0.880896
0.98 0.920432
0.99 0.960167
1 1
