0.0200485
0 0
0.01 -8.42844e-06
0.02 1.84313e-05
0.03 -2.71149e-05
0.04 4.08793e-05
0.05 -5.15941e-05
0.06 7.20348e-05
0.07 -8.6774e-05
0.08 0.000118012
0.09 -0.000139246
0.1 0.000187247
0.11 -0.000218193
0.12 0.000291635
0.13 -0.00033653
0.14 0.000447979
0.15 -0.000512364
0.16 0.000679857
0.17 -0.000770825
0.18 0.00101998
0.19 -0.00114635
0.2 0.00151317
0.21 -0.00168546
0.22 0.00221992
0.23 -0.00245004
0.24 0.00322074
0.25 -0.00352109
0.26 0.00462112
0.27 -0.00500289
0.28 0.00655713
0.29 -0.0070273
0.3 0.00920137
0.31 -0.00975804
0.32 0.0127691
0.33 -0.0133943
0.34 0.017524
0.35 -0.0181734
0.36 0.0237829
0.37 -0.0243714
0.38 0.0319191
0.39 -0.0323012
0.4 0.0423624
0.41 -0.0423067
0.42 0.0555964
0.43 -0.0547527
0.44 0.0721505
0.45 -0.0700092
0.46 0.0925863
0.47 -0.0884286
0.48 0.117478
0.49 -0.110318
0.5 0.147384
0.51 -0.135903
0.52 0.182817
0.53 -0.165286
0.54 0.224201
0.55 -0.198404
0.56 0.271827
0.57 -0.234976
0.58 0.325807
0.59 -0.274465
0.6 0.386029
0.61 -0.316027
0.62 0.452113
0.63 -0.35849
0.64 0.52338
0.65 -0.400332
0.66 0.598829
0.67 -0.439688
0.68 0.677139
0.69 -0.474374
0.7 0.756684
0.71 -0.50194
0.72 0.835578
0.73 -0.519751
0.74 0.91174
0.75 -0.525092
0.76 0.982981
0.77 -0.515297
0.78 1.04712
0.79 -0.487893
0.8 1.10209
0.81 -0.440754
0.82 1.14609
0.83 -0.372254
0.84 1.17769
0.85 -0.281403
0.86 1.19595
0.87 -0.167963
0.88 1.20051
0.89 -0.0325319
0.9 1.19166
0.91 0.123428
0.92 1.17035
0.93 0.297597
0.94 1.13814
0.95 0.486865
0.96 1.09721
0.97 0.687442
0.98 1.05017
0.99 0.895023
1 1
