0.0200485
0 0
0.01 3.75066e-07
0.02 7.71092e-07
0.03 1.21002e-06
0.04 1.71577e-06
0.05 2.31535e-06
0.06 3.04001e-06
0.07 3.92664e-06
0.08 5.01926e-06
0.09 6.3708e-06
0.1 8.0452e-06
0.11 1.01198e-05
0.12 1.26883e-05
0.13 1.58639e-05
0.14 1.97833e-05
0.15 2.46114e-05
0.16 3.05467e-05
0.17 3.78272e-05
0.18 4.6738e-05
0.19 5.76195e-05
0.2 7.08773e-05
0.21 8.69935e-05
0.22 0.000106539
0.23 0.000130188
0.24 0.000158737
0.25 0.00019312
0.26 0.000234433
0.27 0.000283956
0.28 0.000343182
0.29 0.000413846
0.3 0.000497959
0.31 0.000597844
0.32 0.000716179
0.33 0.000856041
0.34 0.00102096
0.35 0.00121495
0.36 0.0014426
0.37 0.00170913
0.38 0.00202042
0.39 0.00238312
0.4 0.00280472
0.41 0.00329361
0.42 0.00385918
0.43 0.00451186
0.44 0.00526329
0.45 0.00612632
0.46 0.00711512
0.47 0.00824531
0.48 0.00953398
0.49 0.0109998
0.5 0.0126631
0.51 0.0145458
0.52 0.0166719
0.53 0.0190668
0.54 0.0217581
0.55 0.0247749
0.56 0.0281486
0.57 0.031912
0.58 0.0361
0.59 0.040749
0.6 0.0458971
0.61 0.051584
0.62 0.0578506
0.63 0.064739
0.64 0.0722925
0.65 0.0805547
0.66 0.08957
0.67 0.0993827
0.68 0.110037
0.69 0.121576
0.7 0.134044
0.71 0.14748
0.72 0.161926
0.73 0.177417
0.74 0.193989
0.75 0.211673
0.76 0.230496
0.77 0.250483
0.78 0.271653
0.79 0.29402
0.8 0.317592
0.81 0.342373
0.82 0.368361
0.83 0.395545
0.84 0.42391
0.85 0.453434
0.86 0.484088
0.87 0.515835
0.88 0.548631
0.89 0.582428
0.9 0.617169
0.91 0.65279
0.92 0.689224
0.93 0.726395
0.94 0.764223
0.95 0.802624
0.96 0.841508
0.97 0.880785
0.98 0.920357
0.99 0.960129
1 1
