0.0209527 0.3
0.0302562 0.6
0.0363626 0.9
0.0407325 1.2
0.0439334 1.5
0.0462591 1.8
0.0478873 2.1
0.0489359 2.4
0.0494889 2.7
0.0496086 3
0.0493435 3.3
0.0487318 3.6
0.0478048 3.9
0.046588 4.2
0.0451027 4.5
0.0433668 4.8
0.0413951 5.1
0.0391997 5.4
0.0367903 5.7
0.0341738 6
0.0313542 6.3
0.0283316 6.6
0.0251008 6.9
0.0216472 7.2
0.0179381 7.5
0.0138951 7.8
0.00933698 8.1
0.00438439 8.4
0.000996661 8.7
9.61214e-05 9
5.02236e-06 9.3
1.78281e-07 9.6
4.77877e-09 9.9
1.0192e-10 10.2
1.78453e-12 10.5
2.6202e-14 10.8
3.27676e-16 11.1
3.53246e-18 11.4
3.31453e-20 11.7
2.72861e-22 12
1.98409e-24 12.3
1.28013e-26 12.6
7.60152e-29 12.9
2.4306e-31 13.2
8.83852e-33 13.5
5.80327e-33 13.8
2.17252e-32 14.1
4.76258e-33 14.4
1.10476e-32 14.7
2.00147e-32 15
2.90386e-33 15.3
2.63516e-32 15.6
3.87649e-33 15.9
2.39563e-32 16.2
2.15954e-32 16.5
2.11494e-33 16.8
4.10347e-32 17.1
5.15567e-32 17.4
2.76983e-32 17.7
8.7069e-33 18
1.8236e-33 18.3
2.73492e-34 18.6
3.07621e-35 18.9
2.6823e-36 19.2
1.85767e-37 19.5
1.0419e-38 19.8
4.80747e-40 20.1
1.84858e-41 20.4
5.98905e-43 20.7
1.65064e-44 21
3.90178e-46 21.3
7.96862e-48 21.6
1.41528e-49 21.9
2.19857e-51 22.2
3.00328e-53 22.5
3.62513e-55 22.8
3.88721e-57 23.1
3.72866e-59 23.4
0 23.7
0 24
0 24.3
0 24.6
0 24.9
0 25.2
0 25.5
0 25.8
0 26.1
0 26.4
0 26.7
0 27
0 27.3
0 27.6
0 27.9
0 28.2
0 28.5
0 28.8
0 29.1
0 29.4
0 29.7
0 30
