0.494868 0.3
0.385854 0.6
0.113381 0.9
0.00584145 1.2
5.56066e-05 1.5
1.76734e-07 1.8
2.51021e-10 2.1
1.85129e-13 2.4
7.81515e-17 2.7
2.02621e-20 3
3.40515e-24 3.3
3.87182e-28 3.6
3.08481e-32 3.9
1.77317e-36 4.2
7.53721e-41 4.5
2.42006e-45 4.8
5.97848e-50 5.1
1.15483e-54 5.4
1.76928e-59 5.7
2.17743e-64 6
2.1772e-69 6.3
1.7869e-74 6.6
1.50296e-79 6.9
3.61158e-79 7.2
2.34217e-77 7.5
2.62733e-77 7.8
1.63089e-79 8.1
2.43998e-82 8.4
1.50409e-85 8.7
4.80314e-89 9
9.03323e-93 9.3
1.08663e-96 9.6
8.85905e-101 9.9
0 10.2
0 10.5
0 10.8
0 11.1
0 11.4
0 11.7
0 12
0 12.3
0 12.6
0 12.9
0 13.2
0 13.5
0 13.8
0 14.1
0 14.4
0 14.7
0 15
0 15.3
0 15.6
0 15.9
0 16.2
0 16.5
0 16.8
0 17.1
0 17.4
0 17.7
0 18
0 18.3
0 18.6
0 18.9
0 19.2
0 19.5
0 19.8
0 20.1
0 20.4
0 20.7
0 21
0 21.3
0 21.6
0 21.9
0 22.2
0 22.5
0 22.8
0 23.1
0 23.4
0 23.7
0 24
0 24.3
0 24.6
0 24.9
0 25.2
0 25.5
0 25.8
0 26.1
0 26.4
0 26.7
0 27
0 27.3
0 27.6
0 27.9
0 28.2
0 28.5
0 28.8
0 29.1
0 29.4
0 29.7
0 30
