0.0559668 0.29703
0.0776804 0.594059
0.0893527 0.891089
0.0953089 1.18812
0.0972827 1.48515
0.0961972 1.78218
0.0926212 2.07921
0.0869351 2.37624
0.0794026 2.67327
0.0702004 2.9703
0.0594192 3.26733
0.0470138 3.56436
0.0326078 3.86139
0.0160977 4.15842
0.00361937 4.45545
0.000283879 4.75248
1.00719e-05 5.0495
2.15818e-07 5.34653
3.18807e-09 5.64356
3.46483e-11 5.94059
2.88209e-13 6.23762
1.88565e-15 6.53465
9.90374e-18 6.83168
4.2432e-20 7.12871
1.5026e-22 7.42574
4.44673e-25 7.72277
1.11019e-27 8.0198
2.35564e-30 8.31683
4.2043e-33 8.61386
4.80744e-36 8.91089
1.62553e-38 9.20792
4.67825e-39 9.50495
2.37902e-40 9.80198
9.00326e-42 10.099
3.46074e-43 10.396
7.2463e-45 10.6931
1.53976e-46 10.9901
1.9551e-48 11.2871
1.64631e-50 11.5842
1.94186e-52 11.8812
1.38692e-54 12.1782
5.14121e-57 12.4752
3.14719e-59 12.7723
9.13423e-62 13.0693
7.15531e-64 13.3663
2.73824e-66 13.6634
1.15537e-65 13.9604
1.921e-65 14.2574
4.77681e-68 14.5545
9.27711e-65 14.8515
4.81814e-65 15.1485
2.05685e-64 15.4455
8.5999e-65 15.7426
1.31496e-65 16.0396
1.02352e-66 16.3366
4.74302e-68 16.6337
1.43584e-69 16.9307
3.02113e-71 17.2277
4.61961e-73 17.5248
5.30969e-75 17.8218
4.71062e-77 18.1188
3.29566e-79 18.4158
1.85082e-81 18.7129
8.46897e-84 19.0099
3.19811e-86 19.3069
1.00776e-88 19.604
2.67572e-91 19.901
0 20.198
0 20.495
0 20.7921
0 21.0891
0 21.3861
0 21.6832
0 21.9802
0 22.2772
0 22.5743
0 22.8713
0 23.1683
0 23.4653
0 23.7624
0 24.0594
0 24.3564
0 24.6535
0 24.9505
0 25.2475
0 25.5446
0 25.8416
0 26.1386
0 26.4356
0 26.7327
0 27.0297
0 27.3267
0 27.6238
0 27.9208
0 28.2178
0 28.5149
0 28.8119
0 29.1089
0 29.4059
0 29.703
