0.000659433 0.29703
0.000985597 0.594059
0.00122756 0.891089
0.00142698 1.18812
0.00159953 1.48515
0.0017531 1.78218
0.00189245 2.07921
0.00202271 2.37624
0.00216033 2.67327
0.00235276 2.9703
0.0026521 3.26733
0.00304841 3.56436
0.00349763 3.86139
0.00397424 4.15842
0.00447043 4.45545
0.00498421 4.75248
0.00551461 5.0495
0.00606051 5.34653
0.00662052 5.64356
0.00719295 5.94059
0.00777594 6.23762
0.00836749 6.53465
0.00896549 6.83168
0.00956774 7.12871
0.010172 7.42574
0.010776 7.72277
0.0113774 8.0198
0.0119739 8.31683
0.0125633 8.61386
0.0131432 8.91089
0.0137114 9.20792
0.0142656 9.50495
0.0148038 9.80198
0.0153237 10.099
0.0158234 10.396
0.0163009 10.6931
0.0167542 10.9901
0.0171816 11.2871
0.0175814 11.5842
0.017952 11.8812
0.018292 12.1782
0.0185999 12.4752
0.0188745 12.7723
0.0191146 13.0693
0.0193194 13.3663
0.019488 13.6634
0.0196196 13.9604
0.0197137 14.2574
0.0197699 14.5545
0.0197879 14.8515
0.0197675 15.1485
0.0197088 15.4455
0.019612 15.7426
0.0194773 16.0396
0.0193053 16.3366
0.0190965 16.6337
0.0188517 16.9307
0.0185718 17.2277
0.0182577 17.5248
0.0179107 17.8218
0.017532 18.1188
0.0171231 18.4158
0.0166854 18.7129
0.0162206 19.0099
0.0157304 19.3069
0.0152166 19.604
0.0146813 19.901
0.0141263 20.198
0.0135538 20.495
0.0129659 20.7921
0.0123649 21.0891
0.0117529 21.3861
0.0111323 21.6832
0.0105055 21.9802
0.0098747 22.2772
0.00924235 22.5743
0.00861079 22.8713
0.00798238 23.1683
0.00735945 23.4653
0.00674431 23.7624
0.00613922 24.0594
0.00554638 24.3564
0.00496793 24.6535
0.00440592 24.9505
0.00386229 25.2475
0.00333887 25.5446
0.00283732 25.8416
0.00235908 26.1386
0.00190531 26.4356
0.00147667 26.7327
0.00107282 27.0297
0.000690202 27.3267
0.000320409 27.6238
5.55894e-05 27.9208
1.67614e-06 28.2178
9.95527e-09 28.5149
1.51468e-11 28.8119
5.33716e-15 29.1089
2.79669e-19 29.4059
6.06102e-25 29.703
