6.00294e-05 0.29703
0.000108136 0.594059
0.000197324 0.891089
0.000329802 1.18812
0.000500121 1.48515
0.000706841 1.78218
0.000949129 2.07921
0.00122607 2.37624
0.00153661 2.67327
0.00187957 2.9703
0.00225361 3.26733
0.00265731 3.56436
0.00308909 3.86139
0.00354729 4.15842
0.00403013 4.45545
0.00453575 4.75248
0.00506219 5.0495
0.00560742 5.34653
0.00616932 5.64356
0.00674572 5.94059
0.00733439 6.23762
0.00793305 6.53465
0.00853937 6.83168
0.00915103 7.12871
0.00976563 7.42574
0.0103808 7.72277
0.0109942 8.0198
0.0116034 8.31683
0.0122061 8.61386
0.0127999 8.91089
0.0133825 9.20792
0.0139517 9.50495
0.0145053 9.80198
0.015041 10.099
0.015557 10.396
0.0160511 10.6931
0.0165214 10.9901
0.0169662 11.2871
0.0173836 11.5842
0.0177722 11.8812
0.0181303 12.1782
0.0184565 12.4752
0.0187497 12.7723
0.0190087 13.0693
0.0192325 13.3663
0.0194202 13.6634
0.019571 13.9604
0.0196845 14.2574
0.0197601 14.5545
0.0197976 14.8515
0.0197968 15.1485
0.0197577 15.4455
0.0196804 15.7426
0.0195653 16.0396
0.0194129 16.3366
0.0192236 16.6337
0.0189982 16.9307
0.0187376 17.2277
0.0184428 17.5248
0.018115 17.8218
0.0177553 18.1188
0.0173653 18.4158
0.0169463 18.7129
0.0165 19.0099
0.0160282 19.3069
0.0155327 19.604
0.0150153 19.901
0.0144781 20.198
0.0139231 20.495
0.0133526 20.7921
0.0127686 21.0891
0.0121736 21.3861
0.0115696 21.6832
0.0109592 21.9802
0.0103446 22.2772
0.00972826 22.5743
0.00911253 22.8713
0.00849978 23.1683
0.0078924 23.4653
0.00729273 23.7624
0.00670309 24.0594
0.00612576 24.3564
0.00556296 24.6535
0.00501689 24.9505
0.00448964 25.2475
0.00398325 25.5446
0.00349969 25.8416
0.00304081 26.1386
0.0026084 26.4356
0.00220412 26.7327
0.00182952 27.0297
0.00148606 27.3267
0.00117505 27.6238
0.000897667 27.9208
0.000654954 28.2178
0.000447779 28.5149
0.000276785 28.8119
0.00014212 29.1089
4.30007e-05 29.4059
1.56322e-06 29.703
