0.00186013 0.29703
0.00277012 0.594059
0.00343758 0.891089
0.00398129 1.18812
0.00444612 1.48515
0.00485466 1.78218
0.00522018 2.07921
0.00555127 2.37624
0.00585389 2.67327
0.00613237 2.9703
0.00638996 3.26733
0.00662922 3.56436
0.00685217 3.86139
0.00706047 4.15842
0.00725547 4.45545
0.00743836 4.75248
0.00761037 5.0495
0.00777401 5.34653
0.0079382 5.64356
0.0081311 5.94059
0.00840997 6.23762
0.00883032 6.53465
0.00938728 6.83168
0.0100219 7.12871
0.0106786 7.42574
0.0113288 7.72277
0.0119627 8.0198
0.0125778 8.31683
0.0131737 8.61386
0.0137503 8.91089
0.0143069 9.20792
0.0148429 9.50495
0.0153572 9.80198
0.0158484 10.099
0.0163153 10.396
0.0167565 10.6931
0.0171704 10.9901
0.0175556 11.2871
0.0179109 11.5842
0.0182347 11.8812
0.018526 12.1782
0.0187834 12.4752
0.019006 12.7723
0.0191928 13.0693
0.019343 13.3663
0.0194557 13.6634
0.0195305 13.9604
0.0195669 14.2574
0.0195645 14.5545
0.0195232 14.8515
0.0194428 15.1485
0.0193237 15.4455
0.0191658 15.7426
0.0189697 16.0396
0.0187359 16.3366
0.018465 16.6337
0.0181578 16.9307
0.0178153 17.2277
0.0174385 17.5248
0.0170286 17.8218
0.0165869 18.1188
0.0161149 18.4158
0.0156141 18.7129
0.0150861 19.0099
0.0145328 19.3069
0.0139558 19.604
0.0133572 19.901
0.0127388 20.198
0.0121028 20.495
0.0114513 20.7921
0.0107863 21.0891
0.0101101 21.3861
0.00942476 21.6832
0.00873253 21.9802
0.00803556 22.2772
0.00733593 22.5743
0.00663569 22.8713
0.00593676 23.1683
0.00524089 23.4653
0.00454956 23.7624
0.00386383 24.0594
0.00318398 24.3564
0.0025087 24.6535
0.00183238 24.9505
0.00113625 25.2475
0.000441945 25.5446
5.96407e-05 25.8416
2.22241e-06 26.1386
3.2423e-08 26.4356
2.36087e-10 26.7327
9.28766e-13 27.0297
2.00537e-15 27.3267
2.33422e-18 27.6238
1.39937e-21 27.9208
4.002e-25 28.2178
4.84407e-29 28.5149
2.05503e-33 28.8119
2.23786e-38 29.1089
3.83917e-44 29.4059
1.25702e-50 29.703
