2 -1.74567 0.911259 0.382582 0.715523
2.002 -1.74416 0.910819 0.373584 0.720334
2.004 -1.7425 0.909918 0.396368 0.72938
2.006 -1.74113 0.90926 0.402615 0.735775
2.008 -1.73891 0.908088 0.431946 0.742082
2.01 -1.73782 0.907651 0.419314 0.745996
2.012 -1.7365 0.907094 0.433874 0.743131
2.014 -1.73493 0.906327 0.444747 0.76069
2.016 -1.7338 0.905937 0.430308 0.757538
2.018 -1.73199 0.905136 0.442206 0.759532
2.02 -1.73071 0.904518 0.45131 0.764369
2.022 -1.72902 0.903711 0.45574 0.773963
2.024 -1.72734 0.902997 0.448206 0.773358
2.026 -1.72573 0.902089 0.480391 0.783958
2.028 -1.72453 0.901533 0.475873 0.77948
2.03 -1.72274 0.900562 0.492693 0.787292
2.032 -1.72144 0.899879 0.50723 0.790691
2.034 -1.71894 0.898727 0.498621 0.792833
2.036 -1.71779 0.898023 0.535279 0.809407
2.038 -1.71615 0.897306 0.534184 0.807028
2.04 -1.71462 0.896683 0.551897 0.821405
2.042 -1.71335 0.896125 0.543892 0.815311
2.044 -1.71182 0.895487 0.527192 0.813961
2.046 -1.70957 0.894182 0.557356 0.820032
2.048 -1.70861 0.893719 0.574159 0.82244
2.05 -1.7066 0.892373 0.616006 0.841563
2.052 -1.70428 0.89116 0.628338 0.852353
2.054 -1.70343 0.891371 0.567646 0.840206
2.056 -1.70236 0.89083 0.581496 0.840947
2.058 -1.70027 0.889394 0.664211 0.846242
2.06 -1.69907 0.888866 0.668508 0.861139
2.062 -1.69733 0.888467 0.578835 0.839521
2.064 -1.69502 0.886665 0.698571 0.868919
2.066 -1.69365 0.886092 0.649677 0.861084
2.068 -1.69159 0.885107 0.682753 0.872376
2.07 -1.68945 0.883501 0.762645 0.881603
2.072 -1.68805 0.883327 0.695114 0.873468
2.074 -1.68661 0.882445 0.698498 0.880904
2.076 -1.68419 0.880803 0.786705 0.903528
2.078 -1.68265 0.879885 0.821849 0.9162
2.08 -1.68096 0.879658 0.74571 0.901306
2.082 -1.67912 0.878557 0.756338 0.908748
2.084 -1.6765 0.87672 0.795763 0.910559
2.086 -1.67557 0.876619 0.785821 0.924975
2.088 -1.6733 0.875389 0.798677 0.927068
2.09 -1.67159 0.874316 0.850157 0.928317
2.092 -1.66937 0.872744 0.871256 0.938073
2.094 -1.66723 0.871165 0.936672 0.957008
2.096 -1.66552 0.870226 1.00272 0.958128
2.098 -1.66433 0.870385 0.908186 0.952536
2.1 -1.66179 0.868611 0.942364 0.968856
2.102 -1.66037 0.867906 0.933562 0.958661
2.104 -1.65809 0.866272 1.0012 0.981552
2.106 -1.65605 0.865582 0.973575 0.973638
2.108 -1.65464 0.865035 0.943402 0.97727
2.11 -1.65226 0.863019 1.04125 0.991363
2.112 -1.65004 0.861389 1.15079 1.00295
2.114 -1.64812 0.860544 1.16827 1.00237
2.116 -1.64678 0.860211 1.05421 1.00715
2.118 -1.64461 0.859 1.05021 1.00181
2.12 -1.64122 0.855054 1.47109 1.06149
2.122 -1.64118 0.856857 1.09047 1.00834
2.124 -1.63817 0.85444 1.27017 1.04214
2.126 -1.63622 0.852978 1.37089 1.05531
2.128 -1.63324 0.851138 1.31578 1.05545
2.13 -1.63139 0.850173 1.31604 1.05502
2.132 -1.62945 0.849068 1.38686 1.07607
2.134 -1.62708 0.846918 1.54308 1.10023
2.136 -1.62512 0.846054 1.48212 1.07963
2.138 -1.62198 0.84348 1.56859 1.10329
2.14 -1.62194 0.844712 1.38007 1.08079
2.142 -1.62012 0.843922 1.41721 1.09156
2.144 -1.61656 0.84071 1.65344 1.13585
2.146 -1.61464 0.839704 1.52301 1.1013
2.148 -1.61039 0.835781 1.88551 1.14151
2.15 -1.61132 0.837937 1.53166 1.10629
2.152 -1.60665 0.833415 1.8419 1.16463
2.154 -1.60464 0.832251 1.98436 1.17675
2.156 -1.60312 0.831492 1.96358 1.1664
2.158 -1.59891 0.825692 2.63632 1.20844
2.16 -1.59904 0.828237 2.34849 1.1825
2.162 -1.59605 0.826772 2.07188 1.1978
2.164 -1.59345 0.823101 3.1006 1.21855
2.166 -1.5903 0.820998 2.38928 1.22707
2.168 -1.58806 0.819831 2.42023 1.23115
2.17 -1.58727 0.819961 2.64192 1.21096
2.172 -1.58413 0.817722 2.30639 1.2244
2.174 -1.57977 0.810225 4.31408 1.34281
2.176 -1.5792 0.813233 3.16628 1.2492
2.178 -1.57585 0.809068 3.94777 1.29495
2.18 -1.57282 0.807106 3.17436 1.28711
2.182 -1.57103 0.806143 3.13671 1.29907
2.184 -1.56728 0.801094 4.29947 1.34949
2.186 -1.56429 0.800275 3.75653 1.33746
2.188 -1.56308 0.798305 4.56072 1.35189
2.19 -1.55783 0.791625 5.3436 1.39863
2.192 -1.55903 0.797835 3.24859 1.34056
2.194 -1.55269 0.786438 6.28707 1.43911
2.196 -1.5521 0.792049 3.42596 1.3433
2.198 -1.5493 0.788405 3.87026 1.38704
2.2 -1.54309 0.777323 6.26697 1.50296
2.202 -1.54421 0.783751 4.20113 1.42679
2.204 -1.53895 0.775103 6.23086 1.48455
2.206 -1.5374 0.774442 5.92403 1.49687
2.208 -1.53606 0.775669 5.60976 1.44635
2.21 -1.53039 0.766049 7.40504 1.55233
2.212 -1.52972 0.769538 5.51772 1.45116
2.214 -1.52073 0.748982 11.6179 1.69813
2.216 -1.52304 0.761267 6.72133 1.55157
2.218 -1.52092 0.760794 6.73363 1.53002
2.22 -1.51679 0.755237 7.26186 1.57926
2.222 -1.51384 0.753023 6.9998 1.54787
2.224 -1.51064 0.749298 7.07807 1.59749
2.226 -1.50746 0.744187 8.46312 1.62508
2.228 -1.50227 0.73292 10.7991 1.67815
2.23 -1.50183 0.739777 8.01801 1.58083
2.232 -1.49885 0.737897 7.24903 1.57251
2.234 -1.49354 0.725779 11.0984 1.68183
2.236 -1.48744 0.711128 15.1076 1.81579
2.238 -1.49114 0.731537 8.32581 1.63933
2.24 -1.48453 0.714703 12.0456 1.72291
2.242 -1.48188 0.71774 9.89804 1.67021
2.244 -1.47696 0.704814 13.5655 1.79323
2.246 -1.47366 0.701469 12.8671 1.76798
2.248 -1.47148 0.703082 10.9315 1.73788
2.25 -1.46563 0.691261 13.8145 1.82023
2.252 -1.46233 0.684944 15.9387 1.84841
2.254 -1.45962 0.68504 14.1283 1.79952
2.256 -1.44954 0.656846 20.9584 1.98699
2.258 -1.44873 0.662929 18.5208 1.89894
2.26 -1.44888 0.669698 15.4061 1.85757
2.262 -1.44067 0.650861 19.0111 1.92595
2.264 -1.44165 0.655679 18.9844 1.90165
2.266 -1.43896 0.654966 18.2137 1.87055
2.268 -1.43103 0.6391 20.0915 1.97294
2.27 -1.43079 0.643422 18.4973 1.89479
2.272 -1.42542 0.631729 20.2243 1.96639
2.274 -1.41824 0.617951 21.3222 1.97675
2.276 -1.41695 0.61357 24.2123 2.02045
2.278 -1.41481 0.614682 22.793 1.96564
2.28 -1.4116 0.610391 22.9685 1.98124
2.282 -1.40215 0.591413 24.1229 2.01432
2.284 -1.39934 0.586119 24.6374 2.00798
2.286 -1.39608 0.576329 26.82 2.03944
2.288 -1.39343 0.575102 26.8797 2.05861
2.29 -1.39208 0.577127 26.0743 2.0132
2.292 -1.38729 0.567863 25.5188 1.95373
2.294 -1.37688 0.541812 29.2463 2.02957
2.296 -1.37801 0.549717 27.4374 1.99153
2.298 -1.37008 0.527546 30.8424 2.02801
2.3 -1.36363 0.510982 31.6603 2.01236
2.302 -1.36628 0.52926 28.7198 1.99048
2.304 -1.36372 0.530637 27.3126 1.95412
2.306 -1.3556 0.505943 30.3129 1.98871
2.308 -1.35641 0.517455 28.188 1.93166
2.31 -1.34383 0.480789 30.6192 1.92574
2.312 -1.34688 0.493557 29.2159 1.89064
2.314 -1.34447 0.490981 30.1815 1.9289
2.316 -1.33649 0.466637 32.0499 1.93462
2.318 -1.33083 0.453152 32.2973 1.9384
2.32 -1.32669 0.443175 31.7701 1.87967
2.322 -1.32717 0.460465 28.6391 1.80964
2.324 -1.32298 0.455168 29.224 1.84985
2.326 -1.3178 0.435598 29.9018 1.79294
2.328 -1.31662 0.440587 29.6359 1.78374
2.33 -1.31067 0.418292 30.6632 1.75702
2.332 -1.3049 0.408581 30.1099 1.74898
2.334 -1.30422 0.413563 30.0975 1.76985
2.336 -1.29837 0.393747 30.6374 1.74745
2.338 -1.30067 0.41142 30.4151 1.75689
2.34 -1.29085 0.382889 28.1956 1.64603
2.342 -1.2884 0.377929 29.1472 1.68657
2.344 -1.28498 0.368935 29.2104 1.65273
2.346 -1.284 0.375594 28.9213 1.67302
2.348 -1.27868 0.363958 27.3774 1.5661
2.35 -1.27828 0.368318 27.9367 1.62456
2.352 -1.27122 0.343431 26.493 1.51076
2.354 -1.27172 0.356785 27.5035 1.55761
2.356 -1.26503 0.330911 27.4665 1.56734
2.358 -1.2645 0.345623 25.8255 1.52911
2.36 -1.26402 0.345614 26.4036 1.53183
2.362 -1.25531 0.319145 26.5096 1.5036
2.364 -1.25624 0.326541 25.5364 1.47013
2.366 -1.2526 0.323154 25.5433 1.46461
2.368 -1.25249 0.330537 24.4981 1.42893
2.37 -1.24711 0.314521 24.2869 1.39189
2.372 -1.24284 0.307892 23.8811 1.38008
2.374 -1.24381 0.316559 22.9218 1.40462
2.376 -1.24039 0.303708 24.006 1.3959
2.378 -1.23682 0.294981 23.4653 1.38033
2.38 -1.23548 0.299692 23.0407 1.38544
2.382 -1.2361 0.311415 22.8997 1.34671
2.384 -1.22892 0.291454 22.5066 1.34745
2.386 -1.22499 0.275782 20.6953 1.26868
2.388 -1.22332 0.282817 21.6636 1.30887
2.39 -1.21882 0.265238 19.3665 1.22487
2.392 -1.21918 0.276628 20.7346 1.2784
2.394 -1.21478 0.261229 20.4268 1.26304
2.396 -1.21229 0.260099 19.4775 1.23812
2.398 -1.2091 0.24924 18.8318 1.20617
