2 -1.74558 0.911339 0.387476 0.729286
2.002 -1.74398 0.910582 0.400349 0.732154
2.004 -1.74281 0.910041 0.397186 0.732696
2.006 -1.74102 0.909111 0.414597 0.736234
2.008 -1.73959 0.908543 0.412133 0.74032
2.01 -1.73835 0.908039 0.41481 0.743507
2.012 -1.73696 0.907451 0.413438 0.743935
2.014 -1.73534 0.906659 0.430954 0.752704
2.016 -1.73351 0.905694 0.432481 0.751104
2.018 -1.73229 0.905292 0.433208 0.759257
2.02 -1.73069 0.904495 0.441054 0.767097
2.022 -1.72918 0.903666 0.470088 0.772867
2.024 -1.72754 0.902998 0.454029 0.770973
2.026 -1.72607 0.902259 0.471336 0.778692
2.028 -1.72439 0.901386 0.476177 0.771369
2.03 -1.72316 0.900991 0.481809 0.794743
2.032 -1.7212 0.899819 0.512347 0.793424
2.034 -1.71985 0.89928 0.496611 0.785445
2.036 -1.71855 0.898769 0.497387 0.796419
2.038 -1.71676 0.897754 0.508135 0.794563
2.04 -1.71482 0.896705 0.525238 0.800231
2.042 -1.71315 0.895926 0.546992 0.811846
2.044 -1.71166 0.895236 0.548445 0.819969
2.046 -1.71 0.894326 0.572313 0.826735
2.048 -1.70837 0.893675 0.554469 0.820973
2.05 -1.70674 0.892733 0.583228 0.832025
2.052 -1.70515 0.891828 0.6036 0.82789
2.054 -1.70334 0.891065 0.599681 0.851359
2.056 -1.70188 0.890348 0.591421 0.837107
2.058 -1.70008 0.889494 0.615092 0.853085
2.06 -1.69819 0.888439 0.622134 0.855933
2.062 -1.69674 0.88782 0.637353 0.865744
2.064 -1.69501 0.886771 0.654855 0.867959
2.066 -1.69314 0.885718 0.672636 0.870748
2.068 -1.69143 0.884895 0.682511 0.87783
2.07 -1.68965 0.883881 0.691663 0.871918
2.072 -1.68786 0.882979 0.713295 0.887267
2.074 -1.68617 0.88209 0.734698 0.887796
2.076 -1.68417 0.880793 0.828707 0.897332
2.078 -1.68243 0.879952 0.778377 0.905484
2.08 -1.68066 0.879096 0.785727 0.911078
2.082 -1.67899 0.878221 0.76127 0.90978
2.084 -1.67712 0.877136 0.812286 0.911144
2.086 -1.67538 0.876264 0.817486 0.917486
2.088 -1.67353 0.874813 0.96732 0.934767
2.09 -1.67138 0.873847 0.859091 0.928943
2.092 -1.66961 0.87313 0.877505 0.943363
2.094 -1.66747 0.871741 0.898877 0.941995
2.096 -1.66602 0.871147 0.867887 0.941793
2.098 -1.66375 0.869678 0.921721 0.958355
2.1 -1.66218 0.868863 0.929723 0.955002
2.102 -1.66028 0.867681 0.954016 0.963925
2.104 -1.65793 0.866336 0.981781 0.971644
2.106 -1.65613 0.865326 1.0104 0.979923
2.108 -1.65416 0.863935 1.09001 0.996342
2.11 -1.65222 0.862673 1.19228 1.00199
2.112 -1.6505 0.862118 1.03622 0.99261
2.114 -1.64883 0.861133 1.06362 0.996357
2.116 -1.64653 0.859824 1.07589 0.999957
2.118 -1.64405 0.85798 1.19797 1.03319
2.12 -1.64217 0.856796 1.20885 1.02162
2.122 -1.63971 0.855105 1.29007 1.03546
2.124 -1.63781 0.854022 1.33438 1.03914
2.126 -1.63603 0.852944 1.30452 1.04273
2.128 -1.63393 0.851882 1.38347 1.04869
2.13 -1.63108 0.8497 1.43098 1.06765
2.132 -1.62993 0.849542 1.32337 1.06006
2.134 -1.62742 0.847869 1.37838 1.07333
2.136 -1.62501 0.845445 1.75275 1.10023
2.138 -1.62387 0.845379 1.64073 1.0628
2.14 -1.62079 0.843015 1.69061 1.10015
2.142 -1.61895 0.842353 1.54876 1.1071
2.144 -1.61689 0.841035 1.53826 1.1065
2.146 -1.61443 0.838921 1.72661 1.11563
2.148 -1.61216 0.837295 1.9293 1.14563
2.15 -1.60953 0.834984 2.05203 1.1515
2.152 -1.60693 0.833023 2.42122 1.16142
2.154 -1.60552 0.833411 1.7728 1.15028
2.156 -1.60313 0.830962 2.04131 1.17874
2.158 -1.6001 0.827547 2.64044 1.19961
2.16 -1.59814 0.827974 1.93434 1.16094
2.162 -1.59576 0.825799 2.13146 1.18903
2.164 -1.59297 0.823324 2.51026 1.23066
2.166 -1.59039 0.821263 2.42342 1.21417
2.168 -1.58866 0.820596 2.50849 1.22808
2.17 -1.58662 0.819454 2.25316 1.21544
2.172 -1.58316 0.815679 2.6792 1.25187
2.174 -1.58173 0.815812 2.46982 1.25062
2.176 -1.57819 0.812389 2.77539 1.25168
2.178 -1.57639 0.811092 2.88867 1.28082
2.18 -1.57358 0.809093 2.68802 1.24571
2.182 -1.57005 0.804434 3.50089 1.30564
2.184 -1.56849 0.804484 3.29844 1.30558
2.186 -1.56476 0.80024 3.67793 1.3358
2.188 -1.5635 0.800438 3.62404 1.32803
2.19 -1.56036 0.797036 3.89758 1.36236
2.192 -1.55763 0.795391 4.08032 1.36072
2.194 -1.55474 0.792751 3.73046 1.37322
2.196 -1.55049 0.785858 5.95687 1.45185
2.198 -1.5496 0.786916 6.17672 1.43584
2.2 -1.5454 0.782345 5.62773 1.4803
2.202 -1.5437 0.782147 5.19965 1.45341
2.204 -1.54099 0.780414 4.64562 1.41509
2.206 -1.53572 0.764055 22.4981 1.65105
2.208 -1.53442 0.772658 5.76345 1.48237
2.21 -1.53168 0.769809 6.05404 1.51996
2.212 -1.53059 0.770585 6.65116 1.51361
2.214 -1.52659 0.764996 6.44161 1.50895
2.216 -1.52199 0.756758 9.3949 1.58573
2.218 -1.52107 0.763091 5.14891 1.48301
2.22 -1.51579 0.751786 9.0355 1.59838
2.222 -1.51211 0.744577 11.8014 1.63688
2.224 -1.5091 0.739995 15.9909 1.69269
2.226 -1.50693 0.74254 8.38493 1.63715
2.228 -1.50407 0.739924 9.26113 1.63683
2.23 -1.49981 0.733818 10.8002 1.68416
2.232 -1.4974 0.729128 14.1541 1.74845
2.234 -1.49465 0.73034 9.80486 1.65108
2.236 -1.49123 0.726561 9.894 1.69432
2.238 -1.48792 0.720823 12.1181 1.73136
2.24 -1.48429 0.717606 11.0587 1.74778
2.242 -1.47797 0.700565 18.3311 1.81912
2.244 -1.47661 0.698474 27.1584 1.93814
2.246 -1.47024 0.681737 36.278 1.99113
2.248 -1.46822 0.68483 28.8859 1.95599
2.25 -1.46168 0.668078 37.3535 2.11223
2.252 -1.45995 0.67327 28.7414 1.979
2.254 -1.45731 0.667127 37.1284 1.9859
2.256 -1.4488 0.645114 35.6376 2.08562
2.258 -1.45056 0.66311 25.8782 2.02198
2.26 -1.44596 0.654845 26.7847 1.99883
2.262 -1.43499 0.608375 59.8569 2.32371
2.264 -1.42901 0.587335 80.0255 2.41154
2.266 -1.42903 0.602008 63.0792 2.27696
2.268 -1.42332 0.585665 58.4958 2.21035
2.27 -1.42016 0.583489 64.5792 2.35256
2.272 -1.42013 0.587299 69.3244 2.27394
2.274 -1.41227 0.563266 73.2096 2.43306
2.276 -1.4006 0.510647 92.7958 2.39286
2.278 -1.40262 0.538941 79.4151 2.29133
2.28 -1.39634 0.51437 83.6227 2.25629
2.282 -1.39434 0.510018 93.1995 2.37283
2.284 -1.38417 0.467294 104.232 2.33699
2.286 -1.37926 0.452731 103.147 2.29981
2.288 -1.38032 0.468981 103.765 2.35922
2.29 -1.37445 0.461051 95.8807 2.2589
2.292 -1.37166 0.460231 94.7836 2.27592
2.294 -1.36197 0.404662 102.911 2.08222
2.296 -1.36156 0.428724 99.6932 2.23486
2.298 -1.35504 0.387268 109.437 2.23286
2.3 -1.35491 0.412104 98.2604 2.20765
2.302 -1.34979 0.390688 95.5814 2.09756
2.304 -1.34562 0.380622 98.4945 2.14983
2.306 -1.33688 0.330975 99.2899 2.06568
2.308 -1.33657 0.357958 89.771 1.95975
2.31 -1.32965 0.316177 96.4634 1.99385
2.312 -1.32497 0.296201 92.0318 1.80716
2.314 -1.32365 0.313412 86.5761 1.85416
2.316 -1.31707 0.27274 83.1858 1.84306
2.318 -1.3168 0.292933 82.4442 1.78252
2.32 -1.31518 0.310059 78.0532 1.76143
2.322 -1.30829 0.268593 73.9277 1.6887
2.324 -1.30276 0.24354 67.1616 1.55636
2.326 -1.30027 0.241834 65.4423 1.5926
2.328 -1.29929 0.252272 74.6449 1.63952
2.33 -1.29498 0.238073 64.1145 1.5446
2.332 -1.29245 0.236424 64.3405 1.58412
2.334 -1.28915 0.232152 60.9254 1.54299
2.336 -1.28608 0.217386 55.1755 1.48209
2.338 -1.28361 0.230476 60.8051 1.54252
2.34 -1.28045 0.210905 57.8538 1.44618
2.342 -1.27611 0.191999 48.7107 1.41305
2.344 -1.27359 0.198934 50.6135 1.42444
2.346 -1.27276 0.214195 53.5587 1.46312
2.348 -1.26764 0.185541 44.8132 1.36317
2.35 -1.26623 0.190449 46.7832 1.36775
2.352 -1.26414 0.190631 46.758 1.38083
2.354 -1.26107 0.180807 45.4126 1.36827
2.356 -1.25842 0.192162 47.1043 1.33383
2.358 -1.25682 0.192256 49.2456 1.36497
2.36 -1.25226 0.177247 41.41 1.31992
2.362 -1.25005 0.169628 40.8987 1.30258
2.364 -1.24764 0.16461 39.2705 1.29591
2.366 -1.24523 0.168383 37.2097 1.28329
2.368 -1.24187 0.159982 38.0576 1.29932
2.37 -1.24031 0.160048 33.8402 1.26201
2.372 -1.23691 0.152685 32.6818 1.25165
2.374 -1.23504 0.15278 30.9184 1.22728
2.376 -1.23147 0.145413 29.1675 1.16264
2.378 -1.22921 0.148197 30.7904 1.2292
2.38 -1.22686 0.147481 30.6796 1.22013
2.382 -1.22509 0.143685 29.0355 1.21324
2.384 -1.22207 0.13459 25.6295 1.16902
2.386 -1.21968 0.138949 28.1765 1.18576
2.388 -1.21773 0.140131 28.3095 1.19329
2.39 -1.21605 0.143265 29.7818 1.17066
2.392 -1.21384 0.136479 24.8324 1.14131
2.394 -1.2119 0.137473 26.6988 1.16904
2.396 -1.2081 0.122411 21.8887 1.13373
2.398 -1.20534 0.124983 22.0643 1.10996
