2 -1.74572 0.911451 0.377288 0.718326
2.002 -1.74412 0.910597 0.39217 0.723126
2.004 -1.74242 0.909776 0.401425 0.727932
2.006 -1.74129 0.909321 0.406328 0.736469
2.008 -1.73981 0.908718 0.410634 0.748976
2.01 -1.73814 0.907851 0.412969 0.737877
2.012 -1.73681 0.9074 0.419469 0.752189
2.014 -1.73552 0.906675 0.438561 0.752863
2.016 -1.73407 0.906122 0.427207 0.755502
2.018 -1.73212 0.905056 0.45855 0.761654
2.02 -1.73067 0.904223 0.484201 0.775291
2.022 -1.72869 0.903352 0.471221 0.772618
2.024 -1.72787 0.903238 0.451779 0.766274
2.026 -1.72634 0.902424 0.466167 0.77316
2.028 -1.72482 0.901748 0.476722 0.774885
2.03 -1.72308 0.900733 0.523124 0.783382
2.032 -1.72171 0.900183 0.494234 0.787981
2.034 -1.71969 0.899161 0.49688 0.789997
2.036 -1.71826 0.898451 0.518399 0.802041
2.038 -1.71638 0.897509 0.528623 0.809092
2.04 -1.71449 0.896435 0.548914 0.810877
2.042 -1.71333 0.896087 0.536735 0.813723
2.044 -1.7119 0.895309 0.562466 0.81524
2.046 -1.71024 0.89462 0.528412 0.813021
2.048 -1.70857 0.893726 0.56702 0.831547
2.05 -1.70694 0.892928 0.567834 0.830926
2.052 -1.70487 0.891705 0.579408 0.83056
2.054 -1.70347 0.891309 0.57326 0.828836
2.056 -1.70163 0.890168 0.611894 0.845641
2.058 -1.69981 0.889244 0.631073 0.848671
2.06 -1.69834 0.888346 0.676583 0.861759
2.062 -1.69639 0.887393 0.646154 0.866992
2.064 -1.69477 0.886471 0.696646 0.864927
2.066 -1.69318 0.885791 0.661929 0.869313
2.068 -1.69151 0.885016 0.676607 0.874408
2.07 -1.68921 0.883487 0.748725 0.892371
2.072 -1.68786 0.882937 0.729779 0.890121
2.074 -1.6864 0.882451 0.690608 0.889046
2.076 -1.68434 0.881158 0.709249 0.881032
2.078 -1.6824 0.880154 0.745734 0.90303
2.08 -1.68075 0.879234 0.772301 0.900771
2.082 -1.67863 0.877924 0.79411 0.909398
2.084 -1.67743 0.877375 0.793641 0.914316
2.086 -1.67468 0.875436 0.900982 0.942198
2.088 -1.67371 0.875215 0.846893 0.933289
2.09 -1.67172 0.874341 0.829343 0.930605
2.092 -1.67006 0.873449 0.852724 0.933368
2.094 -1.66741 0.871575 0.920427 0.943967
2.096 -1.66585 0.870777 0.934886 0.960288
2.098 -1.66399 0.869941 0.903054 0.961082
2.1 -1.66174 0.868368 0.967246 0.965936
2.102 -1.66039 0.867777 0.962574 0.970018
2.104 -1.65836 0.867014 0.924192 0.970289
2.106 -1.65657 0.865784 0.965153 0.970208
2.108 -1.65409 0.863743 1.05091 0.991245
2.11 -1.65241 0.862989 1.06299 0.977687
2.112 -1.65002 0.86155 1.11872 1.00703
2.114 -1.64851 0.860686 1.2276 1.00746
2.116 -1.64632 0.85942 1.11811 1.00431
2.118 -1.64475 0.858845 1.09298 1.01123
2.12 -1.64204 0.856247 1.34204 1.03823
2.122 -1.64071 0.856211 1.20654 1.02243
2.124 -1.63856 0.854545 1.34109 1.05005
2.126 -1.6362 0.853419 1.23575 1.04819
2.128 -1.63368 0.851376 1.37555 1.05385
2.13 -1.63185 0.850455 1.34376 1.06563
2.132 -1.62983 0.849316 1.37628 1.07267
2.134 -1.6276 0.847497 1.61157 1.09159
2.136 -1.62488 0.845489 1.62758 1.09372
2.138 -1.62285 0.844526 1.50976 1.09248
2.14 -1.62115 0.843666 1.59221 1.10714
2.142 -1.61902 0.842359 1.54778 1.10509
2.144 -1.61665 0.84019 1.76737 1.13541
2.146 -1.61421 0.839268 1.60959 1.11654
2.148 -1.61166 0.836909 1.75825 1.11672
2.15 -1.60938 0.835013 1.87418 1.14975
2.152 -1.60654 0.832837 1.93119 1.14442
2.154 -1.6056 0.833374 1.85239 1.15395
2.156 -1.60315 0.831579 1.84917 1.16489
2.158 -1.60005 0.828884 2.03202 1.17006
2.16 -1.59828 0.82747 2.25464 1.17584
2.162 -1.59643 0.826984 1.90766 1.17928
2.164 -1.59281 0.823999 2.03088 1.1961
2.166 -1.59142 0.822487 2.37863 1.21039
2.168 -1.58736 0.816274 5.27315 1.30104
2.17 -1.58562 0.817767 2.69109 1.25547
2.172 -1.58381 0.817193 2.4763 1.22149
2.174 -1.58125 0.815023 2.82684 1.2775
2.176 -1.57828 0.812333 2.77548 1.26663
2.178 -1.57578 0.80979 2.93468 1.27634
2.18 -1.57453 0.810399 2.81503 1.27978
2.182 -1.57092 0.805799 3.34904 1.31495
2.184 -1.56785 0.803418 3.34696 1.32205
2.186 -1.56637 0.802977 3.32587 1.31491
2.188 -1.56327 0.800148 3.56924 1.32008
2.19 -1.56132 0.799066 3.66593 1.31831
2.192 -1.55667 0.793387 4.09248 1.37013
2.194 -1.55362 0.789908 4.74058 1.39719
2.196 -1.55057 0.78427 7.71319 1.46434
2.198 -1.5502 0.789825 3.71952 1.36882
2.2 -1.54766 0.788367 3.54164 1.34536
2.202 -1.54415 0.783436 4.81803 1.40561
2.204 -1.53997 0.778169 5.03293 1.42392
2.206 -1.53689 0.774332 6.08274 1.50893
2.208 -1.53414 0.770236 8.55803 1.55365
2.21 -1.53257 0.771233 6.1877 1.51027
2.212 -1.52804 0.76488 7.01572 1.51612
2.214 -1.52725 0.76598 6.86056 1.52979
2.216 -1.52202 0.759803 7.02739 1.56209
2.218 -1.52052 0.758781 7.81048 1.56972
2.22 -1.51843 0.758761 6.3099 1.53958
2.222 -1.51211 0.746423 9.2462 1.64752
2.224 -1.51195 0.751921 7.41789 1.56297
2.226 -1.50782 0.745746 9.4475 1.64566
2.228 -1.50711 0.748368 6.64854 1.55392
2.23 -1.50074 0.735362 10.1869 1.66663
2.232 -1.49709 0.728361 12.884 1.7143
2.234 -1.49201 0.72359 10.5922 1.71507
2.236 -1.49171 0.726736 11.7752 1.70052
2.238 -1.48343 0.698894 27.4031 1.90563
2.24 -1.48401 0.713208 14.4108 1.77293
2.242 -1.47886 0.705585 17.3627 1.76114
2.244 -1.47625 0.701331 18.0936 1.82436
2.246 -1.47284 0.69403 21.6577 1.81393
2.248 -1.47008 0.693359 18.8026 1.83889
2.25 -1.46571 0.687835 18.5382 1.89442
2.252 -1.45654 0.654945 35.9029 2.02271
2.254 -1.45649 0.666332 25.7117 1.94653
2.256 -1.45515 0.674484 18.8936 1.90503
2.258 -1.44523 0.641657 33.3489 2.1529
2.26 -1.44297 0.635647 38.7883 2.1269
2.262 -1.44175 0.645069 29.5775 2.05785
2.264 -1.43365 0.61579 44.9789 2.17462
2.266 -1.42979 0.612496 38.6556 2.11893
2.268 -1.42736 0.614171 35.6396 2.09886
2.27 -1.42371 0.600902 44.4794 2.18355
2.272 -1.41626 0.57266 53.8356 2.23497
2.274 -1.41576 0.590258 43.0932 2.16438
2.276 -1.4123 0.581888 48.6892 2.11545
2.278 -1.40048 0.539576 56.7218 2.23377
2.28 -1.40404 0.570445 44.4328 2.18621
2.282 -1.39088 0.513203 64.3315 2.31709
2.284 -1.39339 0.541372 53.9466 2.26178
2.286 -1.38592 0.51746 55.6193 2.24673
2.288 -1.38176 0.508772 56.2952 2.14145
2.29 -1.37609 0.493137 59.3554 2.20517
2.292 -1.37715 0.502439 56.8667 2.16642
2.294 -1.37049 0.480511 62.2555 2.15221
2.296 -1.36522 0.46234 64.1122 2.11928
2.298 -1.3617 0.458874 62.6811 2.13114
2.3 -1.36183 0.472481 61.6783 2.14266
2.302 -1.3562 0.461306 54.5337 2.03552
2.304 -1.35026 0.436411 61.196 2.05651
2.306 -1.3466 0.430148 56.6067 2.01003
2.308 -1.34154 0.418502 54.5293 1.99175
2.31 -1.33516 0.383464 66.3304 1.96048
2.312 -1.33021 0.366289 63.975 1.9051
2.314 -1.32869 0.378539 61.7566 1.92575
2.316 -1.32735 0.384904 58.9335 1.91606
2.318 -1.32022 0.349291 63.0085 1.89433
2.32 -1.32046 0.364377 58.7711 1.87001
2.322 -1.31394 0.340439 58.2181 1.81357
2.324 -1.30999 0.330118 59.3325 1.80755
2.326 -1.30377 0.302839 56.6325 1.76792
2.328 -1.30471 0.32779 54.6309 1.73569
2.33 -1.30079 0.319804 55.0698 1.75997
2.332 -1.29955 0.321441 53.8121 1.69938
2.334 -1.29231 0.292534 50.7041 1.64102
2.336 -1.29031 0.296378 49.8009 1.60492
2.338 -1.28792 0.294668 48.7843 1.61586
2.34 -1.2856 0.294375 48.6617 1.59913
2.342 -1.27837 0.26445 44.2257 1.50999
2.344 -1.28084 0.283172 46.5677 1.52845
2.346 -1.27434 0.268702 41.912 1.45996
2.348 -1.27031 0.256759 42.3719 1.47657
2.35 -1.27001 0.259267 43.6714 1.47973
2.352 -1.26667 0.252149 39.5663 1.43513
2.354 -1.26207 0.240806 39.6277 1.43991
2.356 -1.25971 0.238148 38.8211 1.42839
2.358 -1.25709 0.239983 38.3177 1.41702
2.36 -1.25271 0.220315 34.4724 1.33465
2.362 -1.25332 0.236302 36.7144 1.38681
2.364 -1.25018 0.228367 36.907 1.35812
2.366 -1.24808 0.223722 34.9846 1.32609
2.368 -1.24247 0.207492 31.4727 1.27645
2.37 -1.23902 0.199656 28.7496 1.24928
2.372 -1.23855 0.206413 32.1376 1.28476
2.374 -1.2362 0.209617 31.1113 1.30556
2.376 -1.23226 0.195763 27.4878 1.22349
2.378 -1.23143 0.202399 29.0639 1.24624
2.38 -1.22808 0.193665 28.1728 1.21159
2.382 -1.22637 0.192924 28.382 1.24509
2.384 -1.22326 0.184304 25.3941 1.20108
2.386 -1.22102 0.18307 25.0167 1.1927
2.388 -1.21935 0.192354 25.9155 1.20726
2.39 -1.21634 0.17977 25.6454 1.19799
2.392 -1.21325 0.180091 24.014 1.17314
2.394 -1.21073 0.169254 22.6583 1.17416
2.396 -1.20913 0.168499 21.104 1.1415
2.398 -1.20829 0.187416 24.2687 1.16044
