2 -1.74561 0.911313 0.387767 0.727945
2.002 -1.74405 0.910591 0.390312 0.725015
2.004 -1.74264 0.910016 0.39033 0.727515
2.006 -1.74123 0.909413 0.394223 0.732579
2.008 -1.73988 0.908747 0.401696 0.734011
2.01 -1.73845 0.908139 0.407161 0.739977
2.012 -1.73675 0.90733 0.418633 0.751391
2.014 -1.7352 0.906562 0.428312 0.75869
2.016 -1.73356 0.905745 0.447747 0.762548
2.018 -1.73202 0.904942 0.44697 0.762036
2.02 -1.73075 0.90445 0.451262 0.763797
2.022 -1.72915 0.903787 0.446218 0.765163
2.024 -1.72771 0.90303 0.463177 0.77045
2.026 -1.7261 0.902274 0.472701 0.78337
2.028 -1.72453 0.901486 0.476158 0.782464
2.03 -1.72295 0.900753 0.486273 0.78486
2.032 -1.72127 0.899991 0.484851 0.793884
2.034 -1.7197 0.899124 0.508221 0.794334
2.036 -1.71828 0.898456 0.525916 0.799061
2.038 -1.71656 0.897639 0.517442 0.802516
2.04 -1.71489 0.896797 0.53685 0.816856
2.042 -1.71336 0.89613 0.528184 0.809812
2.044 -1.71178 0.895262 0.55914 0.819546
2.046 -1.70996 0.894385 0.551847 0.811938
2.048 -1.70872 0.893798 0.56039 0.824702
2.05 -1.70691 0.892885 0.568402 0.827994
2.052 -1.70531 0.892097 0.584375 0.838617
2.054 -1.70329 0.890909 0.608099 0.837182
2.056 -1.70192 0.890444 0.586494 0.833385
2.058 -1.69996 0.88927 0.630416 0.863608
2.06 -1.69842 0.888556 0.626266 0.848708
2.062 -1.69698 0.887856 0.625635 0.851882
2.064 -1.69495 0.886718 0.644376 0.857629
2.066 -1.69309 0.885637 0.674792 0.86299
2.068 -1.69185 0.885275 0.656326 0.86063
2.07 -1.68978 0.884008 0.684164 0.869966
2.072 -1.68822 0.883243 0.7181 0.898251
2.074 -1.68602 0.881983 0.724792 0.886101
2.076 -1.68445 0.881207 0.737437 0.900943
2.078 -1.68273 0.880387 0.72669 0.891846
2.08 -1.6805 0.878979 0.779715 0.910402
2.082 -1.67887 0.878249 0.775787 0.912436
2.084 -1.67699 0.877061 0.803896 0.911829
2.086 -1.67553 0.876427 0.78948 0.912005
2.088 -1.67394 0.875618 0.794244 0.922281
2.09 -1.67191 0.874424 0.849628 0.939512
2.092 -1.67001 0.873318 0.861021 0.950377
2.094 -1.66765 0.871644 0.921085 0.936383
2.096 -1.66602 0.870867 0.892829 0.943341
2.098 -1.66413 0.870044 0.913554 0.964512
2.1 -1.66201 0.868442 0.978387 0.973127
2.102 -1.66022 0.867791 0.959249 0.965347
2.104 -1.65805 0.866137 1.10586 0.971126
2.106 -1.6562 0.865434 0.977188 0.969685
2.108 -1.65407 0.863799 1.12369 0.986497
2.11 -1.65226 0.862951 1.06969 1.00482
2.112 -1.6506 0.862099 1.12546 1.00854
2.114 -1.64818 0.860611 1.07536 1.0005
2.116 -1.64606 0.859192 1.11916 1.00702
2.118 -1.64444 0.858283 1.1851 1.01865
2.12 -1.64198 0.856812 1.19015 1.02407
2.122 -1.64008 0.855496 1.24509 1.03919
2.124 -1.63799 0.854484 1.18408 1.02645
2.126 -1.63617 0.853186 1.31697 1.05157
2.128 -1.63416 0.85196 1.34122 1.05754
2.13 -1.63189 0.850685 1.30207 1.04918
2.132 -1.62952 0.848934 1.39518 1.07089
2.134 -1.62759 0.847842 1.3921 1.07132
2.136 -1.62558 0.846639 1.43271 1.07867
2.138 -1.62368 0.845528 1.44684 1.0961
2.14 -1.62095 0.843311 1.59983 1.0994
2.142 -1.61878 0.841739 1.57421 1.10092
2.144 -1.61607 0.839408 1.89963 1.1302
2.146 -1.61412 0.838906 1.67842 1.11876
2.148 -1.6119 0.837013 1.84866 1.14048
2.15 -1.60959 0.835416 1.88159 1.13911
2.152 -1.60753 0.834426 1.80006 1.1504
2.154 -1.60535 0.832746 1.91912 1.16532
2.156 -1.60254 0.83024 2.13953 1.1703
2.158 -1.6004 0.829083 2.09135 1.1829
2.16 -1.59865 0.828209 2.01674 1.1655
2.162 -1.59596 0.826074 2.07589 1.1814
2.164 -1.59334 0.82432 2.17995 1.19339
2.166 -1.59099 0.821781 2.44071 1.2198
2.168 -1.58863 0.820835 2.3979 1.22277
2.17 -1.58624 0.81884 2.50003 1.22175
2.172 -1.58367 0.816797 2.72798 1.23444
2.174 -1.58055 0.814131 2.65055 1.24773
2.176 -1.57819 0.811777 2.92493 1.27193
2.178 -1.57603 0.810983 2.77327 1.27209
2.18 -1.57255 0.805494 4.21674 1.35122
2.182 -1.57093 0.806851 3.03775 1.29975
2.184 -1.56869 0.805074 3.20032 1.29172
2.186 -1.56539 0.801304 3.56685 1.34697
2.188 -1.56363 0.80148 3.18136 1.33085
2.19 -1.56061 0.797427 4.13889 1.35663
2.192 -1.55753 0.794809 3.77142 1.35053
2.194 -1.55466 0.792379 4.08863 1.38605
2.196 -1.55125 0.787737 4.9726 1.42121
2.198 -1.55056 0.789989 4.11604 1.37553
2.2 -1.54765 0.787282 4.14263 1.39269
2.202 -1.5438 0.782017 5.27891 1.43653
2.204 -1.54103 0.780129 4.76151 1.43588
2.206 -1.53712 0.775369 5.5056 1.46249
2.208 -1.53469 0.771823 7.44398 1.48908
2.21 -1.53175 0.769122 7.16634 1.5277
2.212 -1.52912 0.7665 7.33191 1.51792
2.214 -1.52592 0.763633 6.86432 1.5051
2.216 -1.52216 0.759494 7.38551 1.50061
2.218 -1.51881 0.75554 7.68935 1.53553
2.22 -1.51585 0.751279 8.51322 1.58328
2.222 -1.51419 0.750447 12.8443 1.62483
2.224 -1.51099 0.749485 7.2827 1.54639
2.226 -1.50853 0.745576 10.0243 1.59316
2.228 -1.50443 0.741223 9.46605 1.66539
2.23 -1.50058 0.73393 11.5773 1.65607
2.232 -1.49615 0.725499 16.61 1.74737
2.234 -1.49362 0.724119 15.4321 1.78393
2.236 -1.48861 0.713656 17.4537 1.74171
2.238 -1.4828 0.687404 73.5683 2.17788
2.24 -1.48186 0.705371 19.3804 1.87716
2.242 -1.47616 0.688941 30.1197 1.9572
2.244 -1.47507 0.696707 20.1879 1.85965
2.246 -1.46992 0.685964 23.5155 1.88286
2.248 -1.465 0.665833 61.1569 2.19828
2.25 -1.46226 0.669487 32.383 2.00092
2.252 -1.45507 0.632045 102.953 2.38595
2.254 -1.45709 0.670879 27.7994 1.95802
2.256 -1.45533 0.671791 21.8312 1.9188
2.258 -1.44652 0.639708 42.6541 2.07324
2.26 -1.44138 0.622601 66.85 2.31861
2.262 -1.43643 0.608177 65.629 2.22445
2.264 -1.42914 0.58079 91.5923 2.38545
2.266 -1.42341 0.555362 114.249 2.39922
2.268 -1.42793 0.608369 66.7244 2.24724
2.27 -1.42043 0.572053 106.744 2.47854
2.272 -1.41886 0.582141 86.1913 2.34036
2.274 -1.4064 0.511673 127.802 2.40638
2.276 -1.40554 0.531056 126.015 2.48438
2.278 -1.3995 0.506129 129.295 2.51778
2.28 -1.39448 0.482653 149.046 2.54253
2.282 -1.38689 0.447542 157.35 2.50224
2.284 -1.38475 0.453101 153.099 2.52092
2.286 -1.38132 0.452154 129.648 2.20371
2.288 -1.37459 0.419849 149.192 2.41092
2.29 -1.36395 0.338581 160.856 2.20653
2.292 -1.3652 0.382984 160.615 2.2634
2.294 -1.36319 0.398971 139.798 2.35902
2.296 -1.35059 0.303081 137.579 2.01466
2.298 -1.3504 0.32362 155.489 2.14465
2.3 -1.34596 0.312711 131.133 1.94715
2.302 -1.34406 0.314271 140.737 1.96134
2.304 -1.33796 0.285995 138.523 1.90694
2.306 -1.33822 0.312445 120.397 1.87526
2.308 -1.33137 0.269438 129.132 1.93155
2.31 -1.32784 0.269895 108.615 1.81898
2.312 -1.32708 0.273604 132.854 1.94647
2.314 -1.32308 0.268375 111.196 1.78408
2.316 -1.31683 0.236305 108.351 1.7158
2.318 -1.31514 0.247989 101.037 1.70609
2.32 -1.31135 0.234191 102.782 1.73722
2.322 -1.30628 0.208576 91.2374 1.65542
2.324 -1.30283 0.198193 83.4693 1.53175
2.326 -1.29988 0.190214 79.8443 1.59924
2.328 -1.29621 0.192957 74.5363 1.53391
2.33 -1.29553 0.197202 81.104 1.55487
2.332 -1.29157 0.196408 75.1224 1.54702
2.334 -1.28832 0.178477 66.1347 1.46687
2.336 -1.28511 0.172745 59.2851 1.45533
2.338 -1.28175 0.170711 62.7155 1.44642
2.34 -1.27973 0.164483 65.8315 1.44745
2.342 -1.2779 0.175003 56.9088 1.41494
2.344 -1.27426 0.168975 54.7129 1.39649
2.346 -1.27307 0.174883 66.5533 1.46631
2.348 -1.26915 0.160008 54.0271 1.36889
2.35 -1.26618 0.158546 54.5415 1.38623
2.352 -1.26313 0.151201 50.4635 1.36612
2.354 -1.26087 0.145443 46.0093 1.32015
2.356 -1.25778 0.14317 42.3209 1.3105
2.358 -1.25532 0.138173 42.8725 1.29481
2.36 -1.25201 0.139937 41.4842 1.29817
2.362 -1.24969 0.139737 47.2773 1.30567
2.364 -1.24788 0.143296 45.5362 1.30518
2.366 -1.24408 0.132144 38.7028 1.26915
2.368 -1.24258 0.129872 36.835 1.27621
2.37 -1.23861 0.124982 37.0213 1.25231
2.372 -1.23642 0.123382 31.9656 1.23268
2.374 -1.2345 0.120193 35.3558 1.21427
2.376 -1.23149 0.115768 30.6401 1.2092
2.378 -1.23018 0.114824 31.7857 1.21492
2.38 -1.22689 0.118 29.7173 1.21098
2.382 -1.22462 0.114997 29.9375 1.19303
2.384 -1.22204 0.114338 27.1553 1.15675
2.386 -1.21998 0.109278 27.277 1.18595
2.388 -1.2174 0.109539 28.5593 1.15041
2.39 -1.21492 0.107963 26.7691 1.14759
2.392 -1.21257 0.0987505 22.448 1.14808
2.394 -1.21058 0.105322 26.8056 1.16428
2.396 -1.20786 0.10448 24.2421 1.11439
2.398 -1.20619 0.104437 23.8663 1.13006
