Analytical eigenvalues:
0.31162
0.681679
1.22237
1.94563
2.85658
3.95733
5.2485
6.72985
8.40058
10.2595
12.3052
14.5358
16.9494
19.5437
22.3164
25.2649
28.3863
31.6778
35.1361
38.758
42.54
46.4785
50.5697
54.8096
59.1941
63.7192
68.3803
73.1729
78.0926
83.1344
88.2937
93.5652
98.9441
104.425
110.003
115.672
121.427
127.262
133.172
139.151
145.194
151.293
157.444
163.641
169.877
176.147
182.444
188.762
195.096
201.439
207.785
214.127
220.461
226.778
233.075
239.344
245.579
251.774
257.923
264.021
270.061
276.038
281.946
287.779
293.531
299.197
304.771
310.248
315.623
320.891
326.045
331.082
335.997
340.784
345.439
349.958
354.336
358.569
362.653
366.584
370.357
373.97
377.419
380.7
383.81
386.747
389.506
392.087
394.485
396.699
398.726
400.564
402.211
403.666
404.926
405.989
406.854
407.517
407.973
408.289
Computed eigenvalues:
0.31162
0.681679
1.22237
1.94563
2.85658
3.95733
5.2485
6.72985
8.40058
10.2595
12.3052
14.5358
16.9494
19.5437
22.3164
25.2649
28.3863
31.6778
35.1361
38.758
42.54
46.4785
50.5697
54.8096
59.1941
63.7192
68.3803
73.1729
78.0926
83.1344
88.2937
93.5652
98.9441
104.425
110.003
115.672
121.427
127.262
133.172
139.151
145.194
151.293
157.444
163.641
169.877
176.147
182.444
188.762
195.096
201.439
207.785
214.127
220.461
226.778
233.075
239.344
245.579
251.774
257.923
264.021
270.061
276.038
281.946
287.779
293.531
299.197
304.771
310.248
315.623
320.891
326.045
331.082
335.997
340.784
345.439
349.958
354.336
358.569
362.653
366.584
370.357
373.97
377.419
380.7
383.81
386.747
389.506
392.087
394.485
396.699
398.726
400.564
402.211
403.666
404.926
405.989
406.854
407.517
407.973
408.289
