Analytical eigenvalues:
16.668
33.1203
46.6869
60.8257
79.7123
103.467
131.833
164.713
202.065
243.865
290.102
340.768
395.858
455.369
519.298
587.644
660.405
737.582
819.172
905.177
995.594
1090.42
1189.67
1293.32
1401.39
1513.87
1630.76
1752.07
1877.78
2007.91
2142.45
2281.4
2424.77
2572.54
2724.73
2881.33
3042.34
3207.76
3377.59
3551.84
3730.49
3913.56
4101.04
4292.93
4489.23
4689.95
4895.07
5104.61
5318.55
5536.91
5759.68
5986.87
6218.46
6454.46
6694.88
6939.71
7188.95
7442.6
7700.66
7963.13
8230.02
8501.31
8777.02
9057.14
9341.67
9630.61
9923.96
10221.7
10523.9
10830.5
11141.5
11456.9
11776.7
12100.9
12429.6
12762.6
13100.1
13442
13788.3
14139
14494.1
14853.6
15217.5
15585.9
15958.7
16335.8
16717.4
17103.4
17493.8
17888.6
18287.8
18691.5
19099.5
19512
19928.8
20350.1
20775.8
21205.9
21640.4
22079.7
Computed eigenvalues:
16.668
33.1203
46.6869
60.8257
79.7123
103.467
131.833
164.713
202.065
243.865
290.102
340.768
395.858
455.369
519.298
587.644
660.405
737.582
819.172
905.177
995.594
1090.42
1189.67
1293.32
1401.39
1513.87
1630.76
1752.07
1877.78
2007.91
2142.45
2281.4
2424.77
2572.54
2724.73
2881.33
3042.34
3207.76
3377.59
3551.84
3730.49
3913.56
4101.04
4292.93
4489.23
4689.95
4895.07
5104.61
5318.55
5536.91
5759.68
5986.87
6218.46
6454.46
6694.88
6939.71
7188.95
7442.6
7700.66
7963.13
8230.02
8501.31
8777.02
9057.14
9341.67
9630.61
9923.96
10221.7
10523.9
10830.5
11141.5
11456.9
11776.7
12100.9
12429.6
12762.6
13100.1
13442
13788.3
14139
14494.1
14853.6
15217.5
15585.9
15958.7
16335.8
16717.4
17103.4
17493.8
17888.6
18287.8
18691.5
19099.5
19512
19928.8
20350.1
20775.8
21205.9
21640.4
22079.7
