Analytical eigenvalues:
0.349942
0.532217
0.718712
0.907839
1.09869
1.2907
1.48355
1.67724
1.87307
2.07571
2.29276
2.53014
2.78983
3.07166
3.37495
3.69896
4.04308
4.40674
4.78942
5.19066
5.60996
6.04687
6.50092
6.97162
7.45851
7.96108
8.47883
9.01126
9.55783
10.118
10.6912
11.277
11.8747
12.4837
13.1034
13.7334
14.3728
15.0212
15.6779
16.3423
17.0136
17.6913
18.3748
19.0632
19.7561
20.4526
21.1522
21.8541
22.5577
23.2623
23.9672
24.6718
25.3753
26.077
26.7763
27.4725
28.165
28.853
29.5359
30.213
30.8837
31.5473
32.2032
32.8507
33.4892
34.1181
34.7367
35.3445
35.9409
36.5253
37.0971
37.6557
38.2006
38.7312
39.2471
39.7478
40.2326
40.7011
41.1528
41.5873
42.0042
42.4028
42.7828
43.1438
43.4852
43.8066
44.1076
44.3874
44.6456
44.8814
45.0936
45.2807
45.4414
45.5822
45.6314
45.7677
45.9784
46.2384
46.5618
46.9925
Computed eigenvalues:
0.349942
0.532217
0.718712
0.907839
1.09869
1.2907
1.48355
1.67724
1.87307
2.07571
2.29276
2.53014
2.78983
3.07166
3.37495
3.69896
4.04308
4.40674
4.78942
5.19066
5.60996
6.04687
6.50092
6.97162
7.45851
7.96108
8.47883
9.01126
9.55783
10.118
10.6912
11.277
11.8747
12.4837
13.1034
13.7334
14.3728
15.0212
15.6779
16.3423
17.0136
17.6913
18.3748
19.0632
19.7561
20.4526
21.1522
21.8541
22.5577
23.2623
23.9672
24.6718
25.3753
26.077
26.7763
27.4725
28.165
28.853
29.5359
30.213
30.8837
31.5473
32.2032
32.8507
33.4892
34.1181
34.7367
35.3445
35.9409
36.5253
37.0971
37.6557
38.2006
38.7312
39.2471
39.7478
40.2326
40.7011
41.1528
41.5873
42.0042
42.4028
42.7828
43.1438
43.4852
43.8066
44.1076
44.3874
44.6456
44.8814
45.0936
45.2807
45.4414
45.5822
45.6314
45.7677
45.9784
46.2384
46.5618
46.9925
