Analytical eigenvalues:
0.598548
0.967124
1.34375
1.72478
2.1083
2.49327
2.87903
3.26515
3.65135
4.03742
4.42321
4.80861
5.19352
5.57787
5.96162
6.34471
6.72712
7.10889
7.49038
7.87296
8.26022
8.65808
9.0725
9.50696
9.96221
10.4376
10.932
11.4441
11.973
12.5175
13.0769
13.6502
14.2367
14.8356
15.4461
16.0675
16.6992
17.3403
17.9902
18.6482
19.3135
19.9856
20.6636
21.3469
22.0348
22.7265
23.4215
24.1189
24.818
25.5182
26.2188
26.919
27.6182
28.3155
29.0105
29.7022
30.3901
31.0735
31.7515
32.4237
33.0892
33.7474
34.3976
35.0391
35.6713
36.2935
36.905
37.5051
38.0933
38.6687
39.2308
39.779
40.3124
40.8304
41.3324
41.8176
42.2851
42.7343
43.1641
43.5737
43.9619
44.3273
44.6682
44.9824
45.267
45.5163
45.6839
45.8539
46.1277
46.4518
46.8162
47.2197
47.6638
48.1519
48.6895
49.2849
49.9516
50.7119
51.6091
52.7559
Computed eigenvalues:
0.598548
0.967124
1.34375
1.72478
2.1083
2.49327
2.87903
3.26515
3.65135
4.03742
4.42321
4.80861
5.19352
5.57787
5.96162
6.34471
6.72712
7.10889
7.49038
7.87296
8.26022
8.65808
9.0725
9.50696
9.96221
10.4376
10.932
11.4441
11.973
12.5175
13.0769
13.6502
14.2367
14.8356
15.4461
16.0675
16.6992
17.3403
17.9902
18.6482
19.3135
19.9856
20.6636
21.3469
22.0348
22.7265
23.4215
24.1189
24.818
25.5182
26.2188
26.919
27.6182
28.3155
29.0105
29.7022
30.3901
31.0735
31.7515
32.4237
33.0892
33.7474
34.3976
35.0391
35.6713
36.2935
36.905
37.5051
38.0933
38.6687
39.2308
39.779
40.3124
40.8304
41.3324
41.8176
42.2851
42.7343
43.1641
43.5737
43.9619
44.3273
44.6682
44.9824
45.267
45.5163
45.6839
45.8539
46.1277
46.4518
46.8162
47.2197
47.6638
48.1519
48.6895
49.2849
49.9516
50.7119
51.6091
52.7559
