Analytical eigenvalues:
4.05466
7.89493
11.7831
15.6886
19.5996
23.5105
27.4181
31.3205
35.2164
39.1051
42.9859
46.8583
50.7219
54.5766
58.4219
62.2579
66.0842
69.9007
73.7074
77.5043
81.2925
85.077
88.8737
92.7187
96.6642
100.758
105.027
109.474
114.092
118.871
123.798
128.865
134.06
139.376
144.804
150.336
155.965
161.684
167.487
173.365
179.312
185.323
191.389
197.504
203.663
209.857
216.082
222.329
228.594
234.868
241.147
247.422
253.688
259.939
266.167
272.367
278.531
284.654
290.729
296.751
302.711
308.605
314.425
320.166
325.821
331.384
336.848
342.208
347.456
352.587
357.594
362.469
367.207
371.8
376.24
380.519
384.629
388.56
392.299
395.833
399.144
402.207
404.98
407.375
409.393
411.586
414.255
417.314
420.718
424.454
428.527
432.955
437.767
443.006
448.733
455.039
462.065
470.042
479.422
491.369
Computed eigenvalues:
4.05466
7.89493
11.7831
15.6886
19.5996
23.5105
27.4181
31.3205
35.2164
39.1051
42.9859
46.8583
50.7219
54.5766
58.4219
62.2579
66.0842
69.9007
73.7074
77.5043
81.2925
85.077
88.8737
92.7187
96.6642
100.758
105.027
109.474
114.092
118.871
123.798
128.865
134.06
139.376
144.804
150.336
155.965
161.684
167.487
173.365
179.312
185.323
191.389
197.504
203.663
209.857
216.082
222.329
228.594
234.868
241.147
247.422
253.688
259.939
266.167
272.367
278.531
284.654
290.729
296.751
302.711
308.605
314.425
320.166
325.821
331.384
336.848
342.208
347.456
352.587
357.594
362.469
367.207
371.8
376.24
380.519
384.629
388.56
392.299
395.833
399.144
402.207
404.98
407.375
409.393
411.586
414.255
417.314
420.718
424.454
428.527
432.955
437.767
443.006
448.733
455.039
462.065
470.042
479.422
491.369
