1.24829
2.18226
3.131
4.08492
5.03969
5.99303
6.9436
7.89055
8.8333
9.77142
10.7046
11.6325
12.5551
13.472
14.3832
15.2885
16.1877
17.0808
17.9676
18.848
19.7219
20.5892
21.4498
22.3035
23.1502
23.9898
24.8222
25.6473
26.4648
27.2748
28.077
28.8712
29.6574
30.4353
31.2047
31.9656
32.7175
33.4604
34.194
34.9181
35.6322
36.3363
37.0298
37.7125
38.3838
39.0435
39.6908
40.3253
40.9463
41.5528
42.144
42.7187
43.2754
43.8121
44.3263
44.8139
45.2658
45.6582
46.0029
46.4044
46.8722
47.3805
47.9188
48.4824
49.0685
49.6753
50.3015
50.9464
51.6094
52.2906
52.9908
53.7116
54.455
55.2237
56.0203
56.8473
57.7068
58.6006
59.5302
60.4975
61.5039
62.5515
63.6424
64.779
65.9643
67.2014
68.4943
69.8476
71.2666
72.7579
74.3293
75.9908
77.7548
79.6376
81.661
83.8562
86.2695
88.9778
92.1281
96.0999
