143.206
143.826
149.281
151.35
161.084
163.241
163.911
164.725
165.654
168.473
180.002
182.996
184.535
186.159
186.214
188.377
197.402
199.213
200.335
200.965
203.631
213.316
213.316
213.316
213.316
213.316
213.316
213.316
213.316
213.316
213.316
213.316
213.316
213.316
213.316
213.316
213.316
213.316
213.316
213.316
213.316
213.316
213.316
213.316
213.316
213.316
213.316
213.316
213.316
213.316
213.316
213.316
213.316
213.316
213.316
213.316
213.316
213.316
213.316
213.316
213.316
213.316
213.316
213.316
213.316
213.316
213.316
213.316
213.316
213.316
213.316
213.316
213.316
213.316
213.316
213.316
213.316
213.316
213.316
213.316
213.316
213.316
213.316
213.316
213.316
213.316
213.316
213.316
213.316
213.316
213.316
213.316
213.316
213.316
213.316
213.316
213.316
213.316
213.316
213.316
213.316
213.316
213.316
213.316
213.316
213.316
213.316
213.316
213.316
213.316
213.316
213.316
213.316
213.316
213.316
213.316
213.316
213.316
213.316
213.316
213.316
213.316
213.316
213.316
213.316
213.316
213.316
213.316
213.316
213.316
213.316
213.316
213.316
213.316
213.316
213.316
213.316
213.316
213.316
213.316
213.316
213.316
213.316
213.316
213.316
213.316
213.316
213.316
213.316
213.316
213.316
213.316
213.316
213.316
213.316
213.316
213.316
213.316
213.316
213.316
213.316
213.316
213.316
213.316
213.316
213.316
213.316
213.316
213.316
213.316
213.316
213.316
213.316
213.316
213.316
213.316
213.316
213.316
213.316
213.316
213.316
213.316
213.316
213.316
213.316
213.316
213.316
213.316
213.316
213.316
213.316
213.316
213.316
213.316
213.316
213.316
213.316
213.316
213.316
213.316
213.316
213.316
230.974
237.315
237.315
237.315
237.315
237.315
237.315
237.315
237.315
237.315
237.315
237.315
237.315
237.315
237.315
237.315
237.315
237.315
237.315
237.315
237.315
237.315
237.315
237.315
237.315
237.315
237.315
237.315
237.315
237.315
237.315
237.315
237.315
237.315
237.315
237.315
237.315
237.315
237.315
237.315
237.315
237.315
237.315
237.315
237.315
237.315
237.315
237.315
237.315
237.315
237.315
237.315
237.315
237.315
237.315
237.315
237.315
237.315
237.315
237.315
237.315
237.315
237.315
237.315
237.315
237.315
237.315
237.315
237.315
237.315
237.315
237.315
237.315
237.315
237.315
237.315
237.315
237.315
237.315
237.315
237.315
237.315
237.315
237.315
237.316
257.102
257.447
259.247
259.499
260.669
267.513
269.075
283.669
284.194
295.266
299.751
300.261
325.425
