Analytical eigenvalues:
2.22284
4.10112
5.99154
7.87587
9.74636
11.5989
13.4309
15.2407
17.0267
18.7879
20.5231
22.2312
23.9112
25.5621
27.1826
28.7715
30.3274
31.8488
33.3341
34.781
36.1874
37.5504
38.8665
40.1311
41.3382
42.4789
43.5369
44.4758
45.2906
46.1678
47.2016
48.3499
49.5861
50.8979
52.2784
53.723
55.2282
56.7918
58.4117
60.0864
61.8147
63.5956
65.4281
67.3116
69.2454
71.2291
73.262
75.3439
77.4744
79.6531
81.8798
84.1542
86.4762
88.8454
91.2618
93.7251
96.2353
98.7922
101.396
104.046
106.742
109.484
112.273
115.108
117.989
120.916
123.889
126.907
129.972
133.082
136.238
139.44
142.687
145.98
149.318
152.703
156.132
159.607
163.128
166.694
170.305
173.962
177.664
181.412
185.204
189.043
192.926
196.855
200.829
204.849
208.913
213.025
217.192
221.457
225.936
230.827
236.341
242.709
250.308
260.101
Computed eigenvalues:
2.22284
4.10112
5.99154
7.87587
9.74636
11.5989
13.4309
15.2407
17.0267
18.7879
20.5231
22.2312
23.9112
25.5621
27.1826
28.7715
30.3274
31.8488
33.3341
34.781
36.1874
37.5504
38.8665
40.1311
41.3382
42.4789
43.5369
44.4758
45.2906
46.1678
47.2016
48.3499
49.5861
50.8979
52.2784
53.723
55.2282
56.7918
58.4117
60.0864
61.8147
63.5956
65.4281
67.3116
69.2454
71.2291
73.262
75.3439
77.4744
79.6531
81.8798
84.1542
86.4762
88.8454
91.2618
93.7251
96.2353
98.7922
101.396
104.046
106.742
109.484
112.273
115.108
117.989
120.916
123.889
126.907
129.972
133.082
136.238
139.44
142.687
145.98
149.318
152.703
156.132
159.607
163.128
166.694
170.305
173.962
177.664
181.412
185.204
189.043
192.926
196.855
200.829
204.849
208.913
213.025
217.192
221.457
225.936
230.827
236.341
242.709
250.308
260.101
