1 0 0 1 2 1 3 0 1
2 0 0 1 2 0.5 2.5 0 1
3 0 0 1.16666667 2.33333333 -0.166666667 2.66666667 0 0.972222222
4 0 0 1.125 2.25 -0.375 2.5 0 0.984375
5 -1.2 9.6 1.6 4.4 -1 4.6 8.16 1.84
6 -2.33333333 18.6666667 2 6.33333333 -1.5 6.5 13.2222222 2.33333333
7 -3.14285714 25.1428571 2.28571429 7.71428571 -1.85714286 7.85714286 15.2653061 2.48979592
8 -3.75 30 2.5 8.75 -2.125 8.875 15.9375 2.5
9 -4.22222222 33.7777778 2.66666667 9.55555556 -2.33333333 9.66666667 15.9506173 2.44444444
10 -4.6 36.8 2.8 10.2 -2.5 10.3 15.64 2.36
11 -4.90909091 39.2727273 2.90909091 10.7272727 -2.63636364 10.8181818 15.1735537 2.26446281
12 -5.16666667 41.3333333 3 11.1666667 -2.75 11.25 14.6388889 2.16666667
13 -5.38461538 43.0769231 3.07692308 11.5384615 -2.84615385 11.6153846 14.0828402 2.07100592
14 -5.57142857 44.5714286 3.14285714 11.8571429 -2.92857143 11.9285714 13.5306122 1.97959184
15 -5.73333333 45.8666667 3.2 12.1333333 -3 12.2 12.9955556 1.89333333
16 -5.875 47 3.25 12.375 -3.0625 12.4375 12.484375 1.8125
17 -6 48 3.29411765 12.5882353 -3.11764706 12.6470588 12 1.73702422
18 -6.11111111 48.8888889 3.33333333 12.7777778 -3.16666667 12.8333333 11.5432099 1.66666667
19 -6.21052632 49.6842105 3.36842105 12.9473684 -3.21052632 13 11.1135734 1.60110803
20 -6.3 50.4 3.4 13.1 -3.25 13.15 10.71 1.54
21 -6.38095238 51.047619 3.42857143 13.2380952 -3.28571429 13.2857143 10.3310658 1.4829932
22 -6.45454545 51.6363636 3.45454545 13.3636364 -3.31818182 13.4090909 9.97520661 1.42975207
23 -6.52173913 52.173913 3.47826087 13.4782609 -3.34782609 13.5217391 9.64083176 1.37996219
24 -6.58333333 52.6666667 3.5 13.5833333 -3.375 13.625 9.32638889 1.33333333
25 -6.64 53.12 3.52 13.68 -3.4 13.72 9.0304 1.2896
26 -6.69230769 53.5384615 3.53846154 13.7692308 -3.42307692 13.8076923 8.75147929 1.24852071
27 -6.74074074 53.9259259 3.55555556 13.8518519 -3.44444444 13.8888889 8.48834019 1.20987654
28 -6.78571429 54.2857143 3.57142857 13.9285714 -3.46428571 13.9642857 8.23979592 1.17346939
29 -6.82758621 54.6206897 3.5862069 14 -3.48275862 14.0344828 8.00475624 1.1391201
30 -6.86666667 54.9333333 3.6 14.0666667 -3.5 14.1 7.78222222 1.10666667
31 -6.90322581 55.2258065 3.61290323 14.1290323 -3.51612903 14.1612903 7.57127992 1.07596254
32 -6.9375 55.5 3.625 14.1875 -3.53125 14.21875 7.37109375 1.046875
33 -6.96969697 55.7575758 3.63636364 14.2424242 -3.54545455 14.2727273 7.18089991 1.01928375
34 -7 56 3.64705882 14.2941176 -3.55882353 14.3235294 7 0.993079585
35 -7.02857143 56.2285714 3.65714286 14.3428571 -3.57142857 14.3714286 6.8277551 0.968163265
36 -7.05555556 56.4444444 3.66666667 14.3888889 -3.58333333 14.4166667 6.66358025 0.944444444
37 -7.08108108 56.6486486 3.67567568 14.4324324 -3.59459459 14.4594595 6.50693937 0.92184076
38 -7.10526316 56.8421053 3.68421053 14.4736842 -3.60526316 14.5 6.35734072 0.900277008
39 -7.12820513 57.025641 3.69230769 14.5128205 -3.61538462 14.5384615 6.21433268 0.879684418
40 -7.15 57.2 3.7 14.55 -3.625 14.575 6.0775 0.86
41 -7.17073171 57.3658537 3.70731707 14.5853659 -3.63414634 14.6097561 5.94646044 0.841165973
42 -7.19047619 57.5238095 3.71428571 14.6190476 -3.64285714 14.6428571 5.82086168 0.823129252
43 -7.20930233 57.6744186 3.72093023 14.6511628 -3.65116279 14.6744186 5.70037858 0.805840995
44 -7.22727273 57.8181818 3.72727273 14.6818182 -3.65909091 14.7045455 5.58471074 0.789256198
45 -7.24444444 57.9555556 3.73333333 14.7111111 -3.66666667 14.7333333 5.47358025 0.773333333
46 -7.26086957 58.0869565 3.73913043 14.7391304 -3.67391304 14.7608696 5.36672968 0.758034026
47 -7.27659574 58.212766 3.74468085 14.7659574 -3.68085106 14.787234 5.26392033 0.74332277
48 -7.29166667 58.3333333 3.75 14.7916667 -3.6875 14.8125 5.16493056 0.729166667
49 -7.30612245 58.4489796 3.75510204 14.8163265 -3.69387755 14.8367347 5.06955435 0.715535194
50 -7.32 58.56 3.76 14.84 -3.7 14.86 4.9776 0.7024
51 -7.33333333 58.6666667 3.76470588 14.8627451 -3.70588235 14.8823529 4.88888889 0.689734717
52 -7.34615385 58.7692308 3.76923077 14.8846154 -3.71153846 14.9038462 4.80325444 0.677514793
53 -7.35849057 58.8679245 3.77358491 14.9056604 -3.71698113 14.9245283 4.72054112 0.665717337
54 -7.37037037 58.962963 3.77777778 14.9259259 -3.72222222 14.9444444 4.64060357 0.654320988
55 -7.38181818 59.0545455 3.78181818 14.9454545 -3.72727273 14.9636364 4.56330579 0.643305785
56 -7.39285714 59.1428571 3.78571429 14.9642857 -3.73214286 14.9821429 4.48852041 0.632653061
57 -7.40350877 59.2280702 3.78947368 14.9824561 -3.73684211 15 4.41612804 0.622345337
58 -7.4137931 59.3103448 3.79310345 15 -3.74137931 15.0172414 4.34601665 0.612366231
59 -7.42372881 59.3898305 3.79661017 15.0169492 -3.74576271 15.0338983 4.27808101 0.602700373
60 -7.43333333 59.4666667 3.8 15.0333333 -3.75 15.05 4.21222222 0.593333333
61 -7.44262295 59.5409836 3.80327869 15.0491803 -3.75409836 15.0655738 4.14834722 0.584251545
62 -7.4516129 59.6129032 3.80645161 15.0645161 -3.75806452 15.0806452 4.08636837 0.575442248
63 -7.46031746 59.6825397 3.80952381 15.0793651 -3.76190476 15.0952381 4.02620307 0.566893424
64 -7.46875 59.75 3.8125 15.09375 -3.765625 15.109375 3.96777344 0.55859375
65 -7.47692308 59.8153846 3.81538462 15.1076923 -3.76923077 15.1230769 3.91100592 0.550532544
66 -7.48484848 59.8787879 3.81818182 15.1212121 -3.77272727 15.1363636 3.85583104 0.542699725
67 -7.49253731 59.9402985 3.82089552 15.1343284 -3.7761194 15.1492537 3.80218311 0.535085765
68 -7.5 60 3.82352941 15.1470588 -3.77941176 15.1617647 3.75 0.527681661
69 -7.50724638 60.057971 3.82608696 15.1594203 -3.7826087 15.173913 3.69922285 0.520478891
70 -7.51428571 60.1142857 3.82857143 15.1714286 -3.78571429 15.1857143 3.64979592 0.513469388
71 -7.52112676 60.1690141 3.83098592 15.1830986 -3.78873239 15.1971831 3.60166634 0.506645507
72 -7.52777778 60.2222222 3.83333333 15.1944444 -3.79166667 15.2083333 3.55478395 0.5
73 -7.53424658 60.2739726 3.83561644 15.2054795 -3.79452055 15.2191781 3.50910114 0.49352599
74 -7.54054054 60.3243243 3.83783784 15.2162162 -3.7972973 15.2297297 3.46457268 0.487216947
75 -7.54666667 60.3733333 3.84 15.2266667 -3.8 15.24 3.42115556 0.481066667
76 -7.55263158 60.4210526 3.84210526 15.2368421 -3.80263158 15.25 3.37880886 0.475069252
77 -7.55844156 60.4675325 3.84415584 15.2467532 -3.80519481 15.2597403 3.33749368 0.469219093
78 -7.56410256 60.5128205 3.84615385 15.2564103 -3.80769231 15.2692308 3.29717291 0.463510848
79 -7.56962025 60.556962 3.84810127 15.2658228 -3.81012658 15.278481 3.25781125 0.457939433
80 -7.575 60.6 3.85 15.275 -3.8125 15.2875 3.219375 0.4525
81 -7.58024691 60.6419753 3.85185185 15.2839506 -3.81481481 15.2962963 3.18183204 0.447187929
82 -7.58536585 60.6829268 3.85365854 15.2926829 -3.81707317 15.304878 3.1451517 0.44199881
83 -7.59036145 60.7228916 3.85542169 15.3012048 -3.81927711 15.313253 3.10930469 0.436928437
84 -7.5952381 60.7619048 3.85714286 15.3095238 -3.82142857 15.3214286 3.07426304 0.431972789
85 -7.6 60.8 3.85882353 15.3176471 -3.82352941 15.3294118 3.04 0.427128028
86 -7.60465116 60.8372093 3.86046512 15.3255814 -3.8255814 15.3372093 3.00648999 0.422390481
87 -7.6091954 60.8735632 3.86206897 15.3333333 -3.82758621 15.3448276 2.97370855 0.417756639
88 -7.61363636 60.9090909 3.86363636 15.3409091 -3.82954545 15.3522727 2.94163223 0.41322314
89 -7.61797753 60.9438202 3.86516854 15.3483146 -3.83146067 15.3595506 2.91023861 0.408786769
90 -7.62222222 60.9777778 3.86666667 15.3555556 -3.83333333 15.3666667 2.87950617 0.404444444
91 -7.62637363 61.010989 3.86813187 15.3626374 -3.83516484 15.3736264 2.84941432 0.400193213
92 -7.63043478 61.0434783 3.86956522 15.3695652 -3.83695652 15.3804348 2.81994329 0.396030246
93 -7.6344086 61.0752688 3.87096774 15.3763441 -3.83870968 15.3870968 2.79107411 0.391952827
94 -7.63829787 61.106383 3.87234043 15.3829787 -3.84042553 15.393617 2.76278859 0.387958352
95 -7.64210526 61.1368421 3.87368421 15.3894737 -3.84210526 15.4 2.73506925 0.384044321
96 -7.64583333 61.1666667 3.875 15.3958333 -3.84375 15.40625 2.70789931 0.380208333
97 -7.64948454 61.1958763 3.87628866 15.4020619 -3.84536082 15.4123711 2.68126262 0.376448082
98 -7.65306122 61.2244898 3.87755102 15.4081633 -3.84693878 15.4183673 2.65514369 0.372761349
99 -7.65656566 61.2525253 3.87878788 15.4141414 -3.84848485 15.4242424 2.6295276 0.369146006
100 -7.66 61.28 3.88 15.42 -3.85 15.43 2.6044 0.3656
101 -7.66336634 61.3069307 3.88118812 15.4257426 -3.85148515 15.4356436 2.57974708 0.362121361
102 -7.66666667 61.3333333 3.88235294 15.4313725 -3.85294118 15.4411765 2.55555556 0.358708189
103 -7.66990291 61.3592233 3.88349515 15.4368932 -3.85436893 15.4466019 2.53181261 0.355358658
104 -7.67307692 61.3846154 3.88461538 15.4423077 -3.85576923 15.4519231 2.50850592 0.352071006
105 -7.67619048 61.4095238 3.88571429 15.447619 -3.85714286 15.4571429 2.48562358 0.348843537
106 -7.67924528 61.4339623 3.88679245 15.4528302 -3.85849057 15.4622642 2.46315415 0.345674617
107 -7.68224299 61.4579439 3.88785047 15.4579439 -3.85981308 15.4672897 2.44108656 0.342562669
108 -7.68518519 61.4814815 3.88888889 15.462963 -3.86111111 15.4722222 2.41941015 0.339506173
109 -7.68807339 61.5045872 3.88990826 15.4678899 -3.86238532 15.4770642 2.39811464 0.336503661
110 -7.69090909 61.5272727 3.89090909 15.4727273 -3.86363636 15.4818182 2.37719008 0.333553719
111 -7.69369369 61.5495495 3.89189189 15.4774775 -3.86486486 15.4864865 2.3566269 0.330654979
112 -7.69642857 61.5714286 3.89285714 15.4821429 -3.86607143 15.4910714 2.33641582 0.327806122
113 -7.69911504 61.5929204 3.89380531 15.4867257 -3.86725664 15.4955752 2.31654789 0.325005874
114 -7.70175439 61.6140351 3.89473684 15.4912281 -3.86842105 15.5 2.29701447 0.322253001
115 -7.70434783 61.6347826 3.89565217 15.4956522 -3.86956522 15.5043478 2.27780718 0.319546314
116 -7.70689655 61.6551724 3.89655172 15.5 -3.87068966 15.5086207 2.25891795 0.316884661
117 -7.70940171 61.6752137 3.8974359 15.5042735 -3.87179487 15.5128205 2.24033896 0.31426693
118 -7.71186441 61.6949153 3.89830508 15.5084746 -3.87288136 15.5169492 2.22206263 0.311692043
119 -7.71428571 61.7142857 3.89915966 15.512605 -3.87394958 15.5210084 2.20408163 0.309158958
120 -7.71666667 61.7333333 3.9 15.5166667 -3.875 15.525 2.18638889 0.306666667
121 -7.71900826 61.7520661 3.90082645 15.5206612 -3.87603306 15.5289256 2.16897753 0.304214193
122 -7.72131148 61.7704918 3.90163934 15.5245902 -3.87704918 15.5327869 2.1518409 0.301800591
123 -7.72357724 61.7886179 3.90243902 15.5284553 -3.87804878 15.5365854 2.13497257 0.299424945
124 -7.72580645 61.8064516 3.90322581 15.5322581 -3.87903226 15.5403226 2.11836629 0.297086368
125 -7.728 61.824 3.904 15.536 -3.88 15.544 2.102016 0.294784
126 -7.73015873 61.8412698 3.9047619 15.5396825 -3.88095238 15.547619 2.08591585 0.292517007
127 -7.73228346 61.8582677 3.90551181 15.5433071 -3.88188976 15.5511811 2.07006014 0.290284581
128 -7.734375 61.875 3.90625 15.546875 -3.8828125 15.5546875 2.05444336 0.288085938
129 -7.73643411 61.8914729 3.90697674 15.5503876 -3.88372093 15.5581395 2.03906015 0.285920317
130 -7.73846154 61.9076923 3.90769231 15.5538462 -3.88461538 15.5615385 2.02390533 0.283786982
131 -7.74045802 61.9236641 3.90839695 15.5572519 -3.88549618 15.5648855 2.00897384 0.281685216
132 -7.74242424 61.9393939 3.90909091 15.5606061 -3.88636364 15.5681818 1.99426079 0.279614325
133 -7.7443609 61.9548872 3.90977444 15.5639098 -3.88721805 15.5714286 1.97976143 0.277573633
134 -7.74626866 61.9701493 3.91044776 15.5671642 -3.8880597 15.5746269 1.96547115 0.275562486
135 -7.74814815 61.9851852 3.91111111 15.5703704 -3.88888889 15.5777778 1.95138546 0.273580247
136 -7.75 62 3.91176471 15.5735294 -3.88970588 15.5808824 1.9375 0.271626298
137 -7.75182482 62.0145985 3.91240876 15.5766423 -3.89051095 15.5839416 1.92381054 0.269700037
138 -7.75362319 62.0289855 3.91304348 15.5797101 -3.89130435 15.5869565 1.91031296 0.267800882
139 -7.75539568 62.0431655 3.91366906 15.5827338 -3.89208633 15.5899281 1.89700326 0.265928265
140 -7.75714286 62.0571429 3.91428571 15.5857143 -3.89285714 15.5928571 1.88387755 0.264081633
141 -7.75886525 62.070922 3.91489362 15.5886525 -3.89361702 15.5957447 1.87093205 0.26226045
142 -7.76056338 62.084507 3.91549296 15.5915493 -3.8943662 15.5985915 1.85816306 0.260464194
143 -7.76223776 62.0979021 3.91608392 15.5944056 -3.8951049 15.6013986 1.84556702 0.258692357
144 -7.76388889 62.1111111 3.91666667 15.5972222 -3.89583333 15.6041667 1.83314043 0.256944444
145 -7.76551724 62.1241379 3.91724138 15.6 -3.89655172 15.6068966 1.8208799 0.255219976
146 -7.76712329 62.1369863 3.91780822 15.6027397 -3.89726027 15.609589 1.80878214 0.253518484
147 -7.76870748 62.1496599 3.91836735 15.6054422 -3.89795918 15.6122449 1.79684391 0.251839511
148 -7.77027027 62.1621622 3.91891892 15.6081081 -3.89864865 15.6148649 1.78506209 0.250182615
149 -7.77181208 62.1744966 3.91946309 15.6107383 -3.89932886 15.6174497 1.77343363 0.248547363
150 -7.77333333 62.1866667 3.92 15.6133333 -3.9 15.62 1.76195556 0.246933333
151 -7.77483444 62.1986755 3.9205298 15.615894 -3.90066225 15.6225166 1.75062497 0.245340117
152 -7.77631579 62.2105263 3.92105263 15.6184211 -3.90131579 15.625 1.73943906 0.243767313
153 -7.77777778 62.2222222 3.92156863 15.620915 -3.90196078 15.627451 1.72839506 0.242214533
154 -7.77922078 62.2337662 3.92207792 15.6233766 -3.9025974 15.6298701 1.7174903 0.240681397
155 -7.78064516 62.2451613 3.92258065 15.6258065 -3.90322581 15.6322581 1.70672216 0.239167534
156 -7.78205128 62.2564103 3.92307692 15.6282051 -3.90384615 15.6346154 1.6960881 0.237672584
157 -7.78343949 62.2675159 3.92356688 15.6305732 -3.9044586 15.6369427 1.68558562 0.236196195
158 -7.78481013 62.278481 3.92405063 15.6329114 -3.90506329 15.6392405 1.67521231 0.234738023
159 -7.78616352 62.2893082 3.9245283 15.6352201 -3.90566038 15.6415094 1.66496578 0.233297733
160 -7.7875 62.3 3.925 15.6375 -3.90625 15.64375 1.65484375 0.231875
161 -7.78881988 62.310559 3.92546584 15.6397516 -3.9068323 15.6459627 1.64484395 0.230469503
162 -7.79012346 62.3209877 3.92592593 15.6419753 -3.90740741 15.6481481 1.63496418 0.229080933
163 -7.79141104 62.3312883 3.92638037 15.6441718 -3.90797546 15.6503067 1.6252023 0.227708984
164 -7.79268293 62.3414634 3.92682927 15.6463415 -3.90853659 15.652439 1.61555622 0.226353361
165 -7.79393939 62.3515152 3.92727273 15.6484848 -3.90909091 15.6545455 1.60602388 0.225013774
166 -7.79518072 62.3614458 3.92771084 15.6506024 -3.90963855 15.6566265 1.59660328 0.22368994
167 -7.79640719 62.3712575 3.92814371 15.6526946 -3.91017964 15.6586826 1.58729248 0.222381584
168 -7.79761905 62.3809524 3.92857143 15.6547619 -3.91071429 15.6607143 1.57808957 0.221088435
169 -7.79881657 62.3905325 3.92899408 15.6568047 -3.9112426 15.6627219 1.56899268 0.219810231
170 -7.8 62.4 3.92941176 15.6588235 -3.91176471 15.6647059 1.56 0.218546713
171 -7.80116959 62.4093567 3.92982456 15.6608187 -3.9122807 15.6666667 1.55110974 0.21729763
172 -7.80232558 62.4186047 3.93023256 15.6627907 -3.9127907 15.6686047 1.54232017 0.216062737
173 -7.80346821 62.4277457 3.93063584 15.6647399 -3.9132948 15.6705202 1.53362959 0.214841792
174 -7.8045977 62.4367816 3.93103448 15.6666667 -3.9137931 15.6724138 1.52503633 0.213634562
175 -7.80571429 62.4457143 3.93142857 15.6685714 -3.91428571 15.6742857 1.51653878 0.212440816
176 -7.80681818 62.4545455 3.93181818 15.6704545 -3.91477273 15.6761364 1.50813533 0.211260331
177 -7.8079096 62.4632768 3.93220339 15.6723164 -3.91525424 15.6779661 1.49982444 0.210092885
178 -7.80898876 62.4719101 3.93258427 15.6741573 -3.91573034 15.6797753 1.4916046 0.208938265
179 -7.81005587 62.4804469 3.93296089 15.6759777 -3.91620112 15.6815642 1.4834743 0.207796261
180 -7.81111111 62.4888889 3.93333333 15.6777778 -3.91666667 15.6833333 1.4754321 0.206666667
181 -7.8121547 62.4972376 3.93370166 15.679558 -3.91712707 15.6850829 1.46747657 0.205549281
182 -7.81318681 62.5054945 3.93406593 15.6813187 -3.91758242 15.6868132 1.45960633 0.204443908
183 -7.81420765 62.5136612 3.93442623 15.6830601 -3.91803279 15.6885246 1.45182 0.203350354
184 -7.81521739 62.5217391 3.93478261 15.6847826 -3.91847826 15.6902174 1.44411626 0.202268431
185 -7.81621622 62.5297297 3.93513514 15.6864865 -3.91891892 15.6918919 1.43649379 0.201197955
186 -7.8172043 62.5376344 3.93548387 15.688172 -3.91935484 15.6935484 1.42895132 0.200138744
187 -7.81818182 62.5454545 3.93582888 15.6898396 -3.9197861 15.6951872 1.4214876 0.199090623
188 -7.81914894 62.5531915 3.93617021 15.6914894 -3.92021277 15.6968085 1.4141014 0.198053418
189 -7.82010582 62.5608466 3.93650794 15.6931217 -3.92063492 15.6984127 1.40679152 0.197026959
190 -7.82105263 62.5684211 3.93684211 15.6947368 -3.92105263 15.7 1.39955679 0.19601108
191 -7.82198953 62.5759162 3.93717277 15.6963351 -3.92146597 15.7015707 1.39239604 0.195005619
192 -7.82291667 62.5833333 3.9375 15.6979167 -3.921875 15.703125 1.38530816 0.194010417
193 -7.8238342 62.5906736 3.93782383 15.6994819 -3.92227979 15.7046632 1.37829203 0.193025316
194 -7.82474227 62.5979381 3.93814433 15.7010309 -3.92268041 15.7061856 1.37134658 0.192050165
195 -7.82564103 62.6051282 3.93846154 15.7025641 -3.92307692 15.7076923 1.36447074 0.191084813
196 -7.82653061 62.6122449 3.93877551 15.7040816 -3.92346939 15.7091837 1.35766347 0.190129113
197 -7.82741117 62.6192893 3.93908629 15.7055838 -3.92385787 15.7106599 1.35092375 0.189182921
198 -7.82828283 62.6262626 3.93939394 15.7070707 -3.92424242 15.7121212 1.34425059 0.188246097
199 -7.82914573 62.6331658 3.93969849 15.7085427 -3.92462312 15.7135678 1.33764299 0.187318502
200 -7.83 62.64 3.94 15.71 -3.925 15.715 1.3311 0.1864
201 -7.83084577 62.6467662 3.94029851 15.7114428 -3.92537313 15.7164179 1.32462068 0.185490458
202 -7.83168317 62.6534653 3.94059406 15.7128713 -3.92574257 15.7178218 1.3182041 0.184589746
203 -7.83251232 62.6600985 3.9408867 15.7142857 -3.92610837 15.7192118 1.31184935 0.183697736
204 -7.83333333 62.6666667 3.94117647 15.7156863 -3.92647059 15.7205882 1.30555556 0.182814302
205 -7.83414634 62.6731707 3.94146341 15.7170732 -3.92682927 15.7219512 1.29932183 0.181939322
206 -7.83495146 62.6796117 3.94174757 15.7184466 -3.92718447 15.723301 1.29314733 0.181072674
207 -7.83574879 62.6859903 3.94202899 15.7198068 -3.92753623 15.7246377 1.2870312 0.180214241
208 -7.83653846 62.6923077 3.94230769 15.7211538 -3.92788462 15.7259615 1.28097263 0.179363905
209 -7.83732057 62.6985646 3.94258373 15.722488 -3.92822967 15.7272727 1.27497081 0.178521554
210 -7.83809524 62.7047619 3.94285714 15.7238095 -3.92857143 15.7285714 1.26902494 0.177687075
211 -7.83886256 62.7109005 3.94312796 15.7251185 -3.92890995 15.7298578 1.26313425 0.176860358
212 -7.83962264 62.7169811 3.94339623 15.7264151 -3.92924528 15.7311321 1.25729797 0.176041296
213 -7.84037559 62.7230047 3.94366197 15.7276995 -3.92957746 15.7323944 1.25151535 0.175229782
214 -7.8411215 62.728972 3.94392523 15.728972 -3.92990654 15.7336449 1.24578566 0.174425714
215 -7.84186047 62.7348837 3.94418605 15.7302326 -3.93023256 15.7348837 1.24010817 0.173628989
216 -7.84259259 62.7407407 3.94444444 15.7314815 -3.93055556 15.7361111 1.23448217 0.172839506
217 -7.84331797 62.7465438 3.94470046 15.7327189 -3.93087558 15.7373272 1.22890696 0.172057168
218 -7.8440367 62.7522936 3.94495413 15.733945 -3.93119266 15.7385321 1.22338187 0.171281879
219 -7.84474886 62.7579909 3.94520548 15.7351598 -3.93150685 15.739726 1.21790622 0.170513542
220 -7.84545455 62.7636364 3.94545455 15.7363636 -3.93181818 15.7409091 1.21247934 0.169752066
221 -7.84615385 62.7692308 3.94570136 15.7375566 -3.9321267 15.7420814 1.20710059 0.168997359
222 -7.84684685 62.7747748 3.94594595 15.7387387 -3.93243243 15.7432432 1.20176934 0.16824933
223 -7.84753363 62.7802691 3.94618834 15.7399103 -3.93273543 15.7443946 1.19648495 0.167507893
224 -7.84821429 62.7857143 3.94642857 15.7410714 -3.93303571 15.7455357 1.19124681 0.166772959
225 -7.84888889 62.7911111 3.94666667 15.7422222 -3.93333333 15.7466667 1.18605432 0.166044444
226 -7.84955752 62.7964602 3.94690265 15.7433628 -3.93362832 15.7477876 1.18090688 0.165322265
227 -7.85022026 62.8017621 3.94713656 15.7444934 -3.9339207 15.7488987 1.17580392 0.164606338
228 -7.85087719 62.8070175 3.94736842 15.745614 -3.93421053 15.75 1.17074484 0.163896584
229 -7.85152838 62.8122271 3.94759825 15.7467249 -3.93449782 15.7510917 1.16572911 0.163192922
230 -7.85217391 62.8173913 3.94782609 15.7478261 -3.93478261 15.7521739 1.16075614 0.162495274
231 -7.85281385 62.8225108 3.94805195 15.7489177 -3.93506494 15.7532468 1.15582542 0.161803564
232 -7.85344828 62.8275862 3.94827586 15.75 -3.93534483 15.7543103 1.15093639 0.161117717
233 -7.85407725 62.832618 3.94849785 15.751073 -3.93562232 15.7553648 1.14608853 0.160437658
234 -7.85470085 62.8376068 3.94871795 15.7521368 -3.93589744 15.7564103 1.14128132 0.159763314
235 -7.85531915 62.8425532 3.94893617 15.7531915 -3.93617021 15.7574468 1.13651426 0.159094613
236 -7.8559322 62.8474576 3.94915254 15.7542373 -3.93644068 15.7584746 1.13178684 0.158431485
237 -7.85654008 62.8523207 3.94936709 15.7552743 -3.93670886 15.7594937 1.12709858 0.157773861
238 -7.85714286 62.8571429 3.94957983 15.7563025 -3.93697479 15.7605042 1.12244898 0.157121672
239 -7.85774059 62.8619247 3.94979079 15.7573222 -3.93723849 15.7615063 1.11783757 0.156474852
240 -7.85833333 62.8666667 3.95 15.7583333 -3.9375 15.7625 1.11326389 0.155833333
241 -7.85892116 62.8713693 3.95020747 15.7593361 -3.93775934 15.7634855 1.10872747 0.155197052
242 -7.85950413 62.8760331 3.95041322 15.7603306 -3.93801653 15.7644628 1.10422785 0.154565945
243 -7.8600823 62.8806584 3.95061728 15.7613169 -3.9382716 15.7654321 1.0997646 0.153939948
244 -7.86065574 62.8852459 3.95081967 15.7622951 -3.93852459 15.7663934 1.09533727 0.153319
245 -7.86122449 62.8897959 3.95102041 15.7632653 -3.93877551 15.7673469 1.09094544 0.15270304
246 -7.86178862 62.8943089 3.95121951 15.7642276 -3.93902439 15.7682927 1.08658867 0.152092009
247 -7.86234818 62.8987854 3.951417 15.7651822 -3.93927126 15.7692308 1.08226655 0.151485846
248 -7.86290323 62.9032258 3.9516129 15.766129 -3.93951613 15.7701613 1.07797867 0.150884495
249 -7.86345382 62.9076305 3.95180723 15.7670683 -3.93975904 15.7710843 1.07372462 0.150287899
250 -7.864 62.912 3.952 15.768 -3.94 15.772 1.069504 0.149696
251 -7.86454183 62.9163347 3.95219124 15.7689243 -3.94023904 15.7729084 1.06531642 0.149108744
252 -7.86507937 62.9206349 3.95238095 15.7698413 -3.94047619 15.7738095 1.0611615 0.148526077
253 -7.86561265 62.9249012 3.95256917 15.770751 -3.94071146 15.7747036 1.05703885 0.147947945
254 -7.86614173 62.9291339 3.95275591 15.7716535 -3.94094488 15.7755906 1.05294811 0.147374295
255 -7.86666667 62.9333333 3.95294118 15.772549 -3.94117647 15.7764706 1.04888889 0.146805075
256 -7.8671875 62.9375 3.953125 15.7734375 -3.94140625 15.7773438 1.04486084 0.146240234
257 -7.86770428 62.9416342 3.95330739 15.7743191 -3.94163424 15.7782101 1.0408636 0.145679723
258 -7.86821705 62.9457364 3.95348837 15.7751938 -3.94186047 15.7790698 1.03689682 0.14512349
259 -7.86872587 62.9498069 3.95366795 15.7760618 -3.94208494 15.7799228 1.03296015 0.144571488
260 -7.86923077 62.9538462 3.95384615 15.7769231 -3.94230769 15.7807692 1.02905325 0.144023669
261 -7.8697318 62.9578544 3.95402299 15.7777778 -3.94252874 15.7816092 1.02517579 0.143479984
262 -7.87022901 62.9618321 3.95419847 15.778626 -3.94274809 15.7824427 1.02132743 0.142940388
263 -7.87072243 62.9657795 3.95437262 15.7794677 -3.94296578 15.78327 1.01750784 0.142404835
264 -7.87121212 62.969697 3.95454545 15.780303 -3.94318182 15.7840909 1.01371671 0.141873278
265 -7.87169811 62.9735849 3.95471698 15.7811321 -3.94339623 15.7849057 1.00995372 0.141345675
266 -7.87218045 62.9774436 3.95488722 15.7819549 -3.94360902 15.7857143 1.00621855 0.14082198
267 -7.87265918 62.9812734 3.95505618 15.7827715 -3.94382022 15.7865169 1.00251091 0.14030215
268 -7.87313433 62.9850746 3.95522388 15.7835821 -3.94402985 15.7873134 0.998830474 0.139786144
269 -7.87360595 62.9888476 3.95539033 15.7843866 -3.94423792 15.7881041 0.99517696 0.139273918
270 -7.87407407 62.9925926 3.95555556 15.7851852 -3.94444444 15.7888889 0.991550069 0.138765432
271 -7.87453875 62.99631 3.95571956 15.7859779 -3.94464945 15.7896679 0.98794951 0.138260645
272 -7.875 63 3.95588235 15.7867647 -3.94485294 15.7904412 0.984375 0.137759516
273 -7.87545788 63.003663 3.95604396 15.7875458 -3.94505495 15.7912088 0.980826256 0.137262005
274 -7.87591241 63.0072993 3.95620438 15.7883212 -3.94525547 15.7919708 0.977303 0.136768075
275 -7.87636364 63.0109091 3.95636364 15.7890909 -3.94545455 15.7927273 0.973804959 0.136277686
276 -7.87681159 63.0144928 3.95652174 15.7898551 -3.94565217 15.7934783 0.970331863 0.1357908
277 -7.87725632 63.0180505 3.9566787 15.7906137 -3.94584838 15.7942238 0.966883447 0.135307381
278 -7.87769784 63.0215827 3.95683453 15.7913669 -3.94604317 15.794964 0.963459448 0.13482739
279 -7.8781362 63.0250896 3.95698925 15.7921147 -3.94623656 15.7956989 0.960059609 0.134350792
280 -7.87857143 63.0285714 3.95714286 15.7928571 -3.94642857 15.7964286 0.956683673 0.133877551
281 -7.87900356 63.0320285 3.95729537 15.7935943 -3.94661922 15.797153 0.953331391 0.133407632
282 -7.87943262 63.035461 3.95744681 15.7943262 -3.94680851 15.7978723 0.950002515 0.132940999
283 -7.87985866 63.0388693 3.95759717 15.795053 -3.94699647 15.7985866 0.9466968 0.132477619
284 -7.88028169 63.0422535 3.95774648 15.7957746 -3.9471831 15.7992958 0.943414005 0.132017457
285 -7.88070175 63.045614 3.95789474 15.7964912 -3.94736842 15.8 0.940153894 0.13156048
286 -7.88111888 63.048951 3.95804196 15.7972028 -3.94755245 15.8006993 0.936916231 0.131106656
287 -7.8815331 63.0522648 3.95818815 15.7979094 -3.94773519 15.8013937 0.933700785 0.130655951
288 -7.88194444 63.0555556 3.95833333 15.7986111 -3.94791667 15.8020833 0.93050733 0.130208333
289 -7.88235294 63.0588235 3.95847751 15.799308 -3.94809689 15.8027682 0.92733564 0.129763772
290 -7.88275862 63.062069 3.95862069 15.8 -3.94827586 15.8034483 0.924185493 0.129322235
291 -7.88316151 63.0652921 3.95876289 15.8006873 -3.94845361 15.8041237 0.921056672 0.128883693
292 -7.88356164 63.0684932 3.95890411 15.8013699 -3.94863014 15.8047945 0.917948959 0.128448114
293 -7.88395904 63.0716724 3.95904437 15.8020478 -3.94880546 15.8054608 0.914862142 0.128015469
294 -7.88435374 63.0748299 3.95918367 15.8027211 -3.94897959 15.8061224 0.911796011 0.127585728
295 -7.88474576 63.0779661 3.95932203 15.8033898 -3.94915254 15.8067797 0.908750359 0.127158862
296 -7.88513514 63.0810811 3.95945946 15.8040541 -3.94932432 15.8074324 0.905724982 0.126734843
297 -7.88552189 63.0841751 3.95959596 15.8047138 -3.94949495 15.8080808 0.902719677 0.126313641
298 -7.88590604 63.0872483 3.95973154 15.8053691 -3.94966443 15.8087248 0.899734246 0.12589523
299 -7.88628763 63.090301 3.95986622 15.8060201 -3.94983278 15.8093645 0.896768493 0.125479581
300 -7.88666667 63.0933333 3.96 15.8066667 -3.95 15.81 0.893822222 0.125066667
301 -7.88704319 63.0963455 3.96013289 15.807309 -3.95016611 15.8106312 0.890895244 0.124656461
302 -7.88741722 63.0993377 3.9602649 15.807947 -3.95033113 15.8112583 0.887987369 0.124248936
303 -7.88778878 63.1023102 3.96039604 15.8085809 -3.95049505 15.8118812 0.885098411 0.123844068
304 -7.88815789 63.1052632 3.96052632 15.8092105 -3.95065789 15.8125 0.882228186 0.123441828
305 -7.88852459 63.1081967 3.96065574 15.8098361 -3.95081967 15.8131148 0.879376512 0.123042193
306 -7.88888889 63.1111111 3.96078431 15.8104575 -3.95098039 15.8137255 0.87654321 0.122645136
307 -7.88925081 63.1140065 3.96091205 15.8110749 -3.95114007 15.8143322 0.873728103 0.122250634
308 -7.88961039 63.1168831 3.96103896 15.8116883 -3.9512987 15.8149351 0.870931017 0.121858661
309 -7.88996764 63.1197411 3.96116505 15.8122977 -3.95145631 15.815534 0.868151779 0.121469193
310 -7.89032258 63.1225806 3.96129032 15.8129032 -3.9516129 15.816129 0.865390219 0.121082206
311 -7.89067524 63.1254019 3.96141479 15.8135048 -3.95176849 15.8167203 0.862646168 0.120697677
312 -7.89102564 63.1282051 3.96153846 15.8141026 -3.95192308 15.8173077 0.859919461 0.120315582
313 -7.8913738 63.1309904 3.96166134 15.8146965 -3.95207668 15.8178914 0.857209934 0.119935898
314 -7.89171975 63.133758 3.96178344 15.8152866 -3.9522293 15.8184713 0.854517425 0.119558603
315 -7.89206349 63.1365079 3.96190476 15.815873 -3.95238095 15.8190476 0.851841774 0.119183673
316 -7.89240506 63.1392405 3.96202532 15.8164557 -3.95253165 15.8196203 0.849182823 0.118811088
317 -7.89274448 63.1419558 3.96214511 15.8170347 -3.95268139 15.8201893 0.846540417 0.118440824
318 -7.89308176 63.1446541 3.96226415 15.8176101 -3.95283019 15.8207547 0.843914402 0.118072861
319 -7.89341693 63.1473354 3.96238245 15.8181818 -3.95297806 15.8213166 0.841304626 0.117707177
320 -7.89375 63.15 3.9625 15.81875 -3.953125 15.821875 0.838710938 0.11734375
321 -7.894081 63.152648 3.96261682 15.8193146 -3.95327103 15.8224299 0.83613319 0.11698256
322 -7.89440994 63.1552795 3.96273292 15.8198758 -3.95341615 15.8229814 0.833571236 0.116623587
323 -7.89473684 63.1578947 3.9628483 15.8204334 -3.95356037 15.8235294 0.831024931 0.11626681
324 -7.89506173 63.1604938 3.96296296 15.8209877 -3.9537037 15.8240741 0.828494132 0.115912209
325 -7.89538462 63.1630769 3.96307692 15.8215385 -3.95384615 15.8246154 0.825978698 0.115559763
326 -7.89570552 63.1656442 3.96319018 15.8220859 -3.95398773 15.8251534 0.82347849 0.115209455
327 -7.89602446 63.1681957 3.96330275 15.82263 -3.95412844 15.8256881 0.820993369 0.114861263
328 -7.89634146 63.1707317 3.96341463 15.8231707 -3.95426829 15.8262195 0.8185232 0.11451517
329 -7.89665653 63.1732523 3.96352584 15.8237082 -3.95440729 15.8267477 0.816067849 0.114171155
330 -7.8969697 63.1757576 3.96363636 15.8242424 -3.95454545 15.8272727 0.813627181 0.113829201
331 -7.89728097 63.1782477 3.96374622 15.8247734 -3.95468278 15.8277946 0.811201066 0.113489289
332 -7.89759036 63.1807229 3.96385542 15.8253012 -3.95481928 15.8283133 0.808789374 0.113151401
333 -7.8978979 63.1831832 3.96396396 15.8258258 -3.95495495 15.8288288 0.806391978 0.112815518
334 -7.89820359 63.1856287 3.96407186 15.8263473 -3.95508982 15.8293413 0.804008749 0.112481624
335 -7.89850746 63.1880597 3.9641791 15.8268657 -3.95522388 15.8298507 0.801639563 0.112149699
336 -7.89880952 63.1904762 3.96428571 15.827381 -3.95535714 15.8303571 0.799284297 0.111819728
337 -7.89910979 63.1928783 3.96439169 15.8278932 -3.95548961 15.8308605 0.796942828 0.111491692
338 -7.89940828 63.1952663 3.96449704 15.8284024 -3.9556213 15.8313609 0.794615034 0.111165575
339 -7.89970501 63.1976401 3.96460177 15.8289086 -3.95575221 15.8318584 0.792300798 0.110841361
340 -7.9 63.2 3.96470588 15.8294118 -3.95588235 15.8323529 0.79 0.110519031
341 -7.90029326 63.202346 3.96480938 15.829912 -3.95601173 15.8328446 0.787712524 0.110198571
342 -7.9005848 63.2046784 3.96491228 15.8304094 -3.95614035 15.8333333 0.785438255 0.109879963
343 -7.90087464 63.2069971 3.96501458 15.8309038 -3.95626822 15.8338192 0.783177078 0.109563192
344 -7.90116279 63.2093023 3.96511628 15.8313953 -3.95639535 15.8343023 0.78092888 0.109248242
345 -7.90144928 63.2115942 3.96521739 15.8318841 -3.95652174 15.8347826 0.778693552 0.108935098
346 -7.9017341 63.2138728 3.96531792 15.8323699 -3.9566474 15.8352601 0.776470981 0.108623743
347 -7.90201729 63.2161383 3.96541787 15.832853 -3.95677233 15.8357349 0.77426106 0.108314163
348 -7.90229885 63.2183908 3.96551724 15.8333333 -3.95689655 15.8362069 0.772063681 0.108006342
349 -7.9025788 63.2206304 3.96561605 15.8338109 -3.95702006 15.8366762 0.769878737 0.107700265
350 -7.90285714 63.2228571 3.96571429 15.8342857 -3.95714286 15.8371429 0.767706122 0.107395918
351 -7.9031339 63.2250712 3.96581197 15.8347578 -3.95726496 15.8376068 0.765545734 0.107093287
352 -7.90340909 63.2272727 3.96590909 15.8352273 -3.95738636 15.8380682 0.763397469 0.106792355
353 -7.90368272 63.2294618 3.96600567 15.8356941 -3.95750708 15.8385269 0.761261225 0.10649311
354 -7.9039548 63.2316384 3.96610169 15.8361582 -3.95762712 15.8389831 0.759136902 0.106195538
355 -7.90422535 63.2338028 3.96619718 15.8366197 -3.95774648 15.8394366 0.7570244 0.105899623
356 -7.90449438 63.2359551 3.96629213 15.8370787 -3.95786517 15.8398876 0.754923621 0.105605353
357 -7.9047619 63.2380952 3.96638655 15.837535 -3.95798319 15.8403361 0.752834467 0.105312713
358 -7.90502793 63.2402235 3.96648045 15.8379888 -3.95810056 15.8407821 0.750756843 0.105021691
359 -7.90529248 63.2423398 3.96657382 15.8384401 -3.95821727 15.8412256 0.748690653 0.104732272
360 -7.90555556 63.2444444 3.96666667 15.8388889 -3.95833333 15.8416667 0.746635802 0.104444444
361 -7.90581717 63.2465374 3.966759 15.8393352 -3.95844875 15.8421053 0.744592199 0.104158194
362 -7.90607735 63.2486188 3.96685083 15.839779 -3.95856354 15.8425414 0.742559751 0.103873508
363 -7.90633609 63.2506887 3.96694215 15.8402204 -3.95867769 15.8429752 0.740538366 0.103590374
364 -7.90659341 63.2527473 3.96703297 15.8406593 -3.95879121 15.8434066 0.738527956 0.103308779
365 -7.90684932 63.2547945 3.96712329 15.8410959 -3.95890411 15.8438356 0.736528429 0.103028711
366 -7.90710383 63.2568306 3.96721311 15.8415301 -3.95901639 15.8442623 0.7345397 0.102750157
367 -7.90735695 63.2588556 3.96730245 15.8419619 -3.95912807 15.8446866 0.732561679 0.102473105
368 -7.9076087 63.2608696 3.9673913 15.8423913 -3.95923913 15.8451087 0.730594282 0.102197543
369 -7.90785908 63.2628726 3.96747967 15.8428184 -3.95934959 15.8455285 0.728637422 0.101923458
370 -7.90810811 63.2648649 3.96756757 15.8432432 -3.95945946 15.8459459 0.726691015 0.10165084
371 -7.9083558 63.2668464 3.96765499 15.8436658 -3.95956873 15.8463612 0.724754979 0.101379676
372 -7.90860215 63.2688172 3.96774194 15.844086 -3.95967742 15.8467742 0.722829229 0.101109955
373 -7.90884718 63.2707775 3.96782842 15.844504 -3.95978552 15.847185 0.720913684 0.100841665
374 -7.90909091 63.2727273 3.96791444 15.8449198 -3.95989305 15.8475936 0.719008264 0.100574795
375 -7.90933333 63.2746667 3.968 15.8453333 -3.96 15.848 0.717112889 0.100309333
376 -7.90957447 63.2765957 3.96808511 15.8457447 -3.96010638 15.8484043 0.715227478 0.100045269
377 -7.90981432 63.2785146 3.96816976 15.8461538 -3.9602122 15.8488064 0.713351955 0.0997825919
378 -7.91005291 63.2804233 3.96825397 15.8465608 -3.96031746 15.8492063 0.711486241 0.09952129
379 -7.91029024 63.2823219 3.96833773 15.8469657 -3.96042216 15.8496042 0.709630259 0.099261353
380 -7.91052632 63.2842105 3.96842105 15.8473684 -3.96052632 15.85 0.707783934 0.0990027701
381 -7.91076115 63.2860892 3.96850394 15.847769 -3.96062992 15.8503937 0.70594719 0.0987455308
382 -7.91099476 63.2879581 3.96858639 15.8481675 -3.96073298 15.8507853 0.704119953 0.0984896247
383 -7.91122715 63.2898172 3.96866841 15.848564 -3.96083551 15.8511749 0.702302149 0.0982350415
384 -7.91145833 63.2916667 3.96875 15.8489583 -3.9609375 15.8515625 0.700493707 0.0979817708
385 -7.91168831 63.2935065 3.96883117 15.8493506 -3.96103896 15.8519481 0.698694552 0.0977298027
386 -7.9119171 63.2953368 3.96891192 15.8497409 -3.9611399 15.8523316 0.696904615 0.097479127
387 -7.9121447 63.2971576 3.96899225 15.8501292 -3.96124031 15.8527132 0.695123824 0.0972297338
388 -7.91237113 63.2989691 3.96907216 15.8505155 -3.96134021 15.8530928 0.69335211 0.0969816133
389 -7.9125964 63.3007712 3.96915167 15.8508997 -3.96143959 15.8534704 0.691589403 0.0967347559
390 -7.91282051 63.3025641 3.96923077 15.8512821 -3.96153846 15.8538462 0.689835634 0.0964891519
391 -7.91304348 63.3043478 3.96930946 15.8516624 -3.96163683 15.8542199 0.688090737 0.0962447917
392 -7.91326531 63.3061224 3.96938776 15.8520408 -3.96173469 15.8545918 0.686354644 0.096001666
393 -7.91348601 63.307888 3.96946565 15.8524173 -3.96183206 15.8549618 0.684627288 0.0957597654
394 -7.91370558 63.3096447 3.96954315 15.8527919 -3.96192893 15.8553299 0.682908604 0.0955190806
395 -7.91392405 63.3113924 3.96962025 15.8531646 -3.96202532 15.8556962 0.681198526 0.0952796026
396 -7.91414141 63.3131313 3.96969697 15.8535354 -3.96212121 15.8560606 0.67949699 0.0950413223
397 -7.91435768 63.3148615 3.9697733 15.8539043 -3.96221662 15.8564232 0.677803933 0.0948042307
398 -7.91457286 63.3165829 3.96984925 15.8542714 -3.96231156 15.8567839 0.67611929 0.094568319
399 -7.91478697 63.3182957 3.96992481 15.8546366 -3.96240602 15.8571429 0.674443 0.0943335783
400 -7.915 63.32 3.97 15.855 -3.9625 15.8575 0.672775 0.0941
401 -7.91521197 63.3216958 3.97007481 15.8553616 -3.96259352 15.8578554 0.671115229 0.0938675755
402 -7.91542289 63.3233831 3.97014925 15.8557214 -3.96268657 15.858209 0.669463627 0.0936362961
403 -7.91563275 63.325062 3.97022333 15.8560794 -3.96277916 15.8585608 0.667820133 0.0934061536
404 -7.91584158 63.3267327 3.97029703 15.8564356 -3.96287129 15.8589109 0.666184688 0.0931771395
405 -7.91604938 63.3283951 3.97037037 15.8567901 -3.96296296 15.8592593 0.664557232 0.0929492455
406 -7.91625616 63.3300493 3.97044335 15.8571429 -3.96305419 15.8596059 0.662937708 0.0927224635
407 -7.91646192 63.3316953 3.97051597 15.8574939 -3.96314496 15.8599509 0.661326057 0.0924967854
408 -7.91666667 63.3333333 3.97058824 15.8578431 -3.96323529 15.8602941 0.659722222 0.092272203
409 -7.91687042 63.3349633 3.97066015 15.8581907 -3.96332518 15.8606357 0.658126147 0.0920487085
410 -7.91707317 63.3365854 3.97073171 15.8585366 -3.96341463 15.8609756 0.656537775 0.0918262939
411 -7.91727494 63.3381995 3.97080292 15.8588808 -3.96350365 15.8613139 0.654957051 0.0916049514
412 -7.91747573 63.3398058 3.97087379 15.8592233 -3.96359223 15.8616505 0.653383919 0.0913846734
413 -7.91767554 63.3414044 3.97094431 15.8595642 -3.96368039 15.8619855 0.651818326 0.0911654521
414 -7.9178744 63.3429952 3.97101449 15.8599034 -3.96376812 15.8623188 0.650260216 0.09094728
415 -7.91807229 63.3445783 3.97108434 15.860241 -3.96385542 15.8626506 0.648709537 0.0907301495
416 -7.91826923 63.3461538 3.97115385 15.8605769 -3.96394231 15.8629808 0.647166235 0.0905140533
417 -7.91846523 63.3477218 3.97122302 15.8609113 -3.96402878 15.8633094 0.645630258 0.0902989838
418 -7.91866029 63.3492823 3.97129187 15.861244 -3.96411483 15.8636364 0.644101554 0.090084934
419 -7.91885442 63.3508353 3.97136038 15.8615752 -3.96420048 15.8639618 0.642580072 0.0898718964
420 -7.91904762 63.352381 3.97142857 15.8619048 -3.96428571 15.8642857 0.64106576 0.0896598639
421 -7.9192399 63.3539192 3.97149644 15.8622328 -3.96437055 15.8646081 0.639558567 0.0894488296
422 -7.91943128 63.3554502 3.97156398 15.8625592 -3.96445498 15.8649289 0.638058444 0.0892387862
423 -7.91962175 63.356974 3.97163121 15.8628842 -3.96453901 15.8652482 0.636565342 0.0890297269
424 -7.91981132 63.3584906 3.97169811 15.8632075 -3.96462264 15.865566 0.63507921 0.0888216447
425 -7.92 63.36 3.97176471 15.8635294 -3.96470588 15.8658824 0.6336 0.0886145329
426 -7.92018779 63.3615023 3.97183099 15.8638498 -3.96478873 15.8661972 0.632127664 0.0884083846
427 -7.92037471 63.3629977 3.97189696 15.8641686 -3.96487119 15.8665105 0.630662155 0.0882031931
428 -7.92056075 63.364486 3.97196262 15.864486 -3.96495327 15.8668224 0.629203424 0.0879989519
429 -7.92074592 63.3659674 3.97202797 15.8648019 -3.96503497 15.8671329 0.627751425 0.0877956542
430 -7.92093023 63.3674419 3.97209302 15.8651163 -3.96511628 15.8674419 0.626306111 0.0875932937
431 -7.92111369 63.3689095 3.97215777 15.8654292 -3.96519722 15.8677494 0.624867437 0.0873918637
432 -7.9212963 63.3703704 3.97222222 15.8657407 -3.96527778 15.8680556 0.623435357 0.087191358
433 -7.92147806 63.3718245 3.97228637 15.8660508 -3.96535797 15.8683603 0.622009825 0.0869917702
434 -7.92165899 63.3732719 3.97235023 15.8663594 -3.96543779 15.8686636 0.620590796 0.0867930939
435 -7.92183908 63.3747126 3.97241379 15.8666667 -3.96551724 15.8689655 0.619178227 0.086595323
436 -7.92201835 63.3761468 3.97247706 15.8669725 -3.96559633 15.8692661 0.617772073 0.0863984513
437 -7.9221968 63.3775744 3.97254005 15.8672769 -3.96567506 15.8695652 0.616372291 0.0862024727
438 -7.92237443 63.3789954 3.97260274 15.8675799 -3.96575342 15.869863 0.614978837 0.086007381
439 -7.92255125 63.38041 3.97266515 15.8678815 -3.96583144 15.8701595 0.613591669 0.0858131703
440 -7.92272727 63.3818182 3.97272727 15.8681818 -3.96590909 15.8704545 0.612210744 0.0856198347
441 -7.92290249 63.38322 3.97278912 15.8684807 -3.96598639 15.8707483 0.61083602 0.0854273682
442 -7.92307692 63.3846154 3.97285068 15.8687783 -3.96606335 15.8710407 0.609467456 0.085235765
443 -7.92325056 63.3860045 3.97291196 15.8690745 -3.96613995 15.8713318 0.608105009 0.0850450193
444 -7.92342342 63.3873874 3.97297297 15.8693694 -3.96621622 15.8716216 0.606748641 0.0848551254
445 -7.92359551 63.388764 3.97303371 15.8696629 -3.96629213 15.8719101 0.605398308 0.0846660775
446 -7.92376682 63.3901345 3.97309417 15.8699552 -3.96636771 15.8721973 0.604053973 0.0844778701
447 -7.92393736 63.3914989 3.97315436 15.8702461 -3.96644295 15.8724832 0.602715593 0.0842904974
448 -7.92410714 63.3928571 3.97321429 15.8705357 -3.96651786 15.8727679 0.601383131 0.0841039541
449 -7.92427617 63.3942094 3.97327394 15.8708241 -3.96659243 15.8730512 0.600056547 0.0839182345
450 -7.92444444 63.3955556 3.97333333 15.8711111 -3.96666667 15.8733333 0.598735802 0.0837333333
451 -7.92461197 63.3968958 3.97339246 15.8713969 -3.96674058 15.8736142 0.597420858 0.0835492451
452 -7.92477876 63.3982301 3.97345133 15.8716814 -3.96681416 15.8738938 0.596111677 0.0833659644
453 -7.92494481 63.3995585 3.97350993 15.8719647 -3.96688742 15.8741722 0.59480822 0.0831834861
454 -7.92511013 63.4008811 3.97356828 15.8722467 -3.96696035 15.8744493 0.59351045 0.0830018048
455 -7.92527473 63.4021978 3.97362637 15.8725275 -3.96703297 15.8747253 0.592218331 0.0828209153
456 -7.9254386 63.4035088 3.97368421 15.872807 -3.96710526 15.875 0.590931825 0.0826408126
457 -7.92560175 63.404814 3.97374179 15.8730853 -3.96717724 15.8752735 0.589650896 0.0824614913
458 -7.92576419 63.4061135 3.97379913 15.8733624 -3.96724891 15.8755459 0.588375508 0.0822829465
459 -7.92592593 63.4074074 3.97385621 15.8736383 -3.96732026 15.875817 0.587105624 0.0821051732
460 -7.92608696 63.4086957 3.97391304 15.873913 -3.9673913 15.876087 0.58584121 0.0819281664
461 -7.92624729 63.4099783 3.97396963 15.8741866 -3.96746204 15.8763557 0.58458223 0.081751921
462 -7.92640693 63.4112554 3.97402597 15.8744589 -3.96753247 15.8766234 0.583328648 0.0815764322
463 -7.92656587 63.412527 3.97408207 15.87473 -3.96760259 15.8768898 0.582080431 0.0814016952
464 -7.92672414 63.4137931 3.97413793 15.875 -3.96767241 15.8771552 0.580837545 0.0812277051
465 -7.92688172 63.4150538 3.97419355 15.8752688 -3.96774194 15.8774194 0.579599954 0.0810544572
466 -7.92703863 63.416309 3.97424893 15.8755365 -3.96781116 15.8776824 0.578367625 0.0808819466
467 -7.92719486 63.4175589 3.97430407 15.875803 -3.96788009 15.8779443 0.577140525 0.0807101688
468 -7.92735043 63.4188034 3.97435897 15.8760684 -3.96794872 15.8782051 0.575918621 0.080539119
469 -7.92750533 63.4200426 3.97441365 15.8763326 -3.96801706 15.8784648 0.574701879 0.0803687926
470 -7.92765957 63.4212766 3.97446809 15.8765957 -3.96808511 15.8787234 0.573490267 0.0801991852
471 -7.92781316 63.4225053 3.97452229 15.8768577 -3.96815287 15.8789809 0.572283753 0.080030292
472 -7.9279661 63.4237288 3.97457627 15.8771186 -3.96822034 15.8792373 0.571082304 0.0798621086
473 -7.92811839 63.4249471 3.97463002 15.8773784 -3.96828753 15.8794926 0.569885889 0.0796946306
474 -7.92827004 63.4261603 3.97468354 15.8776371 -3.96835443 15.8797468 0.568694476 0.0795278534
475 -7.92842105 63.4273684 3.97473684 15.8778947 -3.96842105 15.88 0.567508033 0.0793617729
476 -7.92857143 63.4285714 3.97478992 15.8781513 -3.96848739 15.8802521 0.566326531 0.0791963844
477 -7.92872117 63.4297694 3.97484277 15.8784067 -3.96855346 15.8805031 0.565149937 0.0790316839
478 -7.92887029 63.4309623 3.9748954 15.8786611 -3.96861925 15.8807531 0.563978222 0.0788676669
479 -7.92901879 63.4321503 3.97494781 15.8789144 -3.96868476 15.8810021 0.562811355 0.0787043292
480 -7.92916667 63.4333333 3.975 15.8791667 -3.96875 15.88125 0.561649306 0.0785416667
481 -7.92931393 63.4345114 3.97505198 15.8794179 -3.96881497 15.8814969 0.560492045 0.0783796751
482 -7.92946058 63.4356846 3.97510373 15.879668 -3.96887967 15.8817427 0.559339543 0.0782183502
483 -7.92960663 63.436853 3.97515528 15.8799172 -3.9689441 15.8819876 0.558191771 0.0780576881
484 -7.92975207 63.4380165 3.97520661 15.8801653 -3.96900826 15.8822314 0.557048699 0.0778976846
485 -7.92989691 63.4391753 3.97525773 15.8804124 -3.96907216 15.8824742 0.555910299 0.0777383356
486 -7.93004115 63.4403292 3.97530864 15.8806584 -3.9691358 15.882716 0.554776542 0.0775796373
487 -7.9301848 63.4414784 3.97535934 15.8809035 -3.96919918 15.8829569 0.553647399 0.0774215855
488 -7.93032787 63.442623 3.97540984 15.8811475 -3.9692623 15.8831967 0.552522843 0.0772641763
489 -7.93047035 63.4437628 3.97546012 15.8813906 -3.96932515 15.8834356 0.551402846 0.0771074059
490 -7.93061224 63.444898 3.9755102 15.8816327 -3.96938776 15.8836735 0.55028738 0.0769512703
491 -7.93075356 63.4460285 3.97556008 15.8818737 -3.9694501 15.8839104 0.549176418 0.0767957657
492 -7.93089431 63.4471545 3.97560976 15.8821138 -3.9695122 15.8841463 0.548069932 0.0766408884
493 -7.93103448 63.4482759 3.97565923 15.8823529 -3.96957404 15.8843813 0.546967895 0.0764866344
494 -7.93117409 63.4493927 3.9757085 15.8825911 -3.96963563 15.8846154 0.545870281 0.076333
495 -7.93131313 63.4505051 3.97575758 15.8828283 -3.96969697 15.8848485 0.544777064 0.0761799816
496 -7.93145161 63.4516129 3.97580645 15.8830645 -3.96975806 15.8850806 0.543688215 0.0760275754
497 -7.93158954 63.4527163 3.97585513 15.8832998 -3.96981891 15.8853119 0.542603711 0.0758757778
498 -7.93172691 63.4538153 3.97590361 15.8835341 -3.96987952 15.8855422 0.541523524 0.0757245851
499 -7.93186373 63.4549098 3.9759519 15.8837675 -3.96993988 15.8857715 0.540447629 0.0755739937
500 -7.932 63.456 3.976 15.884 -3.97 15.886 0.539376 0.075424
501 -7.93213573 63.4570858 3.9760479 15.8842315 -3.97005988 15.8862275 0.538308612 0.0752746005
502 -7.93227092 63.4581673 3.97609562 15.8844622 -3.97011952 15.8864542 0.537245441 0.0751257917
503 -7.93240557 63.4592445 3.97614314 15.8846918 -3.97017893 15.8866799 0.53618646 0.07497757
504 -7.93253968 63.4603175 3.97619048 15.8849206 -3.9702381 15.8869048 0.535131645 0.074829932
505 -7.93267327 63.4613861 3.97623762 15.8851485 -3.97029703 15.8871287 0.534080972 0.0746828742
506 -7.93280632 63.4624506 3.97628458 15.8853755 -3.97035573 15.8873518 0.533034417 0.0745363933
507 -7.93293886 63.4635108 3.97633136 15.8856016 -3.9704142 15.887574 0.531991955 0.0743904859
508 -7.93307087 63.4645669 3.97637795 15.8858268 -3.97047244 15.8877953 0.530953562 0.0742451485
509 -7.93320236 63.4656189 3.97642436 15.8860511 -3.97053045 15.8880157 0.529919214 0.0741003779
510 -7.93333333 63.4666667 3.97647059 15.8862745 -3.97058824 15.8882353 0.528888889 0.0739561707
511 -7.9334638 63.4677104 3.97651663 15.8864971 -3.97064579 15.888454 0.527862562 0.0738125237
512 -7.93359375 63.46875 3.9765625 15.8867188 -3.97070312 15.8886719 0.52684021 0.0736694336
513 -7.9337232 63.4697856 3.97660819 15.8869396 -3.97076023 15.8888889 0.52582181 0.0735268972
514 -7.93385214 63.4708171 3.9766537 15.8871595 -3.97081712 15.8891051 0.52480734 0.0733849112
515 -7.93398058 63.4718447 3.97669903 15.8873786 -3.97087379 15.8893204 0.523796776 0.0732434725
516 -7.93410853 63.4728682 3.97674419 15.8875969 -3.97093023 15.8895349 0.522790097 0.073102578
517 -7.93423598 63.4738878 3.97678917 15.8878143 -3.97098646 15.8897485 0.521787279 0.0729622244
518 -7.93436293 63.4749035 3.97683398 15.8880309 -3.97104247 15.8899614 0.520788301 0.0728224087
519 -7.9344894 63.4759152 3.97687861 15.8882466 -3.97109827 15.8901734 0.51979314 0.0726831278
520 -7.93461538 63.4769231 3.97692308 15.8884615 -3.97115385 15.8903846 0.518801775 0.0725443787
521 -7.93474088 63.4779271 3.97696737 15.8886756 -3.97120921 15.890595 0.517814184 0.0724061582
522 -7.9348659 63.4789272 3.97701149 15.8888889 -3.97126437 15.8908046 0.516830346 0.0722684635
523 -7.93499044 63.4799235 3.97705545 15.8891013 -3.97131931 15.8910134 0.515850239 0.0721312914
524 -7.9351145 63.480916 3.97709924 15.889313 -3.97137405 15.8912214 0.514873842 0.071994639
525 -7.9352381 63.4819048 3.97714286 15.8895238 -3.97142857 15.8914286 0.513901134 0.0718585034
526 -7.93536122 63.4828897 3.97718631 15.8897338 -3.97148289 15.891635 0.512932094 0.0717228816
527 -7.92030361 63.3624288 3.971537 15.8633776 -3.96394687 15.8652751 0.631219642 0.0902714517
528 -7.91666667 63.3333333 3.97064394 15.8579545 -3.96306818 15.8598485 0.659722222 0.091941252
529 -7.9168242 63.3345936 3.97069943 15.8582231 -3.963138 15.8601134 0.658488213 0.091769076
530 -7.91698113 63.3358491 3.97075472 15.8584906 -3.96320755 15.8603774 0.657258811 0.0915975436
531 -7.91713748 63.3370998 3.97080979 15.8587571 -3.96327684 15.8606403 0.656033991 0.0914266512
532 -7.91729323 63.3383459 3.97086466 15.8590226 -3.96334586 15.8609023 0.654813726 0.0912563952
533 -7.91744841 63.3395872 3.97091932 15.8592871 -3.96341463 15.8611632 0.653597992 0.0910867721
534 -7.917603 63.340824 3.97097378 15.8595506 -3.96348315 15.8614232 0.652386764 0.0909177783
535 -7.91775701 63.3420561 3.97102804 15.8598131 -3.9635514 15.8616822 0.651180016 0.0907494104
536 -7.91791045 63.3432836 3.97108209 15.8600746 -3.9636194 15.8619403 0.649977723 0.0905816649
537 -7.91806331 63.3445065 3.97113594 15.8603352 -3.96368715 15.8621974 0.648779862 0.0904145383
538 -7.91821561 63.3457249 3.97118959 15.8605948 -3.96375465 15.8624535 0.647586407 0.0902480273
539 -7.91836735 63.3469388 3.97124304 15.8608534 -3.96382189 15.8627087 0.646397334 0.0900821283
540 -7.91851852 63.3481481 3.9712963 15.8611111 -3.96388889 15.862963 0.64521262 0.0899168381
541 -7.91866913 63.349353 3.97134935 15.8613678 -3.96395564 15.8632163 0.64403224 0.0897521534
542 -7.91881919 63.3505535 3.97140221 15.8616236 -3.96402214 15.8634686 0.64285617 0.0895880707
543 -7.91896869 63.3517495 3.97145488 15.8618785 -3.9640884 15.8637201 0.641684388 0.0894245868
544 -7.91911765 63.3529412 3.97150735 15.8621324 -3.96415441 15.8639706 0.640516869 0.0892616985
545 -7.91926606 63.3541284 3.97155963 15.8623853 -3.96422018 15.8642202 0.63935359 0.0890994024
546 -7.91941392 63.3553114 3.97161172 15.8626374 -3.96428571 15.8644689 0.638194528 0.0889376954
547 -7.91956124 63.3564899 3.97166362 15.8628885 -3.96435101 15.8647166 0.637039661 0.0887765742
548 -7.91970803 63.3576642 3.97171533 15.8631387 -3.96441606 15.8649635 0.635888966 0.0886160358
549 -7.91985428 63.3588342 3.97176685 15.863388 -3.96448087 15.8652095 0.63474242 0.0884560768
550 -7.92 63.36 3.97181818 15.8636364 -3.96454545 15.8654545 0.6336 0.0882966942
551 -7.92014519 63.3611615 3.97186933 15.8638838 -3.9646098 15.8656987 0.632461685 0.0881378849
552 -7.92028986 63.3623188 3.97192029 15.8641304 -3.96467391 15.865942 0.631327452 0.0879796458
553 -7.920434 63.363472 3.97197107 15.8643761 -3.96473779 15.8661844 0.63019728 0.0878219738
554 -7.92057762 63.3646209 3.97202166 15.8646209 -3.96480144 15.866426 0.629071147 0.087664866
555 -7.92072072 63.3657658 3.97207207 15.8648649 -3.96486486 15.8666667 0.62794903 0.0875083191
556 -7.92086331 63.3669065 3.9721223 15.8651079 -3.96492806 15.8669065 0.626830909 0.0873523304
557 -7.92100539 63.3680431 3.97217235 15.8653501 -3.96499102 15.8671454 0.625716763 0.0871968967
558 -7.92114695 63.3691756 3.97222222 15.8655914 -3.96505376 15.8673835 0.62460657 0.0870420151
559 -7.92128801 63.3703041 3.97227191 15.8658318 -3.96511628 15.8676208 0.623500309 0.0868876828
560 -7.92142857 63.3714286 3.97232143 15.8660714 -3.96517857 15.8678571 0.622397959 0.0867338967
561 -7.92156863 63.372549 3.97237077 15.8663102 -3.96524064 15.8680927 0.6212995 0.086580654
562 -7.92170819 63.3736655 3.97241993 15.866548 -3.96530249 15.8683274 0.620204911 0.0864279518
563 -7.92184725 63.374778 3.97246892 15.8667851 -3.96536412 15.8685613 0.619114172 0.0862757872
564 -7.92198582 63.3758865 3.97251773 15.8670213 -3.96542553 15.8687943 0.618027262 0.0861241575
565 -7.92212389 63.3769912 3.97256637 15.8672566 -3.96548673 15.8690265 0.616944162 0.0859730598
566 -7.92226148 63.3780919 3.97261484 15.8674912 -3.9655477 15.869258 0.61586485 0.0858224912
567 -7.92239859 63.3791887 3.97266314 15.8677249 -3.96560847 15.8694885 0.614789308 0.0856724491
568 -7.92253521 63.3802817 3.97271127 15.8679577 -3.96566901 15.8697183 0.613717516 0.0855229307
569 -7.92267135 63.3813708 3.97275923 15.8681898 -3.96572935 15.8699473 0.612649454 0.0853739332
570 -7.92280702 63.3824561 3.97280702 15.8684211 -3.96578947 15.8701754 0.611585103 0.085225454
571 -7.92294221 63.3835377 3.97285464 15.8686515 -3.96584939 15.8704028 0.610524443 0.0850774903
572 -7.92307692 63.3846154 3.9729021 15.8688811 -3.96590909 15.8706294 0.609467456 0.0849300394
573 -7.92321117 63.3856894 3.97294939 15.8691099 -3.96596859 15.8708551 0.608414121 0.0847830987
574 -7.92334495 63.3867596 3.97299652 15.869338 -3.96602787 15.8710801 0.607364421 0.0846366655
575 -7.92347826 63.3878261 3.97304348 15.8695652 -3.96608696 15.8713043 0.606318336 0.0844907372
576 -7.92361111 63.3888889 3.97309028 15.8697917 -3.96614583 15.8715278 0.605275849 0.0843453113
577 -7.9237435 63.389948 3.97313692 15.8700173 -3.96620451 15.8717504 0.604236939 0.0842003851
578 -7.92387543 63.3910035 3.97318339 15.8702422 -3.96626298 15.8719723 0.60320159 0.084055956
579 -7.92400691 63.3920553 3.97322971 15.8704663 -3.96632124 15.8721934 0.602169782 0.0839120215
580 -7.92413793 63.3931034 3.97327586 15.8706897 -3.96637931 15.8724138 0.601141498 0.0837685791
581 -7.9242685 63.394148 3.97332186 15.8709122 -3.96643718 15.8726334 0.60011672 0.0836256262
582 -7.92439863 63.395189 3.9733677 15.871134 -3.96649485 15.8728522 0.599095429 0.0834831603
583 -7.9245283 63.3962264 3.97341338 15.8713551 -3.96655232 15.8730703 0.598077608 0.083341179
584 -7.92465753 63.3972603 3.9734589 15.8715753 -3.96660959 15.8732877 0.597063239 0.0831996798
585 -7.92478632 63.3982906 3.97350427 15.8717949 -3.96666667 15.8735043 0.596052305 0.0830586602
586 -7.92491468 63.3993174 3.97354949 15.8720137 -3.96672355 15.8737201 0.595044788 0.0829181179
587 -7.92504259 63.4003407 3.97359455 15.8722317 -3.96678024 15.8739353 0.594040671 0.0827780503
588 -7.92517007 63.4013605 3.97363946 15.872449 -3.96683673 15.8741497 0.593039937 0.082638455
589 -7.92529711 63.4023769 3.97368421 15.8726655 -3.96689304 15.8743633 0.592042569 0.0824993298
590 -7.92542373 63.4033898 3.97372881 15.8728814 -3.96694915 15.8745763 0.591048549 0.0823606722
591 -7.92554992 63.4043993 3.97377327 15.8730964 -3.96700508 15.8747885 0.590057862 0.0822224799
592 -7.92567568 63.4054054 3.97381757 15.8733108 -3.96706081 15.875 0.589070489 0.0820847505
593 -7.92580101 63.4064081 3.97386172 15.8735245 -3.96711636 15.8752108 0.588086416 0.0819474817
594 -7.92592593 63.4074074 3.97390572 15.8737374 -3.96717172 15.8754209 0.587105624 0.0818106712
595 -7.92605042 63.4084034 3.97394958 15.8739496 -3.96722689 15.8756303 0.586128098 0.0816743168
596 -7.9261745 63.409396 3.97399329 15.8741611 -3.96728188 15.8758389 0.585153822 0.0815384161
597 -7.92629816 63.4103853 3.97403685 15.8743719 -3.96733668 15.8760469 0.584182779 0.0814029668
598 -7.9264214 63.4113712 3.97408027 15.8745819 -3.9673913 15.8762542 0.583214953 0.0812679668
599 -7.92654424 63.4123539 3.97412354 15.8747913 -3.96744574 15.8764608 0.582250328 0.0811334138
600 -7.92666667 63.4133333 3.97416667 15.875 -3.9675 15.8766667 0.581288889 0.0809993056
601 -7.92678869 63.4143095 3.97420965 15.875208 -3.96755408 15.8768719 0.580330619 0.0808656399
602 -7.9269103 63.4152824 3.97425249 15.8754153 -3.96760797 15.8770764 0.579375504 0.0807324147
603 -7.92703151 63.4162521 3.97429519 15.8756219 -3.96766169 15.8772803 0.578423526 0.0805996276
604 -7.92715232 63.4172185 3.97433775 15.8758278 -3.96771523 15.8774834 0.577474672 0.0804672767
605 -7.92727273 63.4181818 3.97438017 15.8760331 -3.9677686 15.877686 0.576528926 0.0803353596
606 -7.92739274 63.4191419 3.97442244 15.8762376 -3.96782178 15.8778878 0.575586271 0.0802038743
607 -7.92751236 63.4200988 3.97446458 15.8764415 -3.96787479 15.878089 0.574646695 0.0800728188
608 -7.92763158 63.4210526 3.97450658 15.8766447 -3.96792763 15.8782895 0.57371018 0.0799421907
609 -7.92775041 63.4220033 3.97454844 15.8768473 -3.9679803 15.8784893 0.572776713 0.0798119882
610 -7.92786885 63.4229508 3.97459016 15.8770492 -3.96803279 15.8786885 0.571846278 0.0796822091
611 -7.92798691 63.4238953 3.97463175 15.8772504 -3.96808511 15.8788871 0.570918861 0.0795528513
612 -7.92810458 63.4248366 3.9746732 15.877451 -3.96813725 15.879085 0.569994447 0.0794239128
613 -7.92822186 63.4257749 3.97471452 15.8776509 -3.96818923 15.8792822 0.569073021 0.0792953916
614 -7.92833876 63.4267101 3.9747557 15.8778502 -3.96824104 15.8794788 0.568154569 0.0791672856
615 -7.92845528 63.4276423 3.97479675 15.8780488 -3.96829268 15.8796748 0.567239077 0.0790395928
616 -7.92857143 63.4285714 3.97483766 15.8782468 -3.96834416 15.8798701 0.566326531 0.0789123113
617 -7.9286872 63.4294976 3.97487844 15.8784441 -3.96839546 15.8800648 0.565416915 0.078785439
618 -7.92880259 63.4304207 3.97491909 15.8786408 -3.9684466 15.8802589 0.564510217 0.078658974
619 -7.92891761 63.4313409 3.97495961 15.8788368 -3.96849758 15.8804523 0.563606421 0.0785329144
620 -7.92903226 63.4322581 3.975 15.8790323 -3.96854839 15.8806452 0.562705515 0.0784072581
621 -7.92914654 63.4331723 3.97504026 15.8792271 -3.96859903 15.8808374 0.561807484 0.0782820032
622 -7.92926045 63.4340836 3.97508039 15.8794212 -3.96864952 15.8810289 0.560912315 0.0781571479
623 -7.929374 63.434992 3.97512039 15.8796148 -3.96869984 15.8812199 0.560019993 0.0780326902
624 -7.92948718 63.4358974 3.97516026 15.8798077 -3.96875 15.8814103 0.559130506 0.0779086282
625 -7.9296 63.4368 3.9752 15.88 -3.9688 15.8816 0.55824384 0.07778496
626 -7.92971246 63.4376997 3.97523962 15.8801917 -3.96884984 15.8817891 0.557359981 0.0776616838
627 -7.92982456 63.4385965 3.97527911 15.8803828 -3.96889952 15.8819777 0.556478917 0.0775387977
628 -7.92993631 63.4394904 3.97531847 15.8805732 -3.96894904 15.8821656 0.555600633 0.0774162998
629 -7.93004769 63.4403816 3.97535771 15.8807631 -3.96899841 15.8823529 0.554725117 0.0772941884
630 -7.93015873 63.4412698 3.97539683 15.8809524 -3.96904762 15.8825397 0.553852356 0.0771724616
631 -7.93026941 63.4421553 3.97543582 15.881141 -3.96909667 15.8827258 0.552982336 0.0770511175
632 -7.93037975 63.443038 3.97547468 15.8813291 -3.96914557 15.8829114 0.552115046 0.0769301544
633 -7.93048973 63.4439179 3.97551343 15.8815166 -3.96919431 15.8830964 0.551250471 0.0768095705
634 -7.93059937 63.444795 3.97555205 15.8817035 -3.9692429 15.8832808 0.5503886 0.076689364
635 -7.93070866 63.4456693 3.97559055 15.8818898 -3.96929134 15.8834646 0.549529419 0.0765695331
636 -7.93081761 63.4465409 3.97562893 15.8820755 -3.96933962 15.8836478 0.548672916 0.0764500761
637 -7.93092622 63.4474097 3.97566719 15.8822606 -3.96938776 15.8838305 0.547819079 0.0763309913
638 -7.93103448 63.4482759 3.97570533 15.8824451 -3.96943574 15.8840125 0.546967895 0.0762122768
639 -7.93114241 63.4491393 3.97574335 15.8826291 -3.96948357 15.8841941 0.546119352 0.076093931
640 -7.93125 63.45 3.97578125 15.8828125 -3.96953125 15.884375 0.545273438 0.0759759521
641 -7.93135725 63.450858 3.97581903 15.8829953 -3.96957878 15.8845554 0.544430139 0.0758583385
642 -7.93146417 63.4517134 3.9758567 15.8831776 -3.96962617 15.8847352 0.543589445 0.0757410885
643 -7.93157076 63.4525661 3.97589425 15.8833593 -3.96967341 15.8849145 0.542751343 0.0756242003
644 -7.93167702 63.4534161 3.97593168 15.8835404 -3.9697205 15.8850932 0.541915821 0.0755076724
645 -7.93178295 63.4542636 3.97596899 15.8837209 -3.96976744 15.8852713 0.541082868 0.0753915029
646 -7.93188854 63.4551084 3.97600619 15.8839009 -3.96981424 15.8854489 0.540252471 0.0752756904
647 -7.93199382 63.4559505 3.97604328 15.8840804 -3.9698609 15.885626 0.539424618 0.0751602331
648 -7.93209877 63.4567901 3.97608025 15.8842593 -3.96990741 15.8858025 0.538599299 0.0750451294
649 -7.93220339 63.4576271 3.9761171 15.8844376 -3.96995378 15.8859784 0.537776501 0.0749303777
650 -7.93230769 63.4584615 3.97615385 15.8846154 -3.97 15.8861538 0.536956213 0.0748159763
651 -7.93241167 63.4592934 3.97619048 15.8847926 -3.97004608 15.8863287 0.536138423 0.0747019238
652 -7.93251534 63.4601227 3.97622699 15.8849693 -3.97009202 15.8865031 0.535323121 0.0745882184
653 -7.93261868 63.4609495 3.9762634 15.8851455 -3.97013783 15.8866769 0.534510294 0.0744748586
654 -7.93272171 63.4617737 3.97629969 15.8853211 -3.97018349 15.8868502 0.533699932 0.0743618429
655 -7.93282443 63.4625954 3.97633588 15.8854962 -3.97022901 15.8870229 0.532892023 0.0742491696
656 -7.93292683 63.4634146 3.97637195 15.8856707 -3.97027439 15.8871951 0.532086556 0.0741368373
657 -7.93302892 63.4642314 3.97640791 15.8858447 -3.97031963 15.8873668 0.53128352 0.0740248443
658 -7.9331307 63.4650456 3.97644377 15.8860182 -3.97036474 15.887538 0.530482904 0.0739131891
659 -7.93323217 63.4658574 3.97647951 15.8861912 -3.97040971 15.8877086 0.529684697 0.0738018702
660 -7.93333333 63.4666667 3.97651515 15.8863636 -3.97045455 15.8878788 0.528888889 0.0736908861
661 -7.93343419 63.4674735 3.97655068 15.8865356 -3.97049924 15.8880484 0.528095468 0.0735802353
662 -7.93353474 63.4682779 3.9765861 15.8867069 -3.97054381 15.8882175 0.527304424 0.0734699163
663 -7.93363499 63.4690799 3.97662142 15.8868778 -3.97058824 15.8883861 0.526515746 0.0733599276
664 -7.93373494 63.4698795 3.97665663 15.8870482 -3.97063253 15.8885542 0.525729424 0.0732502676
665 -7.93383459 63.4706767 3.97669173 15.887218 -3.97067669 15.8887218 0.524945446 0.073140935
666 -7.93393393 63.4714715 3.97672673 15.8873874 -3.97072072 15.8888889 0.524163803 0.0730319283
667 -7.93403298 63.4722639 3.97676162 15.8875562 -3.97076462 15.8890555 0.523384485 0.072923246
668 -7.93413174 63.4730539 3.97679641 15.8877246 -3.97080838 15.8892216 0.52260748 0.0728148867
669 -7.93423019 63.4738416 3.97683109 15.8878924 -3.97085202 15.8893871 0.521832778 0.0727068489
670 -7.93432836 63.4746269 3.97686567 15.8880597 -3.97089552 15.8895522 0.52106037 0.0725991312
671 -7.93442623 63.4754098 3.97690015 15.8882265 -3.9709389 15.8897168 0.520290245 0.0724917322
672 -7.93452381 63.4761905 3.97693452 15.8883929 -3.97098214 15.889881 0.519522392 0.0723846505
673 -7.9346211 63.4769688 3.9769688 15.8885587 -3.97102526 15.8900446 0.518756803 0.0722778846
674 -7.9347181 63.4777448 3.97700297 15.888724 -3.97106825 15.8902077 0.517993467 0.0721714332
675 -7.93481481 63.4785185 3.97703704 15.8888889 -3.97111111 15.8903704 0.517232373 0.0720652949
676 -7.93491124 63.4792899 3.97707101 15.8890533 -3.97115385 15.8905325 0.516473513 0.0719594683
677 -7.93500739 63.4800591 3.97710487 15.8892171 -3.97119645 15.8906942 0.515716876 0.0718539521
678 -7.93510324 63.480826 3.97713864 15.8893805 -3.97123894 15.8908555 0.514962452 0.0717487448
679 -7.93519882 63.4815906 3.97717231 15.8895434 -3.9712813 15.8910162 0.514210233 0.0716438451
680 -7.93529412 63.4823529 3.97720588 15.8897059 -3.97132353 15.8911765 0.513460208 0.0715392517
681 -7.93538913 63.4831131 3.97723935 15.8898678 -3.97136564 15.8913363 0.512712367 0.0714349633
682 -7.93548387 63.483871 3.97727273 15.8900293 -3.97140762 15.8914956 0.511966701 0.0713309784
683 -7.93557833 63.4846266 3.977306 15.8901903 -3.97144949 15.8916545 0.511223201 0.0712272958
684 -7.93567251 63.4853801 3.97733918 15.8903509 -3.97149123 15.8918129 0.510481858 0.0711239142
685 -7.93576642 63.4861314 3.97737226 15.8905109 -3.97153285 15.8919708 0.509742661 0.0710208322
686 -7.93586006 63.4868805 3.97740525 15.8906706 -3.97157434 15.8921283 0.509005601 0.0709180486
687 -7.93595342 63.4876274 3.97743814 15.8908297 -3.97161572 15.8922853 0.50827067 0.070815562
688 -7.93604651 63.4883721 3.97747093 15.8909884 -3.97165698 15.8924419 0.507537858 0.0707133712
689 -7.93613933 63.4891147 3.97750363 15.8911466 -3.97169811 15.892598 0.506807156 0.070611475
690 -7.93623188 63.4898551 3.97753623 15.8913043 -3.97173913 15.8927536 0.506078555 0.0705098719
691 -7.93632417 63.4905933 3.97756874 15.8914616 -3.97178003 15.8929088 0.505352045 0.0704085608
692 -7.93641618 63.4913295 3.97760116 15.8916185 -3.97182081 15.8930636 0.504627619 0.0703075403
693 -7.93650794 63.4920635 3.97763348 15.8917749 -3.97186147 15.8932179 0.503905266 0.0702068094
694 -7.93659942 63.4927954 3.97766571 15.8919308 -3.97190202 15.8933718 0.503184978 0.0701063666
695 -7.93669065 63.4935252 3.97769784 15.8920863 -3.97194245 15.8935252 0.502466746 0.0700062109
696 -7.93678161 63.4942529 3.97772989 15.8922414 -3.97198276 15.8936782 0.501750562 0.0699063408
697 -7.93687231 63.4949785 3.97776184 15.892396 -3.97202296 15.8938307 0.501036416 0.0698067553
698 -7.93696275 63.495702 3.9777937 15.8925501 -3.97206304 15.8939828 0.500324299 0.0697074531
699 -7.93705293 63.4964235 3.97782546 15.8927039 -3.972103 15.8941345 0.499614205 0.0696084331
700 -7.93714286 63.4971429 3.97785714 15.8928571 -3.97214286 15.8942857 0.498906122 0.0695096939
701 -7.93723252 63.4978602 3.97788873 15.89301 -3.9721826 15.8944365 0.498200044 0.0694112344
702 -7.93732194 63.4985755 3.97792023 15.8931624 -3.97222222 15.8945869 0.497495962 0.0693130535
703 -7.9374111 63.4992888 3.97795164 15.8933144 -3.97226174 15.8947368 0.496793867 0.0692151499
704 -7.9375 63.5 3.97798295 15.8934659 -3.97230114 15.8948864 0.49609375 0.0691175224
705 -7.93758865 63.5007092 3.97801418 15.893617 -3.97234043 15.8950355 0.495395604 0.06902017
706 -7.93767705 63.5014164 3.97804533 15.8937677 -3.9723796 15.8951841 0.49469942 0.0689230914
707 -7.93776521 63.5021216 3.97807638 15.893918 -3.97241867 15.8953324 0.49400519 0.0688262855
708 -7.93785311 63.5028249 3.97810734 15.8940678 -3.97245763 15.8954802 0.493312905 0.0687297512
709 -7.93794076 63.5035261 3.97813822 15.8942172 -3.97249647 15.8956276 0.492622558 0.0686334872
710 -7.93802817 63.5042254 3.97816901 15.8943662 -3.97253521 15.8957746 0.49193414 0.0685374926
711 -7.93811533 63.5049226 3.97819972 15.8945148 -3.97257384 15.8959212 0.491247644 0.068441766
712 -7.93820225 63.505618 3.97823034 15.8946629 -3.97261236 15.8960674 0.49056306 0.0683463065
713 -7.93828892 63.5063114 3.97826087 15.8948107 -3.97265077 15.8962132 0.489880382 0.0682511129
714 -7.93837535 63.5070028 3.97829132 15.894958 -3.97268908 15.8963585 0.489199601 0.068156184
715 -7.93846154 63.5076923 3.97832168 15.8951049 -3.97272727 15.8965035 0.48852071 0.0680615189
716 -7.93854749 63.5083799 3.97835196 15.8952514 -3.97276536 15.896648 0.4878437 0.0679671164
717 -7.93863319 63.5090656 3.97838215 15.8953975 -3.97280335 15.8967922 0.487168564 0.0678729753
718 -7.93871866 63.5097493 3.97841226 15.8955432 -3.97284123 15.8969359 0.486495294 0.0677790947
719 -7.93880389 63.5104312 3.97844228 15.8956885 -3.972879 15.8970793 0.485823882 0.0676854734
720 -7.93888889 63.5111111 3.97847222 15.8958333 -3.97291667 15.8972222 0.485154321 0.0675921103
721 -7.93897365 63.5117892 3.97850208 15.8959778 -3.97295423 15.8973648 0.484486603 0.0674990045
722 -7.93905817 63.5124654 3.97853186 15.8961219 -3.97299169 15.8975069 0.48382072 0.0674061548
723 -7.93914246 63.5131397 3.97856155 15.8962656 -3.97302905 15.8976487 0.483156664 0.0673135602
724 -7.93922652 63.5138122 3.97859116 15.8964088 -3.9730663 15.8977901 0.482494429 0.0672212196
725 -7.93931034 63.5144828 3.97862069 15.8965517 -3.97310345 15.897931 0.481834007 0.067129132
726 -7.93939394 63.5151515 3.97865014 15.8966942 -3.9731405 15.8980716 0.48117539 0.0670372963
727 -7.9394773 63.5158184 3.9786795 15.8968363 -3.97317744 15.8982118 0.480518571 0.0669457116
728 -7.93956044 63.5164835 3.97870879 15.896978 -3.97321429 15.8983516 0.479863543 0.0668543767
729 -7.93964335 63.5171468 3.978738 15.8971193 -3.97325103 15.8984911 0.479210298 0.0667632908
730 -7.93972603 63.5178082 3.97876712 15.8972603 -3.97328767 15.8986301 0.478558829 0.0666724526
731 -7.93980848 63.5184679 3.97879617 15.8974008 -3.97332421 15.8987688 0.477909129 0.0665818613
732 -7.93989071 63.5191257 3.97882514 15.897541 -3.97336066 15.8989071 0.47726119 0.0664915159
733 -7.93997271 63.5197817 3.97885402 15.8976808 -3.973397 15.899045 0.476615006 0.0664014153
734 -7.9400545 63.520436 3.97888283 15.8978202 -3.97343324 15.8991826 0.475970569 0.0663115585
735 -7.94013605 63.5210884 3.97891156 15.8979592 -3.97346939 15.8993197 0.475327873 0.0662219446
736 -7.94021739 63.5217391 3.97894022 15.8980978 -3.97350543 15.8994565 0.474686909 0.0661325725
737 -7.94029851 63.5223881 3.97896879 15.8982361 -3.97354138 15.8995929 0.474047672 0.0660434414
738 -7.9403794 63.5230352 3.97899729 15.898374 -3.97357724 15.899729 0.473410154 0.0659545501
739 -7.94046008 63.5236806 3.97902571 15.8985115 -3.97361299 15.8998647 0.472774349 0.0658658979
740 -7.94054054 63.5243243 3.97905405 15.8986486 -3.97364865 15.9 0.472140248 0.0657774836
741 -7.94062078 63.5249663 3.97908232 15.8987854 -3.97368421 15.900135 0.471507847 0.0656893063
742 -7.94070081 63.5256065 3.97911051 15.8989218 -3.97371968 15.9002695 0.470877137 0.0656013651
743 -7.94078062 63.526245 3.97913863 15.8990579 -3.97375505 15.9004038 0.470248112 0.0655136591
744 -7.94086022 63.5268817 3.97916667 15.8991935 -3.97379032 15.9005376 0.469620765 0.0654261873
745 -7.9409396 63.5275168 3.97919463 15.8993289 -3.9738255 15.9006711 0.46899509 0.0653389487
746 -7.94101877 63.5281501 3.97922252 15.8994638 -3.97386059 15.9008043 0.46837108 0.0652519424
747 -7.94109772 63.5287818 3.97925033 15.8995984 -3.97389558 15.9009371 0.467748728 0.0651651676
748 -7.94117647 63.5294118 3.97927807 15.8997326 -3.97393048 15.9010695 0.467128028 0.0650786232
749 -7.94125501 63.5300401 3.97930574 15.8998665 -3.97396529 15.9012016 0.466508972 0.0649923084
750 -7.94133333 63.5306667 3.97933333 15.9 -3.974 15.9013333 0.465891556 0.0649062222
751 -7.94141145 63.5312916 3.97936085 15.9001332 -3.97403462 15.9014647 0.465275771 0.0648203638
752 -7.94148936 63.5319149 3.9793883 15.900266 -3.97406915 15.9015957 0.464661612 0.0647347322
753 -7.94156707 63.5325365 3.97941567 15.9003984 -3.97410359 15.9017264 0.464049072 0.0646493266
754 -7.94164456 63.5331565 3.97944297 15.9005305 -3.97413793 15.9018568 0.463438144 0.064564146
755 -7.94172185 63.5337748 3.9794702 15.9006623 -3.97417219 15.9019868 0.462828823 0.0644791895
756 -7.94179894 63.5343915 3.97949735 15.9007937 -3.97420635 15.9021164 0.462221102 0.0643944563
757 -7.94187583 63.5350066 3.97952444 15.9009247 -3.97424042 15.9022457 0.461614975 0.0643099456
758 -7.94195251 63.5356201 3.97955145 15.9010554 -3.97427441 15.9023747 0.461010436 0.0642256563
759 -7.94202899 63.5362319 3.97957839 15.9011858 -3.9743083 15.9025033 0.460407477 0.0641415877
760 -7.94210526 63.5368421 3.97960526 15.9013158 -3.97434211 15.9026316 0.459806094 0.0640577389
761 -7.94218134 63.5374507 3.97963206 15.9014455 -3.97437582 15.9027595 0.45920628 0.063974109
762 -7.94225722 63.5380577 3.97965879 15.9015748 -3.97440945 15.9028871 0.458608028 0.0638906972
763 -7.9423329 63.5386632 3.97968545 15.9017038 -3.97444299 15.9030144 0.458011333 0.0638075026
764 -7.94240838 63.539267 3.97971204 15.9018325 -3.97447644 15.9031414 0.457416189 0.0637245244
765 -7.94248366 63.5398693 3.97973856 15.9019608 -3.9745098 15.903268 0.45682259 0.0636417617
766 -7.94255875 63.54047 3.97976501 15.9020888 -3.97454308 15.9033943 0.456230529 0.0635592137
767 -7.94263364 63.5410691 3.9797914 15.9022164 -3.97457627 15.9035202 0.45564 0.0634768796
768 -7.94270833 63.5416667 3.97981771 15.9023438 -3.97460938 15.9036458 0.455050998 0.0633947584
769 -7.94278283 63.5422627 3.97984395 15.9024707 -3.97464239 15.9037711 0.454463517 0.0633128495
770 -7.94285714 63.5428571 3.97987013 15.9025974 -3.97467532 15.9038961 0.453877551 0.063231152
771 -7.94293126 63.5434501 3.97989624 15.9027237 -3.97470817 15.9040208 0.453293094 0.063149665
772 -7.94300518 63.5440415 3.97992228 15.9028497 -3.97474093 15.9041451 0.45271014 0.0630683877
773 -7.94307891 63.5446313 3.97994825 15.9029754 -3.97477361 15.9042691 0.452128683 0.0629873194
774 -7.94315245 63.5452196 3.97997416 15.9031008 -3.9748062 15.9043928 0.451548718 0.0629064593
775 -7.94322581 63.5458065 3.98 15.9032258 -3.97483871 15.9045161 0.450970239 0.0628258065
776 -7.94329897 63.5463918 3.98002577 15.9033505 -3.97487113 15.9046392 0.450393241 0.0627453602
777 -7.94337194 63.5469755 3.98005148 15.9034749 -3.97490347 15.9047619 0.449817716 0.0626651196
778 -7.94344473 63.5475578 3.98007712 15.903599 -3.97493573 15.9048843 0.449243661 0.062585084
779 -7.94351733 63.5481386 3.9801027 15.9037227 -3.97496791 15.9050064 0.448671069 0.0625052526
780 -7.94358974 63.5487179 3.98012821 15.9038462 -3.975 15.9051282 0.448099934 0.0624256246
781 -7.94366197 63.5492958 3.98015365 15.9039693 -3.97503201 15.9052497 0.447530252 0.0623461992
782 -7.94373402 63.5498721 3.98017903 15.9040921 -3.97506394 15.9053708 0.446962016 0.0622669756
783 -7.94380587 63.550447 3.98020434 15.9042146 -3.97509579 15.9054917 0.446395222 0.0621879531
784 -7.94387755 63.5510204 3.98022959 15.9043367 -3.97512755 15.9056122 0.445829863 0.062109131
785 -7.94394904 63.5515924 3.98025478 15.9044586 -3.97515924 15.9057325 0.445265934 0.0620305083
786 -7.94402036 63.5521628 3.9802799 15.9045802 -3.97519084 15.9058524 0.44470343 0.0619520845
787 -7.94409149 63.5527319 3.98030496 15.9047014 -3.97522236 15.905972 0.444142345 0.0618738587
788 -7.94416244 63.5532995 3.98032995 15.9048223 -3.97525381 15.9060914 0.443582674 0.0617958302
789 -7.94423321 63.5538657 3.98035488 15.904943 -3.97528517 15.9062104 0.443024412 0.0617179983
790 -7.9443038 63.5544304 3.98037975 15.9050633 -3.97531646 15.9063291 0.442467553 0.0616403621
791 -7.94437421 63.5549937 3.98040455 15.9051833 -3.97534766 15.9064475 0.441912093 0.061562921
792 -7.94444444 63.5555556 3.98042929 15.905303 -3.97537879 15.9065657 0.441358025 0.0614856743
793 -7.9445145 63.556116 3.98045397 15.9054224 -3.97540984 15.9066835 0.440805344 0.0614086211
794 -7.94458438 63.5566751 3.98047859 15.9055416 -3.97544081 15.906801 0.440254046 0.0613317609
795 -7.94465409 63.5572327 3.98050314 15.9056604 -3.9754717 15.9069182 0.439704126 0.0612550928
796 -7.94472362 63.5577889 3.98052764 15.9057789 -3.97550251 15.9070352 0.439155577 0.0611786161
797 -7.94479297 63.5583438 3.98055207 15.9058971 -3.97553325 15.9071518 0.438608395 0.0611023301
798 -7.94486216 63.5588972 3.98057644 15.906015 -3.97556391 15.9072682 0.438062575 0.0610262341
799 -7.94493116 63.5594493 3.98060075 15.9061327 -3.97559449 15.9073842 0.437518112 0.0609503275
800 -7.945 63.56 3.980625 15.90625 -3.975625 15.9075 0.436975 0.0608746094
801 -7.94506866 63.5605493 3.98064919 15.906367 -3.97565543 15.9076155 0.436433235 0.0607990792
802 -7.94513716 63.5610973 3.98067332 15.9064838 -3.97568579 15.9077307 0.435892812 0.0607237362
803 -7.94520548 63.5616438 3.98069738 15.9066002 -3.97571606 15.9078456 0.435353725 0.0606485797
804 -7.94527363 63.5621891 3.98072139 15.9067164 -3.97574627 15.9079602 0.43481597 0.0605736089
805 -7.94534161 63.5627329 3.98074534 15.9068323 -3.9757764 15.9080745 0.434279542 0.0604988233
806 -7.94540943 63.5632754 3.98076923 15.9069479 -3.97580645 15.9081886 0.433744435 0.0604242222
807 -7.94547708 63.5638166 3.98079306 15.9070632 -3.97583643 15.9083024 0.433210646 0.0603498048
808 -7.94554455 63.5643564 3.98081683 15.9071782 -3.97586634 15.9084158 0.432678169 0.0602755704
809 -7.94561187 63.5648949 3.98084054 15.907293 -3.97589617 15.908529 0.432146999 0.0602015185
810 -7.94567901 63.5654321 3.9808642 15.9074074 -3.97592593 15.908642 0.431617132 0.0601276482
811 -7.94574599 63.5659679 3.98088779 15.9075216 -3.97595561 15.9087546 0.431088562 0.060053959
812 -7.94581281 63.5665025 3.98091133 15.9076355 -3.97598522 15.908867 0.430561285 0.0599804503
813 -7.94587946 63.5670357 3.98093481 15.9077491 -3.97601476 15.9089791 0.430035297 0.0599071212
814 -7.94594595 63.5675676 3.98095823 15.9078624 -3.97604423 15.9090909 0.429510592 0.0598339712
815 -7.94601227 63.5680982 3.9809816 15.9079755 -3.97607362 15.9092025 0.428987165 0.0597609997
816 -7.94607843 63.5686275 3.9810049 15.9080882 -3.97610294 15.9093137 0.428465013 0.0596882059
817 -7.94614443 63.5691554 3.98102815 15.9082007 -3.97613219 15.9094247 0.427944131 0.0596155892
818 -7.94621027 63.5696822 3.98105134 15.908313 -3.97616137 15.9095355 0.427424513 0.059543149
819 -7.94627595 63.5702076 3.98107448 15.9084249 -3.97619048 15.9096459 0.426906156 0.0594708846
820 -7.94634146 63.5707317 3.98109756 15.9085366 -3.97621951 15.9097561 0.426389054 0.0593987954
821 -7.94640682 63.5712546 3.98112058 15.908648 -3.97624848 15.909866 0.425873204 0.0593268807
822 -7.94647202 63.5717762 3.98114355 15.9087591 -3.97627737 15.9099757 0.4253586 0.05925514
823 -7.94653706 63.5722965 3.98116646 15.90887 -3.9763062 15.9100851 0.424845238 0.0591835725
824 -7.94660194 63.5728155 3.98118932 15.9089806 -3.97633495 15.9101942 0.424333113 0.0591121778
825 -7.94666667 63.5733333 3.98121212 15.9090909 -3.97636364 15.910303 0.423822222 0.059040955
826 -7.94673123 63.5738499 3.98123487 15.909201 -3.97639225 15.9104116 0.42331256 0.0589699037
827 -7.94679565 63.5743652 3.98125756 15.9093108 -3.9764208 15.91052 0.422804121 0.0588990231
828 -7.9468599 63.5748792 3.98128019 15.9094203 -3.97644928 15.910628 0.422296903 0.0588283128
829 -7.946924 63.575392 3.98130277 15.9095296 -3.97647768 15.9107358 0.4217909 0.058757772
830 -7.94698795 63.5759036 3.9813253 15.9096386 -3.97650602 15.9108434 0.421286108 0.0586874002
831 -7.94705174 63.576414 3.98134777 15.9097473 -3.9765343 15.9109507 0.420782523 0.0586171967
832 -7.94711538 63.5769231 3.98137019 15.9098558 -3.9765625 15.9110577 0.420280141 0.058547161
833 -7.94717887 63.577431 3.98139256 15.909964 -3.97659064 15.9111645 0.419778956 0.0584772925
834 -7.94724221 63.5779376 3.98141487 15.9100719 -3.97661871 15.911271 0.419278965 0.0584075905
835 -7.94730539 63.5784431 3.98143713 15.9101796 -3.97664671 15.9113772 0.418780164 0.0583380544
836 -7.94736842 63.5789474 3.98145933 15.9102871 -3.97667464 15.9114833 0.418282548 0.0582686838
837 -7.9474313 63.5794504 3.98148148 15.9103943 -3.97670251 15.911589 0.417786114 0.0581994779
838 -7.94749403 63.5799523 3.98150358 15.9105012 -3.97673031 15.9116945 0.417290856 0.0581304361
839 -7.94755662 63.5804529 3.98152563 15.9106079 -3.97675805 15.9117998 0.416796771 0.058061558
840 -7.94761905 63.5809524 3.98154762 15.9107143 -3.97678571 15.9119048 0.416303855 0.057992843
841 -7.94768133 63.5814507 3.98156956 15.9108205 -3.97681332 15.9120095 0.415812103 0.0579242903
842 -7.94774347 63.5819477 3.98159145 15.9109264 -3.97684086 15.912114 0.415321511 0.0578558996
843 -7.94780546 63.5824437 3.98161329 15.911032 -3.97686833 15.9122183 0.414832076 0.0577876701
844 -7.9478673 63.5829384 3.98163507 15.9111374 -3.97689573 15.9123223 0.414343793 0.0577196014
845 -7.94792899 63.583432 3.9816568 15.9112426 -3.97692308 15.912426 0.413856658 0.0576516929
846 -7.94799054 63.5839243 3.98167849 15.9113475 -3.97695035 15.9125296 0.413370667 0.0575839439
847 -7.94805195 63.5844156 3.98170012 15.9114522 -3.97697757 15.9126328 0.412885815 0.057516354
848 -7.94811321 63.5849057 3.9817217 15.9115566 -3.97700472 15.9127358 0.4124021 0.0574489225
849 -7.94817432 63.5853946 3.98174323 15.9116608 -3.9770318 15.9128386 0.411919517 0.057381649
850 -7.94823529 63.5858824 3.98176471 15.9117647 -3.97705882 15.9129412 0.411438062 0.0573145329
851 -7.94829612 63.586369 3.98178613 15.9118684 -3.97708578 15.9130435 0.410957731 0.0572475735
852 -7.94835681 63.5868545 3.98180751 15.9119718 -3.97711268 15.9131455 0.410478521 0.0571807705
853 -7.94841735 63.5873388 3.98182884 15.912075 -3.97713951 15.9132474 0.410000426 0.0571141231
854 -7.94847775 63.587822 3.98185012 15.912178 -3.97716628 15.9133489 0.409523444 0.0570476309
855 -7.94853801 63.5883041 3.98187135 15.9122807 -3.97719298 15.9134503 0.40904757 0.0569812934
856 -7.94859813 63.588785 3.98189252 15.9123832 -3.97721963 15.9135514 0.408572801 0.0569151099
857 -7.94865811 63.5892649 3.98191365 15.9124854 -3.97724621 15.9136523 0.408099133 0.0568490801
858 -7.94871795 63.5897436 3.98193473 15.9125874 -3.97727273 15.9137529 0.407626561 0.0567832032
859 -7.94877765 63.5902212 3.98195576 15.9126892 -3.97729919 15.9138533 0.407155083 0.0567174788
860 -7.94883721 63.5906977 3.98197674 15.9127907 -3.97732558 15.9139535 0.406684694 0.0566519064
861 -7.94889663 63.5911731 3.98199768 15.912892 -3.97735192 15.9140534 0.406215391 0.0565864855
862 -7.94895592 63.5916473 3.98201856 15.912993 -3.97737819 15.9141531 0.40574717 0.0565212154
863 -7.94901506 63.5921205 3.9820394 15.9130939 -3.9774044 15.9142526 0.405280026 0.0564560958
864 -7.94907407 63.5925926 3.98206019 15.9131944 -3.97743056 15.9143519 0.404813957 0.056391126
865 -7.94913295 63.5930636 3.98208092 15.9132948 -3.97745665 15.9144509 0.404348959 0.0563263056
866 -7.94919169 63.5935335 3.98210162 15.9133949 -3.97748268 15.9145497 0.403885028 0.056261634
867 -7.94925029 63.5940023 3.98212226 15.9134948 -3.97750865 15.9146482 0.40342216 0.0561971108
868 -7.94930876 63.59447 3.98214286 15.9135945 -3.97753456 15.9147465 0.402960352 0.0561327354
869 -7.94936709 63.5949367 3.98216341 15.9136939 -3.97756041 15.9148446 0.402499599 0.0560685072
870 -7.94942529 63.5954023 3.98218391 15.9137931 -3.97758621 15.9149425 0.4020399 0.0560044259
871 -7.94948335 63.5958668 3.98220436 15.9138921 -3.97761194 15.9150402 0.401581249 0.055940491
872 -7.94954128 63.5963303 3.98222477 15.9139908 -3.97763761 15.9151376 0.401123643 0.0558767018
873 -7.94959908 63.5967927 3.98224513 15.9140893 -3.97766323 15.9152348 0.400667079 0.0558130579
874 -7.94965675 63.597254 3.98226545 15.9141876 -3.97768879 15.9153318 0.400211553 0.0557495588
875 -7.94971429 63.5977143 3.98228571 15.9142857 -3.97771429 15.9154286 0.399757061 0.0556862041
876 -7.94977169 63.5981735 3.98230594 15.9143836 -3.97773973 15.9155251 0.399303601 0.0556229932
877 -7.94982896 63.5986317 3.98232611 15.9144812 -3.97776511 15.9156214 0.398851168 0.0555599256
878 -7.9498861 63.5990888 3.98234624 15.9145786 -3.97779043 15.9157175 0.398399759 0.0554970008
879 -7.94994312 63.5995449 3.98236633 15.9146758 -3.9778157 15.9158134 0.397949371 0.0554342185
880 -7.95 63.6 3.98238636 15.9147727 -3.97784091 15.9159091 0.3975 0.055371578
881 -7.95005675 63.600454 3.98240636 15.9148695 -3.97786606 15.9160045 0.397051643 0.0553090789
882 -7.95011338 63.600907 3.9824263 15.914966 -3.97789116 15.9160998 0.396604296 0.0552467208
883 -7.95016988 63.601359 3.98244621 15.9150623 -3.97791619 15.9161948 0.396157955 0.0551845031
884 -7.95022624 63.60181 3.98246606 15.9151584 -3.97794118 15.9162896 0.395712618 0.0551224253
885 -7.95028249 63.6022599 3.98248588 15.9152542 -3.9779661 15.9163842 0.395268282 0.0550604871
886 -7.9503386 63.6027088 3.98250564 15.9153499 -3.97799097 15.9164786 0.394824942 0.0549986879
887 -7.95039459 63.6031567 3.98252537 15.9154453 -3.97801578 15.9165727 0.394382595 0.0549370273
888 -7.95045045 63.6036036 3.98254505 15.9155405 -3.97804054 15.9166667 0.393941239 0.0548755047
889 -7.95050619 63.6040495 3.98256468 15.9156355 -3.97806524 15.9167604 0.393500869 0.0548141198
890 -7.9505618 63.6044944 3.98258427 15.9157303 -3.97808989 15.9168539 0.393061482 0.0547528721
891 -7.95061728 63.6049383 3.98260382 15.9158249 -3.97811448 15.9169473 0.392623076 0.0546917611
892 -7.95067265 63.6053812 3.98262332 15.9159193 -3.97813901 15.9170404 0.392185646 0.0546307864
893 -7.95072788 63.6058231 3.98264278 15.9160134 -3.97816349 15.9171333 0.39174919 0.0545699474
894 -7.950783 63.606264 3.98266219 15.9161074 -3.97818792 15.917226 0.391313705 0.0545092438
895 -7.95083799 63.6067039 3.98268156 15.9162011 -3.97821229 15.9173184 0.390879186 0.0544486751
896 -7.95089286 63.6071429 3.98270089 15.9162946 -3.97823661 15.9174107 0.390445631 0.0543882409
897 -7.9509476 63.6075808 3.98272018 15.916388 -3.97826087 15.9175028 0.390013037 0.0543279407
898 -7.95100223 63.6080178 3.98273942 15.9164811 -3.97828508 15.9175947 0.389581401 0.054267774
899 -7.95105673 63.6084538 3.98275862 15.916574 -3.97830923 15.9176863 0.389150719 0.0542077404
900 -7.95111111 63.6088889 3.98277778 15.9166667 -3.97833333 15.9177778 0.388720988 0.0541478395
901 -7.95116537 63.609323 3.98279689 15.9167592 -3.97835738 15.917869 0.388292205 0.0540880708
902 -7.95121951 63.6097561 3.98281596 15.9168514 -3.97838137 15.9179601 0.387864366 0.054028434
903 -7.95127353 63.6101883 3.98283499 15.9169435 -3.97840532 15.9180509 0.38743747 0.0539689285
904 -7.95132743 63.6106195 3.98285398 15.9170354 -3.9784292 15.9181416 0.387011512 0.0539095539
905 -7.95138122 63.6110497 3.98287293 15.9171271 -3.97845304 15.918232 0.38658649 0.0538503098
906 -7.95143488 63.611479 3.98289183 15.9172185 -3.97847682 15.9183223 0.3861624 0.0537911958
907 -7.95148842 63.6119074 3.98291069 15.9173098 -3.97850055 15.9184123 0.38573924 0.0537322114
908 -7.95154185 63.6123348 3.98292952 15.9174009 -3.97852423 15.9185022 0.385317006 0.0536733563
909 -7.95159516 63.6127613 3.98294829 15.9174917 -3.97854785 15.9185919 0.384895695 0.0536146299
910 -7.95164835 63.6131868 3.98296703 15.9175824 -3.97857143 15.9186813 0.384475305 0.0535560319
911 -7.95170143 63.6136114 3.98298573 15.9176729 -3.97859495 15.9187706 0.384055832 0.0534975618
912 -7.95175439 63.6140351 3.98300439 15.9177632 -3.97861842 15.9188596 0.383637273 0.0534392193
913 -7.95180723 63.6144578 3.983023 15.9178532 -3.97864184 15.9189485 0.383219625 0.0533810039
914 -7.95185996 63.6148796 3.98304158 15.9179431 -3.97866521 15.9190372 0.382802886 0.0533229151
915 -7.95191257 63.6153005 3.98306011 15.9180328 -3.97868852 15.9191257 0.382387052 0.0532649527
916 -7.95196507 63.6157205 3.9830786 15.9181223 -3.97871179 15.919214 0.381972121 0.0532071161
917 -7.95201745 63.6161396 3.98309706 15.9182116 -3.97873501 15.9193021 0.381558089 0.053149405
918 -7.95206972 63.6165577 3.98311547 15.9183007 -3.97875817 15.91939 0.381144954 0.0530918189
919 -7.95212187 63.616975 3.98313384 15.9183896 -3.97878128 15.9194777 0.380732712 0.0530343575
920 -7.95217391 63.6173913 3.98315217 15.9184783 -3.97880435 15.9195652 0.380321361 0.0529770203
921 -7.95222584 63.6178067 3.98317047 15.9185668 -3.97882736 15.9196526 0.379910898 0.052919807
922 -7.95227766 63.6182213 3.98318872 15.9186551 -3.97885033 15.9197397 0.37950132 0.0528627171
923 -7.95232936 63.6186349 3.98320693 15.9187432 -3.97887324 15.9198267 0.379092624 0.0528057502
924 -7.95238095 63.6190476 3.98322511 15.9188312 -3.9788961 15.9199134 0.378684807 0.052748906
925 -7.95243243 63.6194595 3.98324324 15.9189189 -3.97891892 15.92 0.378277867 0.0526921841
926 -7.9524838 63.6198704 3.98326134 15.9190065 -3.97894168 15.9200864 0.3778718 0.052635584
927 -7.95253506 63.6202805 3.9832794 15.9190939 -3.9789644 15.9201726 0.377466605 0.0525791053
928 -7.95258621 63.6206897 3.98329741 15.919181 -3.97898707 15.9202586 0.377062277 0.0525227478
929 -7.95263724 63.621098 3.98331539 15.919268 -3.97900969 15.9203445 0.376658815 0.0524665109
930 -7.95268817 63.6215054 3.98333333 15.9193548 -3.97903226 15.9204301 0.376256215 0.0524103943
931 -7.95273899 63.6219119 3.98335124 15.9194415 -3.97905478 15.9205156 0.375854474 0.0523543976
932 -7.9527897 63.6223176 3.9833691 15.9195279 -3.97907725 15.9206009 0.375453591 0.0522985204
933 -7.9528403 63.6227224 3.98338692 15.9196141 -3.97909968 15.920686 0.375053562 0.0522427624
934 -7.95289079 63.6231263 3.98340471 15.9197002 -3.97912206 15.9207709 0.374654384 0.0521871231
935 -7.95294118 63.6235294 3.98342246 15.9197861 -3.97914439 15.9208556 0.374256055 0.0521316023
936 -7.95299145 63.6239316 3.98344017 15.9198718 -3.97916667 15.9209402 0.373858573 0.0520761994
937 -7.95304162 63.624333 3.98345784 15.9199573 -3.9791889 15.9210245 0.373461933 0.0520209142
938 -7.95309168 63.6247335 3.98347548 15.9200426 -3.97921109 15.9211087 0.373066134 0.0519657462
939 -7.95314164 63.6251331 3.98349308 15.9201278 -3.97923323 15.9211928 0.372671174 0.0519106951
940 -7.95319149 63.6255319 3.98351064 15.9202128 -3.97925532 15.9212766 0.372277048 0.0518557605
941 -7.95324123 63.6259299 3.98352816 15.9202976 -3.97927736 15.9213603 0.371883756 0.0518009421
942 -7.95329087 63.626327 3.98354565 15.9203822 -3.97929936 15.9214437 0.371491293 0.0517462394
943 -7.9533404 63.6267232 3.9835631 15.9204666 -3.97932131 15.921527 0.371099658 0.0516916522
944 -7.95338983 63.6271186 3.98358051 15.9205508 -3.97934322 15.9216102 0.370708848 0.05163718
945 -7.95343915 63.6275132 3.98359788 15.9206349 -3.97936508 15.9216931 0.37031886 0.0515828224
946 -7.95348837 63.627907 3.98361522 15.9207188 -3.97938689 15.9217759 0.369929692 0.0515285792
947 -7.95353749 63.6282999 3.98363252 15.9208025 -3.97940866 15.9218585 0.36954134 0.05147445
948 -7.9535865 63.628692 3.98364979 15.9208861 -3.97943038 15.9219409 0.369153804 0.0514204343
949 -7.95363541 63.6290832 3.98366702 15.9209694 -3.97945205 15.9220232 0.368767079 0.0513665319
950 -7.95368421 63.6294737 3.98368421 15.9210526 -3.97947368 15.9221053 0.368381163 0.0513127424
951 -7.95373291 63.6298633 3.98370137 15.9211356 -3.97949527 15.9221872 0.367996055 0.0512590654
952 -7.95378151 63.6302521 3.98371849 15.9212185 -3.97951681 15.9222689 0.367611751 0.0512055006
953 -7.95383001 63.6306401 3.98373557 15.9213012 -3.9795383 15.9223505 0.367228248 0.0511520476
954 -7.95387841 63.6310273 3.98375262 15.9213836 -3.97955975 15.9224319 0.366845545 0.0510987061
955 -7.9539267 63.6314136 3.98376963 15.921466 -3.97958115 15.9225131 0.366463639 0.0510454757
956 -7.9539749 63.6317992 3.98378661 15.9215481 -3.97960251 15.9225941 0.366082527 0.0509923561
957 -7.95402299 63.6321839 3.98380355 15.9216301 -3.97962382 15.922675 0.365702206 0.050939347
958 -7.95407098 63.6325678 3.98382046 15.9217119 -3.97964509 15.9227557 0.365322676 0.0508864479
959 -7.95411887 63.632951 3.98383733 15.9217935 -3.97966632 15.9228363 0.364943932 0.0508336586
960 -7.95416667 63.6333333 3.98385417 15.921875 -3.9796875 15.9229167 0.364565972 0.0507809787
961 -7.95421436 63.6337149 3.98387097 15.9219563 -3.97970864 15.9229969 0.364188795 0.0507284079
962 -7.95426195 63.6340956 3.98388773 15.9220374 -3.97972973 15.9230769 0.363812397 0.0506759458
963 -7.95430945 63.6344756 3.98390447 15.9221184 -3.97975078 15.9231568 0.363436777 0.0506235921
964 -7.95435685 63.6348548 3.98392116 15.9221992 -3.97977178 15.9232365 0.363061931 0.0505713465
965 -7.95440415 63.6352332 3.98393782 15.9222798 -3.97979275 15.9233161 0.362687857 0.0505192086
966 -7.95445135 63.6356108 3.98395445 15.9223602 -3.97981366 15.9233954 0.362314554 0.050467178
967 -7.95449845 63.6359876 3.98397104 15.9224405 -3.97983454 15.9234747 0.361942018 0.0504152546
968 -7.95454545 63.6363636 3.9839876 15.9225207 -3.97985537 15.9235537 0.361570248 0.0503634379
969 -7.95459236 63.6367389 3.98400413 15.9226006 -3.97987616 15.9236326 0.36119924 0.0503117275
970 -7.95463918 63.6371134 3.98402062 15.9226804 -3.97989691 15.9237113 0.360828994 0.0502601233
971 -7.95468589 63.6374871 3.98403708 15.92276 -3.97991761 15.9237899 0.360459505 0.0502086248
972 -7.95473251 63.6378601 3.9840535 15.9228395 -3.97993827 15.9238683 0.360090772 0.0501572317
973 -7.95477903 63.6382323 3.98406989 15.9229188 -3.97995889 15.9239466 0.359722793 0.0501059437
974 -7.95482546 63.6386037 3.98408624 15.9229979 -3.97997947 15.9240246 0.359355565 0.0500547605
975 -7.95487179 63.6389744 3.98410256 15.9230769 -3.98 15.9241026 0.358989086 0.0500036818
976 -7.95491803 63.6393443 3.98411885 15.9231557 -3.98002049 15.9241803 0.358623354 0.0499527072
977 -7.95496418 63.6397134 3.98413511 15.9232344 -3.98004094 15.9242579 0.358258366 0.0499018364
978 -7.95501022 63.6400818 3.98415133 15.9233129 -3.98006135 15.9243354 0.357894121 0.0498510691
979 -7.95505618 63.6404494 3.98416752 15.9233912 -3.98008172 15.9244127 0.357530615 0.049800405
980 -7.95510204 63.6408163 3.98418367 15.9234694 -3.98010204 15.9244898 0.357167847 0.0497498438
981 -7.95514781 63.6411825 3.9841998 15.9235474 -3.98012232 15.9245668 0.356805814 0.0496993852
982 -7.95519348 63.6415479 3.98421589 15.9236253 -3.98014257 15.9246436 0.356444514 0.0496490287
983 -7.95523906 63.6419125 3.98423194 15.923703 -3.98016277 15.9247202 0.356083946 0.0495987743
984 -7.95528455 63.6422764 3.98424797 15.9237805 -3.98018293 15.9247967 0.355724106 0.0495486214
985 -7.95532995 63.6426396 3.98426396 15.9238579 -3.98020305 15.9248731 0.355364993 0.0494985699
986 -7.95537525 63.643002 3.98427992 15.9239351 -3.98022312 15.9249493 0.355006604 0.0494486194
987 -7.95542047 63.6433637 3.98429585 15.9240122 -3.98024316 15.9250253 0.354648937 0.0493987696
988 -7.95546559 63.6437247 3.98431174 15.9240891 -3.98026316 15.9251012 0.35429199 0.0493490202
989 -7.95551062 63.6440849 3.9843276 15.9241658 -3.98028311 15.9251769 0.353935761 0.0492993709
990 -7.95555556 63.6444444 3.98434343 15.9242424 -3.98030303 15.9252525 0.353580247 0.0492498214
991 -7.9556004 63.6448032 3.98435923 15.9243189 -3.98032291 15.925328 0.353225447 0.0492003715
992 -7.95564516 63.6451613 3.984375 15.9243952 -3.98034274 15.9254032 0.352871358 0.0491510207
993 -7.95568983 63.6455186 3.98439074 15.9244713 -3.98036254 15.9254783 0.352517978 0.0491017688
994 -7.95573441 63.6458753 3.98440644 15.9245473 -3.98038229 15.9255533 0.352165306 0.0490526155
995 -7.95577889 63.6462312 3.98442211 15.9246231 -3.98040201 15.9256281 0.351813338 0.0490035605
996 -7.95582329 63.6465863 3.98443775 15.9246988 -3.98042169 15.9257028 0.351462073 0.0489546036
997 -7.9558676 63.6469408 3.98445336 15.9247743 -3.98044132 15.9257773 0.351111509 0.0489057443
998 -7.95591182 63.6472946 3.98446894 15.9248497 -3.98046092 15.9258517 0.350761644 0.0488569825
999 -7.95595596 63.6476476 3.98448448 15.9249249 -3.98048048 15.9259259 0.350412475 0.0488083178
1000 -7.956 63.648 3.9845 15.925 -3.9805 15.926 0.350064 0.04875975
