1 -8 80 4 16 4 20 16 0
2 -8 72 4 16 4 18 8 0
3 -8 69.3333333 4 16 4 17.3333333 5.33333333 0
4 -8 68 4 16 4 17 4 0
5 -8 67.2 4 16 4 16.8 3.2 0
6 -8 66.6666667 4 16 4 16.6666667 2.66666667 0
7 -8 66.2857143 4 16 4 16.5714286 2.28571429 0
8 -8 66 4 16 4 16.5 2 0
9 -8 65.7777778 4 16 4 16.4444444 1.77777778 0
10 -8 65.6 4 16 4 16.4 1.6 0
11 -8 65.4545455 4 16 4 16.3636364 1.45454545 0
12 -8 65.3333333 4 16 4 16.3333333 1.33333333 0
13 -8 65.2307692 4 16 4 16.3076923 1.23076923 0
14 -8 65.1428571 4 16 4 16.2857143 1.14285714 0
15 -8 65.0666667 4 16 4 16.2666667 1.06666667 0
16 -8 65 4 16 4 16.25 1 0
17 -8 64.9411765 4 16 4 16.2352941 0.941176471 0
18 -8 64.8888889 4 16 4 16.2222222 0.888888889 0
19 -8 64.8421053 4 16 4 16.2105263 0.842105263 0
20 -8 64.8 4 16 4 16.2 0.8 0
21 -8 64.7619048 4 16 4 16.1904762 0.761904762 0
22 -8 64.7272727 4 16 4 16.1818182 0.727272727 0
23 -8 64.6956522 4 16 4 16.173913 0.695652174 0
24 -8 64.6666667 4 16 4 16.1666667 0.666666667 0
25 -8 64.64 4 16 4 16.16 0.64 0
26 -8 64.6153846 4 16 4 16.1538462 0.615384615 0
27 -8 64.5925926 4 16 4 16.1481481 0.592592593 0
28 -8 64.5714286 4 16 4 16.1428571 0.571428571 0
29 -8 64.5517241 4 16 4 16.137931 0.551724138 0
30 -8 64.5333333 4 16 4 16.1333333 0.533333333 0
31 -8 64.516129 4 16 4 16.1290323 0.516129032 0
32 -8 64.5 4 16 4 16.125 0.5 0
33 -8 64.4848485 4 16 4 16.1212121 0.484848485 0
34 -8 64.4705882 4 16 4 16.1176471 0.470588235 0
35 -8 64.4571429 4 16 4 16.1142857 0.457142857 0
36 -8 64.4444444 4 16 4 16.1111111 0.444444444 0
37 -8 64.4324324 4 16 4 16.1081081 0.432432432 0
38 -8 64.4210526 4 16 4 16.1052632 0.421052632 0
39 -8 64.4102564 4 16 4 16.1025641 0.41025641 0
40 -8 64.4 4 16 4 16.1 0.4 0
41 -8 64.3902439 4 16 4 16.097561 0.390243902 0
42 -8 64.3809524 4 16 4 16.0952381 0.380952381 0
43 -8 64.372093 4 16 4 16.0930233 0.372093023 0
44 -8 64.3636364 4 16 4 16.0909091 0.363636364 0
45 -8 64.3555556 4 16 4 16.0888889 0.355555556 0
46 -8 64.3478261 4 16 4 16.0869565 0.347826087 0
47 -8 64.3404255 4 16 4 16.0851064 0.340425532 0
48 -8 64.3333333 4 16 4 16.0833333 0.333333333 0
49 -8 64.3265306 4 16 4 16.0816327 0.326530612 0
50 -8 64.32 4 16 4 16.08 0.32 0
51 -8 64.3137255 4 16 4 16.0784314 0.31372549 0
52 -8 64.3076923 4 16 4 16.0769231 0.307692308 0
53 -8 64.3018868 4 16 4 16.0754717 0.301886792 0
54 -8 64.2962963 4 16 4 16.0740741 0.296296296 0
55 -8 64.2909091 4 16 4 16.0727273 0.290909091 0
56 -8 64.2857143 4 16 4 16.0714286 0.285714286 0
57 -8 64.2807018 4 16 4 16.0701754 0.280701754 0
58 -8 64.2758621 4 16 4 16.0689655 0.275862069 0
59 -8 64.2711864 4 16 4 16.0677966 0.271186441 0
60 -8 64.2666667 4 16 4 16.0666667 0.266666667 0
61 -8 64.2622951 4 16 4 16.0655738 0.262295082 0
62 -8 64.2580645 4 16 4 16.0645161 0.258064516 0
63 -8 64.2539683 4 16 4 16.0634921 0.253968254 0
64 -8 64.25 4 16 4 16.0625 0.25 0
65 -8 64.2461538 4 16 4 16.0615385 0.246153846 0
66 -8 64.2424242 4 16 4 16.0606061 0.242424242 0
67 -8 64.238806 4 16 4 16.0597015 0.23880597 0
68 -8 64.2352941 4 16 4 16.0588235 0.235294118 0
69 -8 64.2318841 4 16 4 16.057971 0.231884058 0
70 -8 64.2285714 4 16 4 16.0571429 0.228571429 0
71 -8 64.2253521 4 16 4 16.056338 0.225352113 0
72 -8 64.2222222 4 16 4 16.0555556 0.222222222 0
73 -8 64.2191781 4 16 4 16.0547945 0.219178082 0
74 -8 64.2162162 4 16 4 16.0540541 0.216216216 0
75 -8 64.2133333 4 16 4 16.0533333 0.213333333 0
76 -8 64.2105263 4 16 4 16.0526316 0.210526316 0
77 -8 64.2077922 4 16 4 16.0519481 0.207792208 0
78 -8 64.2051282 4 16 4 16.0512821 0.205128205 0
79 -8 64.2025316 4 16 4 16.0506329 0.202531646 0
80 -8 64.2 4 16 4 16.05 0.2 0
81 -8 64.1975309 4 16 4 16.0493827 0.197530864 0
82 -8 64.195122 4 16 4 16.0487805 0.195121951 0
83 -8 64.1927711 4 16 4 16.0481928 0.192771084 0
84 -8 64.1904762 4 16 4 16.047619 0.19047619 0
85 -8 64.1882353 4 16 4 16.0470588 0.188235294 0
86 -8 64.1860465 4 16 4 16.0465116 0.186046512 0
87 -8 64.183908 4 16 4 16.045977 0.183908046 0
88 -8 64.1818182 4 16 4 16.0454545 0.181818182 0
89 -8 64.1797753 4 16 4 16.0449438 0.179775281 0
90 -8 64.1777778 4 16 4 16.0444444 0.177777778 0
91 -8 64.1758242 4 16 4 16.043956 0.175824176 0
92 -8 64.173913 4 16 4 16.0434783 0.173913043 0
93 -8 64.172043 4 16 4 16.0430108 0.172043011 0
94 -8 64.1702128 4 16 4 16.0425532 0.170212766 0
95 -8 64.1684211 4 16 4 16.0421053 0.168421053 0
96 -8 64.1666667 4 16 4 16.0416667 0.166666667 0
97 -8 64.1649485 4 16 4 16.0412371 0.164948454 0
98 -8 64.1632653 4 16 4 16.0408163 0.163265306 0
99 -8 64.1616162 4 16 4 16.040404 0.161616162 0
100 -8 64.16 4 16 4 16.04 0.16 0
101 -8 64.1584158 4 16 4 16.039604 0.158415842 0
102 -8 64.1568627 4 16 4 16.0392157 0.156862745 0
103 -8 64.1553398 4 16 4 16.038835 0.155339806 0
104 -8 64.1538462 4 16 4 16.0384615 0.153846154 0
105 -8 64.152381 4 16 4 16.0380952 0.152380952 0
106 -8 64.1509434 4 16 4 16.0377358 0.150943396 0
107 -8 64.1495327 4 16 4 16.0373832 0.14953271 0
108 -8 64.1481481 4 16 4 16.037037 0.148148148 0
109 -8 64.146789 4 16 4 16.0366972 0.146788991 0
110 -8 64.1454545 4 16 4 16.0363636 0.145454545 0
111 -8 64.1441441 4 16 4 16.036036 0.144144144 0
112 -8 64.1428571 4 16 4 16.0357143 0.142857143 0
113 -8 64.1415929 4 16 4 16.0353982 0.14159292 0
114 -8 64.1403509 4 16 4 16.0350877 0.140350877 0
115 -8 64.1391304 4 16 4 16.0347826 0.139130435 0
116 -8 64.137931 4 16 4 16.0344828 0.137931034 0
117 -8 64.1367521 4 16 4 16.034188 0.136752137 0
118 -8 64.1355932 4 16 4 16.0338983 0.13559322 0
119 -8 64.1344538 4 16 4 16.0336134 0.134453782 0
120 -8 64.1333333 4 16 4 16.0333333 0.133333333 0
121 -8 64.1322314 4 16 4 16.0330579 0.132231405 0
122 -8 64.1311475 4 16 4 16.0327869 0.131147541 0
123 -8 64.1300813 4 16 4 16.0325203 0.130081301 0
124 -8 64.1290323 4 16 4 16.0322581 0.129032258 0
125 -8 64.128 4 16 4 16.032 0.128 0
126 -8 64.1269841 4 16 4 16.031746 0.126984127 0
127 -8 64.1259843 4 16 4 16.0314961 0.125984252 0
128 -8 64.125 4 16 4 16.03125 0.125 0
129 -8 64.124031 4 16 4 16.0310078 0.124031008 0
130 -8 64.1230769 4 16 4 16.0307692 0.123076923 0
131 -8 64.1221374 4 16 4 16.0305344 0.122137405 0
132 -8 64.1212121 4 16 4 16.030303 0.121212121 0
133 -8 64.1203008 4 16 4 16.0300752 0.120300752 0
134 -8 64.119403 4 16 4 16.0298507 0.119402985 0
135 -8 64.1185185 4 16 4 16.0296296 0.118518519 0
136 -8 64.1176471 4 16 4 16.0294118 0.117647059 0
137 -8 64.1167883 4 16 4 16.0291971 0.116788321 0
138 -8 64.115942 4 16 4 16.0289855 0.115942029 0
139 -8 64.1151079 4 16 4 16.028777 0.115107914 0
140 -8 64.1142857 4 16 4 16.0285714 0.114285714 0
141 -8 64.1134752 4 16 4 16.0283688 0.113475177 0
142 -8 64.1126761 4 16 4 16.028169 0.112676056 0
143 -8 64.1118881 4 16 4 16.027972 0.111888112 0
144 -8 64.1111111 4 16 4 16.0277778 0.111111111 0
145 -8 64.1103448 4 16 4 16.0275862 0.110344828 0
146 -8 64.109589 4 16 4 16.0273973 0.109589041 0
147 -8 64.1088435 4 16 4 16.0272109 0.108843537 0
148 -8 64.1081081 4 16 4 16.027027 0.108108108 0
149 -8 64.1073826 4 16 4 16.0268456 0.10738255 0
150 -8 64.1066667 4 16 4 16.0266667 0.106666667 0
151 -8 64.1059603 4 16 4 16.0264901 0.105960265 0
152 -8 64.1052632 4 16 4 16.0263158 0.105263158 0
153 -8 64.1045752 4 16 4 16.0261438 0.104575163 0
154 -8 64.1038961 4 16 4 16.025974 0.103896104 0
155 -8 64.1032258 4 16 4 16.0258065 0.103225806 0
156 -8 64.1025641 4 16 4 16.025641 0.102564103 0
157 -8 64.1019108 4 16 4 16.0254777 0.101910828 0
158 -8 64.1012658 4 16 4 16.0253165 0.101265823 0
159 -8 64.1006289 4 16 4 16.0251572 0.100628931 0
160 -8 64.1 4 16 4 16.025 0.1 0
161 -8 64.0993789 4 16 4 16.0248447 0.099378882 0
162 -8 64.0987654 4 16 4 16.0246914 0.0987654321 0
163 -8 64.0981595 4 16 4 16.0245399 0.0981595092 0
164 -8 64.097561 4 16 4 16.0243902 0.0975609756 0
165 -8 64.0969697 4 16 4 16.0242424 0.096969697 0
166 -8 64.0963855 4 16 4 16.0240964 0.0963855422 0
167 -8 64.0958084 4 16 4 16.0239521 0.0958083832 0
168 -8 64.0952381 4 16 4 16.0238095 0.0952380952 0
169 -8 64.0946746 4 16 4 16.0236686 0.0946745562 0
170 -8 64.0941176 4 16 4 16.0235294 0.0941176471 0
171 -8 64.0935673 4 16 4 16.0233918 0.0935672515 0
172 -8 64.0930233 4 16 4 16.0232558 0.0930232558 0
173 -8 64.0924855 4 16 4 16.0231214 0.0924855491 0
174 -8 64.091954 4 16 4 16.0229885 0.091954023 0
175 -8 64.0914286 4 16 4 16.0228571 0.0914285714 0
176 -8 64.0909091 4 16 4 16.0227273 0.0909090909 0
177 -8 64.0903955 4 16 4 16.0225989 0.0903954802 0
178 -8 64.0898876 4 16 4 16.0224719 0.0898876404 0
179 -8 64.0893855 4 16 4 16.0223464 0.0893854749 0
180 -8 64.0888889 4 16 4 16.0222222 0.0888888889 0
181 -8 64.0883978 4 16 4 16.0220994 0.0883977901 0
182 -8 64.0879121 4 16 4 16.021978 0.0879120879 0
183 -8 64.0874317 4 16 4 16.0218579 0.087431694 0
184 -8 64.0869565 4 16 4 16.0217391 0.0869565217 0
185 -8 64.0864865 4 16 4 16.0216216 0.0864864865 0
186 -8 64.0860215 4 16 4 16.0215054 0.0860215054 0
187 -8 64.0855615 4 16 4 16.0213904 0.0855614973 0
188 -8 64.0851064 4 16 4 16.0212766 0.085106383 0
189 -8 64.0846561 4 16 4 16.021164 0.0846560847 0
190 -8 64.0842105 4 16 4 16.0210526 0.0842105263 0
191 -8 64.0837696 4 16 4 16.0209424 0.0837696335 0
192 -8 64.0833333 4 16 4 16.0208333 0.0833333333 0
193 -8 64.0829016 4 16 4 16.0207254 0.0829015544 0
194 -8 64.0824742 4 16 4 16.0206186 0.0824742268 0
195 -8 64.0820513 4 16 4 16.0205128 0.0820512821 0
196 -8 64.0816327 4 16 4 16.0204082 0.0816326531 0
197 -8 64.0812183 4 16 4 16.0203046 0.0812182741 0
198 -8 64.0808081 4 16 4 16.020202 0.0808080808 0
199 -8 64.080402 4 16 4 16.0201005 0.0804020101 0
200 -8 64.08 4 16 4 16.02 0.08 0
201 -8 64.079602 4 16 4 16.0199005 0.07960199 0
202 -8 64.0792079 4 16 4 16.019802 0.0792079208 0
203 -8 64.0788177 4 16 4 16.0197044 0.078817734 0
204 -8 64.0784314 4 16 4 16.0196078 0.0784313725 0
205 -8 64.0780488 4 16 4 16.0195122 0.0780487805 0
206 -8 64.0776699 4 16 4 16.0194175 0.0776699029 0
207 -8 64.0772947 4 16 4 16.0193237 0.077294686 0
208 -8 64.0769231 4 16 4 16.0192308 0.0769230769 0
209 -8 64.076555 4 16 4 16.0191388 0.0765550239 0
210 -8 64.0761905 4 16 4 16.0190476 0.0761904762 0
211 -8 64.0758294 4 16 4 16.0189573 0.0758293839 0
212 -8 64.0754717 4 16 4 16.0188679 0.0754716981 0
213 -8 64.0751174 4 16 4 16.0187793 0.0751173709 0
214 -8 64.0747664 4 16 4 16.0186916 0.0747663551 0
215 -8 64.0744186 4 16 4 16.0186047 0.0744186047 0
216 -8 64.0740741 4 16 4 16.0185185 0.0740740741 0
217 -8 64.0737327 4 16 4 16.0184332 0.0737327189 0
218 -8 64.0733945 4 16 4 16.0183486 0.0733944954 0
219 -8 64.0730594 4 16 4 16.0182648 0.0730593607 0
220 -8 64.0727273 4 16 4 16.0181818 0.0727272727 0
221 -8 64.0723982 4 16 4 16.0180995 0.07239819 0
222 -8 64.0720721 4 16 4 16.018018 0.0720720721 0
223 -8 64.0717489 4 16 4 16.0179372 0.0717488789 0
224 -8 64.0714286 4 16 4 16.0178571 0.0714285714 0
225 -8 64.0711111 4 16 4 16.0177778 0.0711111111 0
226 -8 64.0707965 4 16 4 16.0176991 0.0707964602 0
227 -8 64.0704846 4 16 4 16.0176211 0.0704845815 0
228 -8 64.0701754 4 16 4 16.0175439 0.0701754386 0
229 -8 64.069869 4 16 4 16.0174672 0.0698689956 0
230 -8 64.0695652 4 16 4 16.0173913 0.0695652174 0
231 -8 64.0692641 4 16 4 16.017316 0.0692640693 0
232 -8 64.0689655 4 16 4 16.0172414 0.0689655172 0
233 -8 64.0686695 4 16 4 16.0171674 0.0686695279 0
234 -8 64.0683761 4 16 4 16.017094 0.0683760684 0
235 -8 64.0680851 4 16 4 16.0170213 0.0680851064 0
236 -8 64.0677966 4 16 4 16.0169492 0.0677966102 0
237 -8 64.0675105 4 16 4 16.0168776 0.0675105485 0
238 -8 64.0672269 4 16 4 16.0168067 0.0672268908 0
239 -8 64.0669456 4 16 4 16.0167364 0.0669456067 0
240 -8 64.0666667 4 16 4 16.0166667 0.0666666667 0
241 -8 64.06639 4 16 4 16.0165975 0.0663900415 0
242 -8 64.0661157 4 16 4 16.0165289 0.0661157025 0
243 -8 64.0658436 4 16 4 16.0164609 0.0658436214 0
244 -8 64.0655738 4 16 4 16.0163934 0.0655737705 0
245 -8 64.0653061 4 16 4 16.0163265 0.0653061224 0
246 -8 64.0650407 4 16 4 16.0162602 0.0650406504 0
247 -8 64.0647773 4 16 4 16.0161943 0.0647773279 0
248 -8 64.0645161 4 16 4 16.016129 0.064516129 0
249 -8 64.064257 4 16 4 16.0160643 0.0642570281 0
250 -8 64.064 4 16 4 16.016 0.064 0
251 -8 64.063745 4 16 4 16.0159363 0.0637450199 0
252 -8 64.0634921 4 16 4 16.015873 0.0634920635 0
253 -8 64.0632411 4 16 4 16.0158103 0.0632411067 0
254 -8 64.0629921 4 16 4 16.015748 0.062992126 0
255 -8 64.0627451 4 16 4 16.0156863 0.062745098 0
256 -8 64.0625 4 16 4 16.015625 0.0625 0
257 -8 64.0622568 4 16 4 16.0155642 0.0622568093 0
258 -8 64.0620155 4 16 4 16.0155039 0.0620155039 0
259 -8 64.0617761 4 16 4 16.015444 0.0617760618 0
260 -8 64.0615385 4 16 4 16.0153846 0.0615384615 0
261 -8 64.0613027 4 16 4 16.0153257 0.061302682 0
262 -8 64.0610687 4 16 4 16.0152672 0.0610687023 0
263 -8 64.0608365 4 16 4 16.0152091 0.0608365019 0
264 -8 64.0606061 4 16 4 16.0151515 0.0606060606 0
265 -8 64.0603774 4 16 4 16.0150943 0.0603773585 0
266 -8 64.0601504 4 16 4 16.0150376 0.0601503759 0
267 -8 64.0599251 4 16 4 16.0149813 0.0599250936 0
268 -8 64.0597015 4 16 4 16.0149254 0.0597014925 0
269 -8 64.0594796 4 16 4 16.0148699 0.0594795539 0
270 -8 64.0592593 4 16 4 16.0148148 0.0592592593 0
271 -8 64.0590406 4 16 4 16.0147601 0.0590405904 0
272 -8 64.0588235 4 16 4 16.0147059 0.0588235294 0
273 -8 64.0586081 4 16 4 16.014652 0.0586080586 0
274 -8 64.0583942 4 16 4 16.0145985 0.0583941606 0
275 -8 64.0581818 4 16 4 16.0145455 0.0581818182 0
276 -8 64.057971 4 16 4 16.0144928 0.0579710145 0
277 -8 64.0577617 4 16 4 16.0144404 0.0577617329 0
278 -8 64.057554 4 16 4 16.0143885 0.0575539568 0
279 -8 64.0573477 4 16 4 16.0143369 0.0573476703 0
280 -8 64.0571429 4 16 4 16.0142857 0.0571428571 0
281 -8 64.0569395 4 16 4 16.0142349 0.0569395018 0
282 -8 64.0567376 4 16 4 16.0141844 0.0567375887 0
283 -8 64.0565371 4 16 4 16.0141343 0.0565371025 0
284 -8 64.056338 4 16 4 16.0140845 0.0563380282 0
285 -8 64.0561404 4 16 4 16.0140351 0.0561403509 0
286 -8 64.0559441 4 16 4 16.013986 0.0559440559 0
287 -8 64.0557491 4 16 4 16.0139373 0.0557491289 0
288 -8 64.0555556 4 16 4 16.0138889 0.0555555556 0
289 -8 64.0553633 4 16 4 16.0138408 0.0553633218 0
290 -8 64.0551724 4 16 4 16.0137931 0.0551724138 0
291 -8 64.0549828 4 16 4 16.0137457 0.0549828179 0
292 -8 64.0547945 4 16 4 16.0136986 0.0547945205 0
293 -8 64.0546075 4 16 4 16.0136519 0.0546075085 0
294 -8 64.0544218 4 16 4 16.0136054 0.0544217687 0
295 -8 64.0542373 4 16 4 16.0135593 0.0542372881 0
296 -8 64.0540541 4 16 4 16.0135135 0.0540540541 0
297 -8 64.0538721 4 16 4 16.013468 0.0538720539 0
298 -8 64.0536913 4 16 4 16.0134228 0.0536912752 0
299 -8 64.0535117 4 16 4 16.0133779 0.0535117057 0
300 -8 64.0533333 4 16 4 16.0133333 0.0533333333 0
301 -8 64.0531561 4 16 4 16.013289 0.0531561462 0
302 -8 64.0529801 4 16 4 16.013245 0.0529801325 0
303 -8 64.0528053 4 16 4 16.0132013 0.0528052805 0
304 -8 64.0526316 4 16 4 16.0131579 0.0526315789 0
305 -8 64.052459 4 16 4 16.0131148 0.0524590164 0
306 -8 64.0522876 4 16 4 16.0130719 0.0522875817 0
307 -8 64.0521173 4 16 4 16.0130293 0.0521172638 0
308 -8 64.0519481 4 16 4 16.012987 0.0519480519 0
309 -8 64.0517799 4 16 4 16.012945 0.0517799353 0
310 -8 64.0516129 4 16 4 16.0129032 0.0516129032 0
311 -8 64.0514469 4 16 4 16.0128617 0.0514469453 0
312 -8 64.0512821 4 16 4 16.0128205 0.0512820513 0
313 -8 64.0511182 4 16 4 16.0127796 0.0511182109 0
314 -8 64.0509554 4 16 4 16.0127389 0.050955414 0
315 -8 64.0507937 4 16 4 16.0126984 0.0507936508 0
316 -8 64.0506329 4 16 4 16.0126582 0.0506329114 0
317 -8 64.0504732 4 16 4 16.0126183 0.0504731861 0
318 -8 64.0503145 4 16 4 16.0125786 0.0503144654 0
319 -8 64.0501567 4 16 4 16.0125392 0.0501567398 0
320 -8 64.05 4 16 4 16.0125 0.05 0
321 -8 64.0498442 4 16 4 16.0124611 0.0498442368 0
322 -8 64.0496894 4 16 4 16.0124224 0.049689441 0
323 -8 64.0495356 4 16 4 16.0123839 0.0495356037 0
324 -8 64.0493827 4 16 4 16.0123457 0.049382716 0
325 -8 64.0492308 4 16 4 16.0123077 0.0492307692 0
326 -8 64.0490798 4 16 4 16.0122699 0.0490797546 0
327 -8 64.0489297 4 16 4 16.0122324 0.0489296636 0
328 -8 64.0487805 4 16 4 16.0121951 0.0487804878 0
329 -8 64.0486322 4 16 4 16.0121581 0.0486322188 0
330 -8 64.0484848 4 16 4 16.0121212 0.0484848485 0
331 -8 64.0483384 4 16 4 16.0120846 0.0483383686 0
332 -8 64.0481928 4 16 4 16.0120482 0.0481927711 0
333 -8 64.048048 4 16 4 16.012012 0.048048048 0
334 -8 64.0479042 4 16 4 16.011976 0.0479041916 0
335 -8 64.0477612 4 16 4 16.0119403 0.047761194 0
336 -8 64.047619 4 16 4 16.0119048 0.0476190476 0
337 -8 64.0474777 4 16 4 16.0118694 0.0474777448 0
338 -8 64.0473373 4 16 4 16.0118343 0.0473372781 0
339 -8 64.0471976 4 16 4 16.0117994 0.0471976401 0
340 -8 64.0470588 4 16 4 16.0117647 0.0470588235 0
341 -8 64.0469208 4 16 4 16.0117302 0.0469208211 0
342 -8 64.0467836 4 16 4 16.0116959 0.0467836257 0
343 -8 64.0466472 4 16 4 16.0116618 0.0466472303 0
344 -8 64.0465116 4 16 4 16.0116279 0.0465116279 0
345 -8 64.0463768 4 16 4 16.0115942 0.0463768116 0
346 -8 64.0462428 4 16 4 16.0115607 0.0462427746 0
347 -8 64.0461095 4 16 4 16.0115274 0.0461095101 0
348 -8 64.045977 4 16 4 16.0114943 0.0459770115 0
349 -8 64.0458453 4 16 4 16.0114613 0.0458452722 0
350 -8 64.0457143 4 16 4 16.0114286 0.0457142857 0
351 -8 64.045584 4 16 4 16.011396 0.0455840456 0
352 -8 64.0454545 4 16 4 16.0113636 0.0454545455 0
353 -8 64.0453258 4 16 4 16.0113314 0.045325779 0
354 -8 64.0451977 4 16 4 16.0112994 0.0451977401 0
355 -8 64.0450704 4 16 4 16.0112676 0.0450704225 0
356 -8 64.0449438 4 16 4 16.011236 0.0449438202 0
357 -8 64.0448179 4 16 4 16.0112045 0.0448179272 0
358 -8 64.0446927 4 16 4 16.0111732 0.0446927374 0
359 -8 64.0445682 4 16 4 16.0111421 0.0445682451 0
360 -8 64.0444444 4 16 4 16.0111111 0.0444444444 0
361 -8 64.0443213 4 16 4 16.0110803 0.0443213296 0
362 -8 64.0441989 4 16 4 16.0110497 0.044198895 0
363 -8 64.0440771 4 16 4 16.0110193 0.044077135 0
364 -8 64.043956 4 16 4 16.010989 0.043956044 0
365 -8 64.0438356 4 16 4 16.0109589 0.0438356164 0
366 -8 64.0437158 4 16 4 16.010929 0.043715847 0
367 -8 64.0435967 4 16 4 16.0108992 0.0435967302 0
368 -8 64.0434783 4 16 4 16.0108696 0.0434782609 0
369 -8 64.0433604 4 16 4 16.0108401 0.0433604336 0
370 -8 64.0432432 4 16 4 16.0108108 0.0432432432 0
371 -8 64.0431267 4 16 4 16.0107817 0.0431266846 0
372 -8 64.0430108 4 16 4 16.0107527 0.0430107527 0
373 -8 64.0428954 4 16 4 16.0107239 0.0428954424 0
374 -8 64.0427807 4 16 4 16.0106952 0.0427807487 0
375 -8 64.0426667 4 16 4 16.0106667 0.0426666667 0
376 -8 64.0425532 4 16 4 16.0106383 0.0425531915 0
377 -8 64.0424403 4 16 4 16.0106101 0.0424403183 0
378 -8 64.042328 4 16 4 16.010582 0.0423280423 0
379 -8 64.0422164 4 16 4 16.0105541 0.0422163588 0
380 -8 64.0421053 4 16 4 16.0105263 0.0421052632 0
381 -8 64.0419948 4 16 4 16.0104987 0.0419947507 0
382 -8 64.0418848 4 16 4 16.0104712 0.0418848168 0
383 -8 64.0417755 4 16 4 16.0104439 0.0417754569 0
384 -8 64.0416667 4 16 4 16.0104167 0.0416666667 0
385 -8 64.0415584 4 16 4 16.0103896 0.0415584416 0
386 -8 64.0414508 4 16 4 16.0103627 0.0414507772 0
387 -8 64.0413437 4 16 4 16.0103359 0.0413436693 0
388 -8 64.0412371 4 16 4 16.0103093 0.0412371134 0
389 -8 64.0411311 4 16 4 16.0102828 0.0411311054 0
390 -8 64.0410256 4 16 4 16.0102564 0.041025641 0
391 -8 64.0409207 4 16 4 16.0102302 0.0409207161 0
392 -8 64.0408163 4 16 4 16.0102041 0.0408163265 0
393 -8 64.0407125 4 16 4 16.0101781 0.0407124682 0
394 -8 64.0406091 4 16 4 16.0101523 0.0406091371 0
395 -8 64.0405063 4 16 4 16.0101266 0.0405063291 0
396 -8 64.040404 4 16 4 16.010101 0.0404040404 0
397 -8 64.0403023 4 16 4 16.0100756 0.040302267 0
398 -8 64.040201 4 16 4 16.0100503 0.040201005 0
399 -8 64.0401003 4 16 4 16.0100251 0.0401002506 0
400 -8 64.04 4 16 4 16.01 0.04 0
401 -8 64.0399002 4 16 4 16.0099751 0.0399002494 0
402 -8 64.039801 4 16 4 16.0099502 0.039800995 0
403 -8 64.0397022 4 16 4 16.0099256 0.0397022333 0
404 -8 64.039604 4 16 4 16.009901 0.0396039604 0
405 -8 64.0395062 4 16 4 16.0098765 0.0395061728 0
406 -8 64.0394089 4 16 4 16.0098522 0.039408867 0
407 -8 64.039312 4 16 4 16.009828 0.0393120393 0
408 -8 64.0392157 4 16 4 16.0098039 0.0392156863 0
409 -8 64.0391198 4 16 4 16.00978 0.0391198044 0
410 -8 64.0390244 4 16 4 16.0097561 0.0390243902 0
411 -8 64.0389294 4 16 4 16.0097324 0.0389294404 0
412 -8 64.038835 4 16 4 16.0097087 0.0388349515 0
413 -8 64.0387409 4 16 4 16.0096852 0.0387409201 0
414 -8 64.0386473 4 16 4 16.0096618 0.038647343 0
415 -8 64.0385542 4 16 4 16.0096386 0.0385542169 0
416 -8 64.0384615 4 16 4 16.0096154 0.0384615385 0
417 -8 64.0383693 4 16 4 16.0095923 0.0383693046 0
418 -8 64.0382775 4 16 4 16.0095694 0.038277512 0
419 -8 64.0381862 4 16 4 16.0095465 0.0381861575 0
420 -8 64.0380952 4 16 4 16.0095238 0.0380952381 0
421 -8 64.0380048 4 16 4 16.0095012 0.0380047506 0
422 -8 64.0379147 4 16 4 16.0094787 0.0379146919 0
423 -8 64.0378251 4 16 4 16.0094563 0.0378250591 0
424 -8 64.0377358 4 16 4 16.009434 0.0377358491 0
425 -8 64.0376471 4 16 4 16.0094118 0.0376470588 0
426 -8 64.0375587 4 16 4 16.0093897 0.0375586854 0
427 -8 64.0374707 4 16 4 16.0093677 0.037470726 0
428 -8 64.0373832 4 16 4 16.0093458 0.0373831776 0
429 -8 64.037296 4 16 4 16.009324 0.0372960373 0
430 -8 64.0372093 4 16 4 16.0093023 0.0372093023 0
431 -8 64.037123 4 16 4 16.0092807 0.0371229698 0
432 -8 64.037037 4 16 4 16.0092593 0.037037037 0
433 -8 64.0369515 4 16 4 16.0092379 0.0369515012 0
434 -8 64.0368664 4 16 4 16.0092166 0.0368663594 0
435 -8 64.0367816 4 16 4 16.0091954 0.0367816092 0
436 -8 64.0366972 4 16 4 16.0091743 0.0366972477 0
437 -8 64.0366133 4 16 4 16.0091533 0.0366132723 0
438 -8 64.0365297 4 16 4 16.0091324 0.0365296804 0
439 -8 64.0364465 4 16 4 16.0091116 0.0364464692 0
440 -8 64.0363636 4 16 4 16.0090909 0.0363636364 0
441 -8 64.0362812 4 16 4 16.0090703 0.0362811791 0
442 -8 64.0361991 4 16 4 16.0090498 0.036199095 0
443 -8 64.0361174 4 16 4 16.0090293 0.0361173815 0
444 -8 64.036036 4 16 4 16.009009 0.036036036 0
445 -8 64.0359551 4 16 4 16.0089888 0.0359550562 0
446 -8 64.0358744 4 16 4 16.0089686 0.0358744395 0
447 -8 64.0357942 4 16 4 16.0089485 0.0357941834 0
448 -8 64.0357143 4 16 4 16.0089286 0.0357142857 0
449 -8 64.0356347 4 16 4 16.0089087 0.0356347439 0
450 -8 64.0355556 4 16 4 16.0088889 0.0355555556 0
451 -8 64.0354767 4 16 4 16.0088692 0.0354767184 0
452 -8 64.0353982 4 16 4 16.0088496 0.0353982301 0
453 -8 64.0353201 4 16 4 16.00883 0.0353200883 0
454 -8 64.0352423 4 16 4 16.0088106 0.0352422907 0
455 -8 64.0351648 4 16 4 16.0087912 0.0351648352 0
456 -8 64.0350877 4 16 4 16.0087719 0.0350877193 0
457 -8 64.0350109 4 16 4 16.0087527 0.0350109409 0
458 -8 64.0349345 4 16 4 16.0087336 0.0349344978 0
459 -8 64.0348584 4 16 4 16.0087146 0.0348583878 0
460 -8 64.0347826 4 16 4 16.0086957 0.0347826087 0
461 -8 64.0347072 4 16 4 16.0086768 0.0347071584 0
462 -8 64.034632 4 16 4 16.008658 0.0346320346 0
463 -8 64.0345572 4 16 4 16.0086393 0.0345572354 0
464 -8 64.0344828 4 16 4 16.0086207 0.0344827586 0
465 -8 64.0344086 4 16 4 16.0086022 0.0344086022 0
466 -8 64.0343348 4 16 4 16.0085837 0.0343347639 0
467 -8 64.0342612 4 16 4 16.0085653 0.034261242 0
468 -8 64.034188 4 16 4 16.008547 0.0341880342 0
469 -8 64.0341151 4 16 4 16.0085288 0.0341151386 0
470 -8 64.0340426 4 16 4 16.0085106 0.0340425532 0
471 -8 64.0339703 4 16 4 16.0084926 0.033970276 0
472 -8 64.0338983 4 16 4 16.0084746 0.0338983051 0
473 -8 64.0338266 4 16 4 16.0084567 0.0338266385 0
474 -8 64.0337553 4 16 4 16.0084388 0.0337552743 0
475 -8 64.0336842 4 16 4 16.0084211 0.0336842105 0
476 -8 64.0336134 4 16 4 16.0084034 0.0336134454 0
477 -8 64.033543 4 16 4 16.0083857 0.0335429769 0
478 -8 64.0334728 4 16 4 16.0083682 0.0334728033 0
479 -8 64.0334029 4 16 4 16.0083507 0.0334029228 0
480 -8 64.0333333 4 16 4 16.0083333 0.0333333333 0
481 -8 64.033264 4 16 4 16.008316 0.0332640333 0
482 -8 64.033195 4 16 4 16.0082988 0.0331950207 0
483 -8 64.0331263 4 16 4 16.0082816 0.033126294 0
484 -8 64.0330579 4 16 4 16.0082645 0.0330578512 0
485 -8 64.0329897 4 16 4 16.0082474 0.0329896907 0
486 -8 64.0329218 4 16 4 16.0082305 0.0329218107 0
487 -8 64.0328542 4 16 4 16.0082136 0.0328542094 0
488 -8 64.0327869 4 16 4 16.0081967 0.0327868852 0
489 -8 64.0327198 4 16 4 16.00818 0.0327198364 0
490 -8 64.0326531 4 16 4 16.0081633 0.0326530612 0
491 -8 64.0325866 4 16 4 16.0081466 0.032586558 0
492 -8 64.0325203 4 16 4 16.0081301 0.0325203252 0
493 -8 64.0324544 4 16 4 16.0081136 0.0324543611 0
494 -8 64.0323887 4 16 4 16.0080972 0.032388664 0
495 -8 64.0323232 4 16 4 16.0080808 0.0323232323 0
496 -8 64.0322581 4 16 4 16.0080645 0.0322580645 0
497 -8 64.0321932 4 16 4 16.0080483 0.032193159 0
498 -8 64.0321285 4 16 4 16.0080321 0.0321285141 0
499 -8 64.0320641 4 16 4 16.008016 0.0320641283 0
500 -8 64.032 4 16 4 16.008 0.032 0
501 -8 64.0319361 4 16 4 16.007984 0.0319361277 0
502 -8 64.0318725 4 16 4 16.0079681 0.03187251 0
503 -8 64.0318091 4 16 4 16.0079523 0.0318091451 0
504 -8 64.031746 4 16 4 16.0079365 0.0317460317 0
505 -8 64.0316832 4 16 4 16.0079208 0.0316831683 0
506 -8 64.0316206 4 16 4 16.0079051 0.0316205534 0
507 -8 64.0315582 4 16 4 16.0078895 0.0315581854 0
508 -8 64.0314961 4 16 4 16.007874 0.031496063 0
509 -8 64.0314342 4 16 4 16.0078585 0.0314341847 0
510 -8 64.0313725 4 16 4 16.0078431 0.031372549 0
511 -8 64.0313112 4 16 4 16.0078278 0.0313111546 0
512 -8 64.03125 4 16 4 16.0078125 0.03125 0
513 -8 64.0311891 4 16 4 16.0077973 0.0311890838 0
514 -8 64.0311284 4 16 4 16.0077821 0.0311284047 0
515 -8 64.031068 4 16 4 16.007767 0.0310679612 0
516 -8 64.0310078 4 16 4 16.0077519 0.0310077519 0
517 -8 64.0309478 4 16 4 16.0077369 0.0309477756 0
518 -8 64.030888 4 16 4 16.007722 0.0308880309 0
519 -8 64.0308285 4 16 4 16.0077071 0.0308285164 0
520 -8 64.0307692 4 16 4 16.0076923 0.0307692308 0
521 -8 64.0307102 4 16 4 16.0076775 0.0307101727 0
522 -8 64.0306513 4 16 4 16.0076628 0.030651341 0
523 -8 64.0305927 4 16 4 16.0076482 0.0305927342 0
524 -8 64.0305344 4 16 4 16.0076336 0.0305343511 0
525 -8 64.0304762 4 16 4 16.007619 0.0304761905 0
526 -8 64.0304183 4 16 4 16.0076046 0.030418251 0
527 -8 64.0303605 4 16 4 16.0075901 0.0303605313 0
528 -8 64.030303 4 16 4 16.0075758 0.0303030303 0
529 -8 64.0302457 4 16 4 16.0075614 0.0302457467 0
530 -8 64.0301887 4 16 4 16.0075472 0.0301886792 0
531 -8 64.0301318 4 16 4 16.007533 0.0301318267 0
532 -8 64.0300752 4 16 4 16.0075188 0.030075188 0
533 -8 64.0300188 4 16 4 16.0075047 0.0300187617 0
534 -8 64.0299625 4 16 4 16.0074906 0.0299625468 0
535 -8 64.0299065 4 16 4 16.0074766 0.0299065421 0
536 -8 64.0298507 4 16 4 16.0074627 0.0298507463 0
537 -8 64.0297952 4 16 4 16.0074488 0.0297951583 0
538 -8 64.0297398 4 16 4 16.0074349 0.029739777 0
539 -8 64.0296846 4 16 4 16.0074212 0.0296846011 0
540 -8 64.0296296 4 16 4 16.0074074 0.0296296296 0
541 -8 64.0295749 4 16 4 16.0073937 0.0295748614 0
542 -8 64.0295203 4 16 4 16.0073801 0.0295202952 0
543 -8 64.0294659 4 16 4 16.0073665 0.02946593 0
544 -8 64.0294118 4 16 4 16.0073529 0.0294117647 0
545 -8 64.0293578 4 16 4 16.0073394 0.0293577982 0
546 -8 64.029304 4 16 4 16.007326 0.0293040293 0
547 -8 64.0292505 4 16 4 16.0073126 0.029250457 0
548 -8 64.0291971 4 16 4 16.0072993 0.0291970803 0
549 -8 64.0291439 4 16 4 16.007286 0.029143898 0
550 -8 64.0290909 4 16 4 16.0072727 0.0290909091 0
551 -8 64.0290381 4 16 4 16.0072595 0.0290381125 0
552 -8 64.0289855 4 16 4 16.0072464 0.0289855072 0
553 -8 64.0289331 4 16 4 16.0072333 0.0289330922 0
554 -8 64.0288809 4 16 4 16.0072202 0.0288808664 0
555 -8 64.0288288 4 16 4 16.0072072 0.0288288288 0
556 -8 64.028777 4 16 4 16.0071942 0.0287769784 0
557 -8 64.0287253 4 16 4 16.0071813 0.0287253142 0
558 -8 64.0286738 4 16 4 16.0071685 0.0286738351 0
559 -8 64.0286225 4 16 4 16.0071556 0.0286225403 0
560 -8 64.0285714 4 16 4 16.0071429 0.0285714286 0
561 -8 64.0285205 4 16 4 16.0071301 0.0285204991 0
562 -8 64.0284698 4 16 4 16.0071174 0.0284697509 0
563 -8 64.0284192 4 16 4 16.0071048 0.0284191829 0
564 -8 64.0283688 4 16 4 16.0070922 0.0283687943 0
565 -8 64.0283186 4 16 4 16.0070796 0.0283185841 0
566 -8 64.0282686 4 16 4 16.0070671 0.0282685512 0
567 -8 64.0282187 4 16 4 16.0070547 0.0282186949 0
568 -8 64.028169 4 16 4 16.0070423 0.0281690141 0
569 -8 64.0281195 4 16 4 16.0070299 0.0281195079 0
570 -8 64.0280702 4 16 4 16.0070175 0.0280701754 0
571 -8 64.028021 4 16 4 16.0070053 0.0280210158 0
572 -8 64.027972 4 16 4 16.006993 0.027972028 0
573 -8 64.0279232 4 16 4 16.0069808 0.0279232112 0
574 -8 64.0278746 4 16 4 16.0069686 0.0278745645 0
575 -8 64.0278261 4 16 4 16.0069565 0.027826087 0
576 -8 64.0277778 4 16 4 16.0069444 0.0277777778 0
577 -8 64.0277296 4 16 4 16.0069324 0.027729636 0
578 -8 64.0276817 4 16 4 16.0069204 0.0276816609 0
579 -8 64.0276339 4 16 4 16.0069085 0.0276338515 0
580 -8 64.0275862 4 16 4 16.0068966 0.0275862069 0
581 -8 64.0275387 4 16 4 16.0068847 0.0275387263 0
582 -8 64.0274914 4 16 4 16.0068729 0.0274914089 0
583 -8 64.0274443 4 16 4 16.0068611 0.0274442539 0
584 -8 64.0273973 4 16 4 16.0068493 0.0273972603 0
585 -8 64.0273504 4 16 4 16.0068376 0.0273504274 0
586 -8 64.0273038 4 16 4 16.0068259 0.0273037543 0
587 -8 64.0272572 4 16 4 16.0068143 0.0272572402 0
588 -8 64.0272109 4 16 4 16.0068027 0.0272108844 0
589 -8 64.0271647 4 16 4 16.0067912 0.0271646859 0
590 -8 64.0271186 4 16 4 16.0067797 0.0271186441 0
591 -8 64.0270728 4 16 4 16.0067682 0.027072758 0
592 -8 64.027027 4 16 4 16.0067568 0.027027027 0
593 -8 64.0269815 4 16 4 16.0067454 0.0269814503 0
594 -8 64.026936 4 16 4 16.006734 0.0269360269 0
595 -8 64.0268908 4 16 4 16.0067227 0.0268907563 0
596 -8 64.0268456 4 16 4 16.0067114 0.0268456376 0
597 -8 64.0268007 4 16 4 16.0067002 0.02680067 0
598 -8 64.0267559 4 16 4 16.006689 0.0267558528 0
599 -8 64.0267112 4 16 4 16.0066778 0.0267111853 0
600 -8 64.0266667 4 16 4 16.0066667 0.0266666667 0
601 -8 64.0266223 4 16 4 16.0066556 0.0266222962 0
602 -8 64.0265781 4 16 4 16.0066445 0.0265780731 0
603 -8 64.026534 4 16 4 16.0066335 0.0265339967 0
604 -8 64.0264901 4 16 4 16.0066225 0.0264900662 0
605 -8 64.0264463 4 16 4 16.0066116 0.026446281 0
606 -8 64.0264026 4 16 4 16.0066007 0.0264026403 0
607 -8 64.0263591 4 16 4 16.0065898 0.0263591433 0
608 -8 64.0263158 4 16 4 16.0065789 0.0263157895 0
609 -8 64.0262726 4 16 4 16.0065681 0.026272578 0
610 -8 64.0262295 4 16 4 16.0065574 0.0262295082 0
611 -8 64.0261866 4 16 4 16.0065466 0.0261865794 0
612 -8 64.0261438 4 16 4 16.0065359 0.0261437908 0
613 -8 64.0261011 4 16 4 16.0065253 0.0261011419 0
614 -8 64.0260586 4 16 4 16.0065147 0.0260586319 0
615 -8 64.0260163 4 16 4 16.0065041 0.0260162602 0
616 -8 64.025974 4 16 4 16.0064935 0.025974026 0
617 -8 64.0259319 4 16 4 16.006483 0.0259319287 0
618 -8 64.02589 4 16 4 16.0064725 0.0258899676 0
619 -8 64.0258481 4 16 4 16.006462 0.0258481422 0
620 -8 64.0258065 4 16 4 16.0064516 0.0258064516 0
621 -8 64.0257649 4 16 4 16.0064412 0.0257648953 0
622 -8 64.0257235 4 16 4 16.0064309 0.0257234727 0
623 -8 64.0256822 4 16 4 16.0064205 0.025682183 0
624 -8 64.025641 4 16 4 16.0064103 0.0256410256 0
625 -8 64.0256 4 16 4 16.0064 0.0256 0
626 -8 64.0255591 4 16 4 16.0063898 0.0255591054 0
627 -8 64.0255183 4 16 4 16.0063796 0.0255183413 0
628 -8 64.0254777 4 16 4 16.0063694 0.025477707 0
629 -8 64.0254372 4 16 4 16.0063593 0.0254372019 0
630 -8 64.0253968 4 16 4 16.0063492 0.0253968254 0
631 -8 64.0253566 4 16 4 16.0063391 0.0253565769 0
632 -8 64.0253165 4 16 4 16.0063291 0.0253164557 0
633 -8 64.0252765 4 16 4 16.0063191 0.0252764613 0
634 -8 64.0252366 4 16 4 16.0063091 0.0252365931 0
635 -8 64.0251969 4 16 4 16.0062992 0.0251968504 0
636 -8 64.0251572 4 16 4 16.0062893 0.0251572327 0
637 -8 64.0251177 4 16 4 16.0062794 0.0251177394 0
638 -8 64.0250784 4 16 4 16.0062696 0.0250783699 0
639 -8 64.0250391 4 16 4 16.0062598 0.0250391236 0
640 -8 64.025 4 16 4 16.00625 0.025 0
641 -8 64.024961 4 16 4 16.0062402 0.0249609984 0
642 -8 64.0249221 4 16 4 16.0062305 0.0249221184 0
643 -8 64.0248834 4 16 4 16.0062208 0.0248833593 0
644 -8 64.0248447 4 16 4 16.0062112 0.0248447205 0
645 -8 64.0248062 4 16 4 16.0062016 0.0248062016 0
646 -8 64.0247678 4 16 4 16.006192 0.0247678019 0
647 -8 64.0247295 4 16 4 16.0061824 0.0247295209 0
648 -8 64.0246914 4 16 4 16.0061728 0.024691358 0
649 -8 64.0246533 4 16 4 16.0061633 0.0246533128 0
650 -8 64.0246154 4 16 4 16.0061538 0.0246153846 0
651 -8 64.0245776 4 16 4 16.0061444 0.024577573 0
652 -8 64.0245399 4 16 4 16.006135 0.0245398773 0
653 -8 64.0245023 4 16 4 16.0061256 0.0245022971 0
654 -8 64.0244648 4 16 4 16.0061162 0.0244648318 0
655 -8 64.0244275 4 16 4 16.0061069 0.0244274809 0
656 -8 64.0243902 4 16 4 16.0060976 0.0243902439 0
657 -8 64.0243531 4 16 4 16.0060883 0.0243531202 0
658 -8 64.0243161 4 16 4 16.006079 0.0243161094 0
659 -8 64.0242792 4 16 4 16.0060698 0.0242792109 0
660 -8 64.0242424 4 16 4 16.0060606 0.0242424242 0
661 -8 64.0242057 4 16 4 16.0060514 0.0242057489 0
662 -8 64.0241692 4 16 4 16.0060423 0.0241691843 0
663 -8 64.0241327 4 16 4 16.0060332 0.02413273 0
664 -8 64.0240964 4 16 4 16.0060241 0.0240963855 0
665 -8 64.0240602 4 16 4 16.006015 0.0240601504 0
666 -8 64.024024 4 16 4 16.006006 0.024024024 0
667 -8 64.023988 4 16 4 16.005997 0.023988006 0
668 -8 64.0239521 4 16 4 16.005988 0.0239520958 0
669 -8 64.0239163 4 16 4 16.0059791 0.023916293 0
670 -8 64.0238806 4 16 4 16.0059701 0.023880597 0
671 -8 64.023845 4 16 4 16.0059613 0.0238450075 0
672 -8 64.0238095 4 16 4 16.0059524 0.0238095238 0
673 -8 64.0237741 4 16 4 16.0059435 0.0237741456 0
674 -8 64.0237389 4 16 4 16.0059347 0.0237388724 0
675 -8 64.0237037 4 16 4 16.0059259 0.0237037037 0
676 -8 64.0236686 4 16 4 16.0059172 0.0236686391 0
677 -8 64.0236337 4 16 4 16.0059084 0.023633678 0
678 -8 64.0235988 4 16 4 16.0058997 0.0235988201 0
679 -8 64.0235641 4 16 4 16.005891 0.0235640648 0
680 -8 64.0235294 4 16 4 16.0058824 0.0235294118 0
681 -8 64.0234949 4 16 4 16.0058737 0.0234948605 0
682 -8 64.0234604 4 16 4 16.0058651 0.0234604106 0
683 -8 64.0234261 4 16 4 16.0058565 0.0234260615 0
684 -8 64.0233918 4 16 4 16.005848 0.0233918129 0
685 -8 64.0233577 4 16 4 16.0058394 0.0233576642 0
686 -8 64.0233236 4 16 4 16.0058309 0.0233236152 0
687 -8 64.0232897 4 16 4 16.0058224 0.0232896652 0
688 -8 64.0232558 4 16 4 16.005814 0.023255814 0
689 -8 64.0232221 4 16 4 16.0058055 0.023222061 0
690 -8 64.0231884 4 16 4 16.0057971 0.0231884058 0
691 -8 64.0231548 4 16 4 16.0057887 0.023154848 0
692 -8 64.0231214 4 16 4 16.0057803 0.0231213873 0
693 -8 64.023088 4 16 4 16.005772 0.0230880231 0
694 -8 64.0230548 4 16 4 16.0057637 0.023054755 0
695 -8 64.0230216 4 16 4 16.0057554 0.0230215827 0
696 -8 64.0229885 4 16 4 16.0057471 0.0229885057 0
697 -8 64.0229555 4 16 4 16.0057389 0.0229555237 0
698 -8 64.0229226 4 16 4 16.0057307 0.0229226361 0
699 -8 64.0228898 4 16 4 16.0057225 0.0228898426 0
700 -8 64.0228571 4 16 4 16.0057143 0.0228571429 0
701 -8 64.0228245 4 16 4 16.0057061 0.0228245364 0
702 -8 64.022792 4 16 4 16.005698 0.0227920228 0
703 -8 64.0227596 4 16 4 16.0056899 0.0227596017 0
704 -8 64.0227273 4 16 4 16.0056818 0.0227272727 0
705 -8 64.022695 4 16 4 16.0056738 0.0226950355 0
706 -8 64.0226629 4 16 4 16.0056657 0.0226628895 0
707 -8 64.0226308 4 16 4 16.0056577 0.0226308345 0
708 -8 64.0225989 4 16 4 16.0056497 0.0225988701 0
709 -8 64.022567 4 16 4 16.0056417 0.0225669958 0
710 -8 64.0225352 4 16 4 16.0056338 0.0225352113 0
711 -8 64.0225035 4 16 4 16.0056259 0.0225035162 0
712 -8 64.0224719 4 16 4 16.005618 0.0224719101 0
713 -8 64.0224404 4 16 4 16.0056101 0.0224403927 0
714 -8 64.022409 4 16 4 16.0056022 0.0224089636 0
715 -8 64.0223776 4 16 4 16.0055944 0.0223776224 0
716 -8 64.0223464 4 16 4 16.0055866 0.0223463687 0
717 -8 64.0223152 4 16 4 16.0055788 0.0223152022 0
718 -8 64.0222841 4 16 4 16.005571 0.0222841226 0
719 -8 64.0222531 4 16 4 16.0055633 0.0222531293 0
720 -8 64.0222222 4 16 4 16.0055556 0.0222222222 0
721 -8 64.0221914 4 16 4 16.0055479 0.0221914008 0
722 -8 64.0221607 4 16 4 16.0055402 0.0221606648 0
723 -8 64.02213 4 16 4 16.0055325 0.0221300138 0
724 -8 64.0220994 4 16 4 16.0055249 0.0220994475 0
725 -8 64.022069 4 16 4 16.0055172 0.0220689655 0
726 -8 64.0220386 4 16 4 16.0055096 0.0220385675 0
727 -8 64.0220083 4 16 4 16.0055021 0.0220082531 0
728 -8 64.021978 4 16 4 16.0054945 0.021978022 0
729 -8 64.0219479 4 16 4 16.005487 0.0219478738 0
730 -8 64.0219178 4 16 4 16.0054795 0.0219178082 0
731 -8 64.0218878 4 16 4 16.005472 0.0218878249 0
732 -8 64.0218579 4 16 4 16.0054645 0.0218579235 0
733 -8 64.0218281 4 16 4 16.005457 0.0218281037 0
734 -8 64.0217984 4 16 4 16.0054496 0.0217983651 0
735 -8 64.0217687 4 16 4 16.0054422 0.0217687075 0
736 -8 64.0217391 4 16 4 16.0054348 0.0217391304 0
737 -8 64.0217096 4 16 4 16.0054274 0.0217096336 0
738 -8 64.0216802 4 16 4 16.0054201 0.0216802168 0
739 -8 64.0216509 4 16 4 16.0054127 0.0216508796 0
740 -8 64.0216216 4 16 4 16.0054054 0.0216216216 0
741 -8 64.0215924 4 16 4 16.0053981 0.0215924426 0
742 -8 64.0215633 4 16 4 16.0053908 0.0215633423 0
743 -8 64.0215343 4 16 4 16.0053836 0.0215343203 0
744 -8 64.0215054 4 16 4 16.0053763 0.0215053763 0
745 -8 64.0214765 4 16 4 16.0053691 0.0214765101 0
746 -8 64.0214477 4 16 4 16.0053619 0.0214477212 0
747 -8 64.021419 4 16 4 16.0053548 0.0214190094 0
748 -8 64.0213904 4 16 4 16.0053476 0.0213903743 0
749 -8 64.0213618 4 16 4 16.0053405 0.0213618158 0
750 -8 64.0213333 4 16 4 16.0053333 0.0213333333 0
751 -8 64.0213049 4 16 4 16.0053262 0.0213049268 0
752 -8 64.0212766 4 16 4 16.0053191 0.0212765957 0
753 -8 64.0212483 4 16 4 16.0053121 0.02124834 0
754 -8 64.0212202 4 16 4 16.005305 0.0212201592 0
755 -8 64.0211921 4 16 4 16.005298 0.021192053 0
756 -8 64.021164 4 16 4 16.005291 0.0211640212 0
757 -8 64.0211361 4 16 4 16.005284 0.0211360634 0
758 -8 64.0211082 4 16 4 16.005277 0.0211081794 0
759 -8 64.0210804 4 16 4 16.0052701 0.0210803689 0
760 -8 64.0210526 4 16 4 16.0052632 0.0210526316 0
761 -8 64.021025 4 16 4 16.0052562 0.0210249671 0
762 -8 64.0209974 4 16 4 16.0052493 0.0209973753 0
763 -8 64.0209699 4 16 4 16.0052425 0.0209698558 0
764 -8 64.0209424 4 16 4 16.0052356 0.0209424084 0
765 -8 64.020915 4 16 4 16.0052288 0.0209150327 0
766 -8 64.0208877 4 16 4 16.0052219 0.0208877285 0
767 -8 64.0208605 4 16 4 16.0052151 0.0208604954 0
768 -8 64.0208333 4 16 4 16.0052083 0.0208333333 0
769 -8 64.0208062 4 16 4 16.0052016 0.0208062419 0
770 -8 64.0207792 4 16 4 16.0051948 0.0207792208 0
771 -8 64.0207523 4 16 4 16.0051881 0.0207522698 0
772 -8 64.0207254 4 16 4 16.0051813 0.0207253886 0
773 -8 64.0206986 4 16 4 16.0051746 0.020698577 0
774 -8 64.0206718 4 16 4 16.005168 0.0206718346 0
775 -8 64.0206452 4 16 4 16.0051613 0.0206451613 0
776 -8 64.0206186 4 16 4 16.0051546 0.0206185567 0
777 -8 64.020592 4 16 4 16.005148 0.0205920206 0
778 -8 64.0205656 4 16 4 16.0051414 0.0205655527 0
779 -8 64.0205392 4 16 4 16.0051348 0.0205391528 0
780 -8 64.0205128 4 16 4 16.0051282 0.0205128205 0
781 -8 64.0204866 4 16 4 16.0051216 0.0204865557 0
782 -8 64.0204604 4 16 4 16.0051151 0.0204603581 0
783 -8 64.0204342 4 16 4 16.0051086 0.0204342273 0
784 -8 64.0204082 4 16 4 16.005102 0.0204081633 0
785 -8 64.0203822 4 16 4 16.0050955 0.0203821656 0
786 -8 64.0203562 4 16 4 16.0050891 0.0203562341 0
787 -8 64.0203304 4 16 4 16.0050826 0.0203303685 0
788 -8 64.0203046 4 16 4 16.0050761 0.0203045685 0
789 -8 64.0202788 4 16 4 16.0050697 0.020278834 0
790 -8 64.0202532 4 16 4 16.0050633 0.0202531646 0
791 -8 64.0202276 4 16 4 16.0050569 0.0202275601 0
792 -8 64.020202 4 16 4 16.0050505 0.0202020202 0
793 -8 64.0201765 4 16 4 16.0050441 0.0201765448 0
794 -8 64.0201511 4 16 4 16.0050378 0.0201511335 0
795 -8 64.0201258 4 16 4 16.0050314 0.0201257862 0
796 -8 64.0201005 4 16 4 16.0050251 0.0201005025 0
797 -8 64.0200753 4 16 4 16.0050188 0.0200752823 0
798 -8 64.0200501 4 16 4 16.0050125 0.0200501253 0
799 -8 64.020025 4 16 4 16.0050063 0.0200250313 0
800 -8 64.02 4 16 4 16.005 0.02 0
801 -8 64.019975 4 16 4 16.0049938 0.0199750312 0
802 -8 64.0199501 4 16 4 16.0049875 0.0199501247 0
803 -8 64.0199253 4 16 4 16.0049813 0.0199252802 0
804 -8 64.0199005 4 16 4 16.0049751 0.0199004975 0
805 -8 64.0198758 4 16 4 16.0049689 0.0198757764 0
806 -8 64.0198511 4 16 4 16.0049628 0.0198511166 0
807 -8 64.0198265 4 16 4 16.0049566 0.019826518 0
808 -8 64.019802 4 16 4 16.0049505 0.0198019802 0
809 -8 64.0197775 4 16 4 16.0049444 0.0197775031 0
810 -8 64.0197531 4 16 4 16.0049383 0.0197530864 0
811 -8 64.0197287 4 16 4 16.0049322 0.01972873 0
812 -8 64.0197044 4 16 4 16.0049261 0.0197044335 0
813 -8 64.0196802 4 16 4 16.00492 0.0196801968 0
814 -8 64.019656 4 16 4 16.004914 0.0196560197 0
815 -8 64.0196319 4 16 4 16.004908 0.0196319018 0
816 -8 64.0196078 4 16 4 16.004902 0.0196078431 0
817 -8 64.0195838 4 16 4 16.004896 0.0195838433 0
818 -8 64.0195599 4 16 4 16.00489 0.0195599022 0
819 -8 64.019536 4 16 4 16.004884 0.0195360195 0
820 -8 64.0195122 4 16 4 16.004878 0.0195121951 0
821 -8 64.0194884 4 16 4 16.0048721 0.0194884287 0
822 -8 64.0194647 4 16 4 16.0048662 0.0194647202 0
823 -8 64.0194411 4 16 4 16.0048603 0.0194410693 0
824 -8 64.0194175 4 16 4 16.0048544 0.0194174757 0
825 -8 64.0193939 4 16 4 16.0048485 0.0193939394 0
826 -8 64.0193705 4 16 4 16.0048426 0.01937046 0
827 -8 64.019347 4 16 4 16.0048368 0.0193470375 0
828 -8 64.0193237 4 16 4 16.0048309 0.0193236715 0
829 -8 64.0193004 4 16 4 16.0048251 0.0193003619 0
830 -8 64.0192771 4 16 4 16.0048193 0.0192771084 0
831 -8 64.0192539 4 16 4 16.0048135 0.019253911 0
832 -8 64.0192308 4 16 4 16.0048077 0.0192307692 0
833 -8 64.0192077 4 16 4 16.0048019 0.0192076831 0
834 -8 64.0191847 4 16 4 16.0047962 0.0191846523 0
835 -8 64.0191617 4 16 4 16.0047904 0.0191616766 0
836 -8 64.0191388 4 16 4 16.0047847 0.019138756 0
837 -8 64.0191159 4 16 4 16.004779 0.0191158901 0
838 -8 64.0190931 4 16 4 16.0047733 0.0190930788 0
839 -8 64.0190703 4 16 4 16.0047676 0.0190703218 0
840 -8 64.0190476 4 16 4 16.0047619 0.019047619 0
841 -8 64.019025 4 16 4 16.0047562 0.0190249703 0
842 -8 64.0190024 4 16 4 16.0047506 0.0190023753 0
843 -8 64.0189798 4 16 4 16.004745 0.0189798339 0
844 -8 64.0189573 4 16 4 16.0047393 0.018957346 0
845 -8 64.0189349 4 16 4 16.0047337 0.0189349112 0
846 -8 64.0189125 4 16 4 16.0047281 0.0189125296 0
847 -8 64.0188902 4 16 4 16.0047226 0.0188902007 0
848 -8 64.0188679 4 16 4 16.004717 0.0188679245 0
849 -8 64.0188457 4 16 4 16.0047114 0.0188457008 0
850 -8 64.0188235 4 16 4 16.0047059 0.0188235294 0
851 -8 64.0188014 4 16 4 16.0047004 0.0188014101 0
852 -8 64.0187793 4 16 4 16.0046948 0.0187793427 0
853 -8 64.0187573 4 16 4 16.0046893 0.0187573271 0
854 -8 64.0187354 4 16 4 16.0046838 0.018735363 0
855 -8 64.0187135 4 16 4 16.0046784 0.0187134503 0
856 -8 64.0186916 4 16 4 16.0046729 0.0186915888 0
857 -8 64.0186698 4 16 4 16.0046674 0.0186697783 0
858 -8 64.018648 4 16 4 16.004662 0.0186480186 0
859 -8 64.0186263 4 16 4 16.0046566 0.0186263097 0
860 -8 64.0186047 4 16 4 16.0046512 0.0186046512 0
861 -8 64.018583 4 16 4 16.0046458 0.018583043 0
862 -8 64.0185615 4 16 4 16.0046404 0.0185614849 0
863 -8 64.01854 4 16 4 16.004635 0.0185399768 0
864 -8 64.0185185 4 16 4 16.0046296 0.0185185185 0
865 -8 64.0184971 4 16 4 16.0046243 0.0184971098 0
866 -8 64.0184758 4 16 4 16.0046189 0.0184757506 0
867 -8 64.0184544 4 16 4 16.0046136 0.0184544406 0
868 -8 64.0184332 4 16 4 16.0046083 0.0184331797 0
869 -8 64.018412 4 16 4 16.004603 0.0184119678 0
870 -8 64.0183908 4 16 4 16.0045977 0.0183908046 0
871 -8 64.0183697 4 16 4 16.0045924 0.01836969 0
872 -8 64.0183486 4 16 4 16.0045872 0.0183486239 0
873 -8 64.0183276 4 16 4 16.0045819 0.018327606 0
874 -8 64.0183066 4 16 4 16.0045767 0.0183066362 0
875 -8 64.0182857 4 16 4 16.0045714 0.0182857143 0
876 -8 64.0182648 4 16 4 16.0045662 0.0182648402 0
877 -8 64.018244 4 16 4 16.004561 0.0182440137 0
878 -8 64.0182232 4 16 4 16.0045558 0.0182232346 0
879 -8 64.0182025 4 16 4 16.0045506 0.0182025028 0
880 -8 64.0181818 4 16 4 16.0045455 0.0181818182 0
881 -8 64.0181612 4 16 4 16.0045403 0.0181611805 0
882 -8 64.0181406 4 16 4 16.0045351 0.0181405896 0
883 -8 64.01812 4 16 4 16.00453 0.0181200453 0
884 -8 64.0180995 4 16 4 16.0045249 0.0180995475 0
885 -8 64.0180791 4 16 4 16.0045198 0.018079096 0
886 -8 64.0180587 4 16 4 16.0045147 0.0180586907 0
887 -8 64.0180383 4 16 4 16.0045096 0.0180383315 0
888 -8 64.018018 4 16 4 16.0045045 0.018018018 0
889 -8 64.0179978 4 16 4 16.0044994 0.0179977503 0
890 -8 64.0179775 4 16 4 16.0044944 0.0179775281 0
891 -8 64.0179574 4 16 4 16.0044893 0.0179573513 0
892 -8 64.0179372 4 16 4 16.0044843 0.0179372197 0
893 -8 64.0179171 4 16 4 16.0044793 0.0179171333 0
894 -8 64.0178971 4 16 4 16.0044743 0.0178970917 0
895 -8 64.0178771 4 16 4 16.0044693 0.017877095 0
896 -8 64.0178571 4 16 4 16.0044643 0.0178571429 0
897 -8 64.0178372 4 16 4 16.0044593 0.0178372352 0
898 -8 64.0178174 4 16 4 16.0044543 0.0178173719 0
899 -8 64.0177976 4 16 4 16.0044494 0.0177975528 0
900 -8 64.0177778 4 16 4 16.0044444 0.0177777778 0
901 -8 64.017758 4 16 4 16.0044395 0.0177580466 0
902 -8 64.0177384 4 16 4 16.0044346 0.0177383592 0
903 -8 64.0177187 4 16 4 16.0044297 0.0177187154 0
904 -8 64.0176991 4 16 4 16.0044248 0.017699115 0
905 -8 64.0176796 4 16 4 16.0044199 0.017679558 0
906 -8 64.01766 4 16 4 16.004415 0.0176600442 0
907 -8 64.0176406 4 16 4 16.0044101 0.0176405733 0
908 -8 64.0176211 4 16 4 16.0044053 0.0176211454 0
909 -8 64.0176018 4 16 4 16.0044004 0.0176017602 0
910 -8 64.0175824 4 16 4 16.0043956 0.0175824176 0
911 -8 64.0175631 4 16 4 16.0043908 0.0175631175 0
912 -8 64.0175439 4 16 4 16.004386 0.0175438596 0
913 -8 64.0175246 4 16 4 16.0043812 0.017524644 0
914 -8 64.0175055 4 16 4 16.0043764 0.0175054705 0
915 -8 64.0174863 4 16 4 16.0043716 0.0174863388 0
916 -8 64.0174672 4 16 4 16.0043668 0.0174672489 0
917 -8 64.0174482 4 16 4 16.0043621 0.0174482007 0
918 -8 64.0174292 4 16 4 16.0043573 0.0174291939 0
919 -8 64.0174102 4 16 4 16.0043526 0.0174102285 0
920 -8 64.0173913 4 16 4 16.0043478 0.0173913043 0
921 -8 64.0173724 4 16 4 16.0043431 0.0173724213 0
922 -8 64.0173536 4 16 4 16.0043384 0.0173535792 0
923 -8 64.0173348 4 16 4 16.0043337 0.0173347779 0
924 -8 64.017316 4 16 4 16.004329 0.0173160173 0
925 -8 64.0172973 4 16 4 16.0043243 0.0172972973 0
926 -8 64.0172786 4 16 4 16.0043197 0.0172786177 0
927 -8 64.01726 4 16 4 16.004315 0.0172599784 0
928 -8 64.0172414 4 16 4 16.0043103 0.0172413793 0
929 -8 64.0172228 4 16 4 16.0043057 0.0172228202 0
930 -7.99784946 64 3.99946237 15.9967742 3.99946237 16.0010753 0.0344039773 0.00107497977
931 -7.99785177 64 3.99946294 15.9967777 3.99946294 16.0010741 0.0343670285 0.00107382543
932 -7.99785408 64 3.99946352 15.9967811 3.99946352 16.001073 0.034330159 0.00107267356
933 -7.99785638 64 3.99946409 15.9967846 3.99946409 16.0010718 0.0342933684 0.00107152417
934 -7.99785867 64 3.99946467 15.996788 3.99946467 16.0010707 0.0342566567 0.00107037723
935 -7.99786096 64 3.99946524 15.9967914 3.99946524 16.0010695 0.0342200234 0.00106923275
936 -7.99786325 64 3.99946581 15.9967949 3.99946581 16.0010684 0.0341834685 0.00106809071
937 -7.99786553 64 3.99946638 15.9967983 3.99946638 16.0010672 0.0341469915 0.00106695111
938 -7.9978678 64 3.99946695 15.9968017 3.99946695 16.0010661 0.0341105923 0.00106581394
939 -7.99787007 64 3.99946752 15.9968051 3.99946752 16.001065 0.0340742707 0.00106467919
940 -7.99787234 64 3.99946809 15.9968085 3.99946809 16.0010638 0.0340380263 0.00106354685
941 -7.9978746 64 3.99946865 15.9968119 3.99946865 16.0010627 0.0340018589 0.00106241692
942 -7.99787686 64 3.99946921 15.9968153 3.99946921 16.0010616 0.0339657683 0.00106128939
943 -7.99787911 64 3.99946978 15.9968187 3.99946978 16.0010604 0.0339297542 0.00106016425
944 -7.99788136 64 3.99947034 15.996822 3.99947034 16.0010593 0.0338938164 0.00105904149
945 -7.9978836 64 3.9994709 15.9968254 3.9994709 16.0010582 0.0338579547 0.00105792111
946 -7.99788584 64 3.99947146 15.9968288 3.99947146 16.0010571 0.0338221688 0.0010568031
947 -7.99788807 64 3.99947202 15.9968321 3.99947202 16.001056 0.0337864584 0.00105568744
948 -7.9978903 64 3.99947257 15.9968354 3.99947257 16.0010549 0.0337508234 0.00105457414
949 -7.99789252 64 3.99947313 15.9968388 3.99947313 16.0010537 0.0337152635 0.00105346319
950 -7.99789474 64 3.99947368 15.9968421 3.99947368 16.0010526 0.0336797784 0.00105235457
951 -7.99789695 64 3.99947424 15.9968454 3.99947424 16.0010515 0.0336443679 0.00105124828
952 -7.99789916 64 3.99947479 15.9968487 3.99947479 16.0010504 0.0336090318 0.00105014432
953 -7.99790136 64 3.99947534 15.996852 3.99947534 16.0010493 0.0335737699 0.00104904268
954 -7.99790356 64 3.99947589 15.9968553 3.99947589 16.0010482 0.0335385819 0.00104794334
955 -7.99790576 64 3.99947644 15.9968586 3.99947644 16.0010471 0.0335034676 0.0010468463
956 -7.99790795 64 3.99947699 15.9968619 3.99947699 16.001046 0.0334684267 0.00104575156
957 -7.99791014 64 3.99947753 15.9968652 3.99947753 16.0010449 0.033433459 0.00104465911
958 -7.99791232 64 3.99947808 15.9968685 3.99947808 16.0010438 0.0333985643 0.00104356893
959 -7.99791449 64 3.99947862 15.9968717 3.99947862 16.0010428 0.0333637424 0.00104248103
960 -7.99791667 64 3.99947917 15.996875 3.99947917 16.0010417 0.0333289931 0.0010413954
961 -7.99791883 64 3.99947971 15.9968783 3.99947971 16.0010406 0.033294316 0.00104031202
962 -7.997921 64 3.99948025 15.9968815 3.99948025 16.0010395 0.033259711 0.0010392309
963 -7.99792316 64 3.99948079 15.9968847 3.99948079 16.0010384 0.0332251779 0.00103815202
964 -7.99792531 64 3.99948133 15.996888 3.99948133 16.0010373 0.0331907164 0.00103707538
965 -7.99792746 64 3.99948187 15.9968912 3.99948187 16.0010363 0.0331563263 0.00103600097
966 -7.99792961 64 3.9994824 15.9968944 3.9994824 16.0010352 0.0331220075 0.00103492878
967 -7.99793175 64 3.99948294 15.9968976 3.99948294 16.0010341 0.0330877596 0.00103385881
968 -7.99793388 64 3.99948347 15.9969008 3.99948347 16.0010331 0.0330535824 0.00103279105
969 -7.99793602 64 3.999484 15.996904 3.999484 16.001032 0.0330194758 0.00103172549
970 -7.99793814 64 3.99948454 15.9969072 3.99948454 16.0010309 0.0329854395 0.00103066213
971 -7.99794027 64 3.99948507 15.9969104 3.99948507 16.0010299 0.0329514733 0.00102960096
972 -7.99794239 64 3.9994856 15.9969136 3.9994856 16.0010288 0.0329175769 0.00102854197
973 -7.9979445 64 3.99948613 15.9969168 3.99948613 16.0010277 0.0328837503 0.00102748516
974 -7.99794661 64 3.99948665 15.9969199 3.99948665 16.0010267 0.032849993 0.00102643052
975 -7.99794872 64 3.99948718 15.9969231 3.99948718 16.0010256 0.0328163051 0.00102537804
976 -7.99795082 64 3.9994877 15.9969262 3.9994877 16.0010246 0.0327826861 0.00102432772
977 -7.99795292 64 3.99948823 15.9969294 3.99948823 16.0010235 0.032749136 0.00102327954
978 -7.99795501 64 3.99948875 15.9969325 3.99948875 16.0010225 0.0327156544 0.00102223351
979 -7.9979571 64 3.99948927 15.9969356 3.99948927 16.0010215 0.0326822413 0.00102118962
980 -7.99795918 64 3.9994898 15.9969388 3.9994898 16.0010204 0.0326488963 0.00102014786
981 -7.99796126 64 3.99949032 15.9969419 3.99949032 16.0010194 0.0326156193 0.00101910821
982 -7.99796334 64 3.99949084 15.996945 3.99949084 16.0010183 0.0325824101 0.00101807069
983 -7.99796541 64 3.99949135 15.9969481 3.99949135 16.0010173 0.0325492684 0.00101703528
984 -7.99796748 64 3.99949187 15.9969512 3.99949187 16.0010163 0.0325161941 0.00101600197
985 -7.99796954 64 3.99949239 15.9969543 3.99949239 16.0010152 0.0324831869 0.00101497075
986 -7.9979716 64 3.9994929 15.9969574 3.9994929 16.0010142 0.0324502467 0.00101394163
987 -7.99797366 64 3.99949341 15.9969605 3.99949341 16.0010132 0.0324173732 0.0010129146
988 -7.99797571 64 3.99949393 15.9969636 3.99949393 16.0010121 0.0323845662 0.00101188964
989 -7.99797776 64 3.99949444 15.9969666 3.99949444 16.0010111 0.0323518256 0.00101086675
990 -7.9979798 64 3.99949495 15.9969697 3.99949495 16.0010101 0.0323191511 0.00100984593
991 -7.99798184 64 3.99949546 15.9969728 3.99949546 16.0010091 0.0322865426 0.00100882717
992 -7.99798387 64 3.99949597 15.9969758 3.99949597 16.0010081 0.0322539997 0.00100781047
993 -7.9979859 64 3.99949648 15.9969789 3.99949648 16.001007 0.0322215225 0.00100679581
994 -7.99798793 64 3.99949698 15.9969819 3.99949698 16.001006 0.0321891105 0.00100578319
995 -7.99798995 64 3.99949749 15.9969849 3.99949749 16.001005 0.0321567637 0.00100477261
996 -7.99799197 64 3.99949799 15.996988 3.99949799 16.001004 0.0321244819 0.00100376405
997 -7.99799398 64 3.9994985 15.996991 3.9994985 16.001003 0.0320922648 0.00100275752
998 -7.99799599 64 3.999499 15.996994 3.999499 16.001002 0.0320601122 0.00100175301
999 -7.997998 64 3.9994995 15.996997 3.9994995 16.001001 0.032028024 0.0010007505
1000 -7.998 64 3.9995 15.997 3.9995 16.001 0.031996 0.00099975
