1000 0.00101098806 0.00201277554 0.000840392762 0.00121939468 0.00192728237 0.00306498495 0.996746804
10900 0.00138832747 0.00129662445 0.000955590521 0.000878769102 0.00108004565 0.73289944 0.246925491
20800 0.000395684034 0.000347735325 0.986530688 3.94314864 3.94174632 0.219933569 0.000594321175
30700 1.06082538e-05 2.18055309e-05 0.000101618329 0.000338998444 7.8095518e-05 0.0213914448 0.137438054
40600 0.000186671949 0.000211126954 4.62257117e-05 0.00040992067 0.000141040866 0.0803817835 0.0737296503
50500 0.000149759671 0.00013014287 0.611593999 2.4427372 2.44174683 0.0839905638 0.152879816
60400 0.00024318715 0.00022682255 0.00013442271 0.000104619135 0.000172258874 0.128667069 0.0019117419
70300 3.1780479e-05 4.58087838e-05 1.16627961 4.66302749 4.66138003 0.00877246546 0.0266740454
80200 0.000101430127 0.000113698959 4.25661541e-05 0.000365470621 8.44217526e-05 0.044179171 0.0426071558
90100 0.000144496407 0.000133600327 0.00015372442 0.000144305506 0.000138050811 0.0770418204 0.0291791941
100000 4.90555822e-05 5.88506286e-05 7.33731262e-07 0.00031762089 3.41130942e-05 0.0194436448 0.00274783404
