1 1 1 0.00134106329 0.499014564 0.248742353 1 0.749580784
2 1 1 0.00134106329 0.499014564 0.373951961 1 0.749580784
3 1 1 0.168231241 0.415516991 0.332215425 1 0.756536874
4 1 1 0.126508696 0.436391384 0.373951961 1 0.753493584
5 0.398792199 0.398792335 0.602145701 0.10216796 0.151928393 0.319087338 0.539228643
6 0.169015168 0.169014905 1.00268213 0.586453882 0.627724903 0.103330702 0.415688496
7 0.574591859 0.574591504 1.28877957 0.932372398 0.967579553 0.273816204 0.376507259
8 0.878774377 0.878773954 1.50335266 1.19181128 1.22247054 0.329907542 0.373951961
9 1.11536078 1.1153603 1.67024284 1.39359709 1.42071909 0.331002116 0.387864139
10 1.3046299 1.30462938 1.80375498 1.55502573 1.57931792 0.305082601 0.409010651
11 1.45948646 1.4594859 1.91299218 1.6871037 1.70908061 0.266159908 0.432934999
12 1.58853359 1.588533 2.00402319 1.79716869 1.81721618 0.221544705 0.457425032
13 1.69772731 1.6977267 2.08104943 1.89030059 1.90871551 0.175145126 0.481380322
14 1.79132193 1.7913213 2.14707191 1.97012794 1.9871435 0.129064362 0.504272165
15 1.87243727 1.87243662 2.2042914 2.03931165 2.05511443 0.0844164611 0.525872951
16 1.94341319 1.94341253 2.25435846 2.09984739 2.114589 0.0417609081 0.546115171
17 2.006039 2.00603833 2.29853527 2.15326128 2.16706655 0.00134214945 0.565015757
18 2.06170639 2.0617057 2.33780354 2.20074029 2.21371327 0.0367747842 0.58263464
19 2.11151406 2.11151336 2.37293832 2.24322151 2.25544981 0.0726258764 0.599051782
20 2.15634095 2.15634024 2.40455962 2.28145461 2.29301269 0.106302132 0.614354408
21 2.19689862 2.1968979 2.43316936 2.31604646 2.32699815 0.137922367 0.628630007
22 2.23376923 2.2337685 2.45917822 2.3474936 2.35789403 0.167617098 0.641962609
23 2.2674337 2.26743296 2.48292544 2.3762062 2.38610331 0.195519067 0.65443095
24 2.2982928 2.29829205 2.50469372 2.40252609 2.41196182 0.221757809 0.666107712
25 2.32668316 2.32668241 2.52472054 2.42674039 2.43575164 0.246456654 0.677059379
26 2.35288966 2.3528889 2.54320684 2.44909204 2.45771148 0.269731243 0.687346423
27 2.37715493 2.37715417 2.56032378 2.46978802 2.47804466 0.291688932 0.697023665
28 2.39968697 2.3996862 2.57621808 2.48900572 2.49692548 0.312428754 0.706140716
29 2.42066507 2.4206643 2.59101623 2.50689805 2.51450417 0.332041682 0.714742439
30 2.44024464 2.44024386 2.60482783 2.52359757 2.53091094 0.350611073 0.722869401
31 2.458561 2.45856023 2.61774836 2.5392197 2.54625922 0.368213191 0.730558305
32 2.4757326 2.47573182 2.62986135 2.55386544 2.56064822 0.384917762 0.737842383
33 2.49186349 2.4918627 2.64124023 2.56762356 2.57416517 0.400788521 0.744751764
34 2.5070455 2.50704471 2.65194976 2.58057238 2.586887 0.415883746 0.751313789
35 2.52135998 2.52135918 2.66204732 2.59278127 2.59888187 0.430256753 0.757553314
36 2.5348792 2.5348784 2.6715839 2.60431189 2.61021036 0.443956353 0.763492963
37 2.54766765 2.54766685 2.68060499 2.61521923 2.6209265 0.457027279 0.76915336
38 2.55978303 2.55978223 2.68915129 2.6255525 2.63107863 0.469510565 0.774553338
39 2.57127711 2.5712763 2.69725931 2.63535586 2.64071014 0.481443897 0.779710118
40 2.58219648 2.58219567 2.70496193 2.64466905 2.64986007 0.492861924 0.784639474
41 2.5925832 2.59258239 2.71228882 2.65352794 2.65856366 0.503796543 0.789355877
42 2.60247531 2.6024745 2.71926681 2.66196498 2.6668528 0.514277155 0.793872618
43 2.61190733 2.61190652 2.72592024 2.67000959 2.6747564 0.524330888 0.79820193
44 2.62091062 2.6209098 2.73227124 2.67768854 2.68230074 0.533982812 0.802355082
45 2.62951376 2.62951294 2.73833997 2.68502621 2.68950978 0.543256116 0.806342473
46 2.63774285 2.63774203 2.74414485 2.69204485 2.69640538 0.552172281 0.810173714
47 2.64562177 2.64562095 2.74970271 2.69876482 2.70300755 0.560751226 0.813857695
48 2.6531724 2.65317158 2.75502899 2.70520479 2.70933463 0.569011445 0.817402655
49 2.66041484 2.66041402 2.76013787 2.71138191 2.71540347 0.576970129 0.820816238
50 2.66736758 2.66736676 2.7650424 2.71731194 2.72122955 0.584643276 0.824105543
51 2.67404767 2.67404684 2.76975459 2.72300942 2.72682715 0.592045791 0.827277173
52 2.68047083 2.68047 2.77428555 2.72848777 2.73220947 0.599191573 0.830337277
53 2.68665161 2.68665078 2.77864552 2.73375938 2.73738867 0.606093601 0.833291586
54 2.69260347 2.69260264 2.78284402 2.73883576 2.74237606 0.612764004 0.836145451
55 2.69833889 2.69833806 2.78688984 2.74372753 2.74718208 0.619214131 0.83890387
56 2.70386949 2.70386865 2.79079117 2.7484446 2.75181647 0.625454611 0.841571517
57 2.70920602 2.70920519 2.79455561 2.75299616 2.75628824 0.631495405 0.844152769
58 2.71435854 2.7143577 2.79819024 2.75739077 2.76060581 0.637345862 0.846651729
59 2.71933639 2.71933556 2.80170166 2.76163641 2.76477702 0.643014764 0.849072245
60 2.72414832 2.72414748 2.80509604 2.76574053 2.7688092 0.648510362 0.851417932
61 2.72880248 2.72880164 2.80837913 2.76971009 2.77270917 0.653840423 0.853692186
62 2.7333065 2.73330566 2.81155631 2.77355159 2.77648333 0.65901226 0.855898204
63 2.73766754 2.7376667 2.81463262 2.77727115 2.78013769 0.664032763 0.858038993
64 2.7418923 2.74189146 2.8176128 2.78087447 2.78367784 0.668908435 0.860117391
65 2.74598707 2.74598622 2.82050129 2.78436691 2.78710906 0.673645411 0.862136072
66 2.74995775 2.7499569 2.82330224 2.78775353 2.79043631 0.678249488 0.864097561
67 2.7538099 2.75380905 2.82601959 2.79103905 2.79366424 0.682726149 0.866004242
68 2.75754875 2.75754791 2.82865701 2.79422794 2.79679723 0.687080578 0.867858372
69 2.76117924 2.76117839 2.83121798 2.79732439 2.7998394 0.691317686 0.869662084
70 2.76470599 2.76470514 2.83370579 2.80033238 2.80279466 0.695442126 0.871417399
71 2.7681334 2.76813255 2.83612351 2.80325564 2.80566667 0.699458307 0.873126229
72 2.7714656 2.77146475 2.83847408 2.80609769 2.80845891 0.703370417 0.874790392
73 2.77470651 2.77470566 2.84076024 2.80886188 2.81117464 0.707182426 0.876411609
74 2.77785983 2.77785898 2.84298462 2.81155136 2.81381698 0.710898112 0.877991514
75 2.78092906 2.78092821 2.84514968 2.81416912 2.81638885 0.714521062 0.879531663
76 2.78391752 2.78391667 2.84725777 2.816718 2.81889304 0.718054689 0.88103353
77 2.78682835 2.7868275 2.8493111 2.81920066 2.82133219 0.721502242 0.882498523
78 2.78966456 2.7896637 2.85131178 2.82161968 2.82370879 0.724866816 0.883927977
79 2.79242895 2.7924281 2.85326181 2.82397745 2.82602523 0.728151357 0.885323166
80 2.79512424 2.79512339 2.85516309 2.82627627 2.82828376 0.731358676 0.886685305
81 2.79775298 2.79775212 2.85701743 2.82851834 2.83048652 0.734491456 0.88801555
82 2.8003176 2.80031675 2.85882654 2.83070572 2.83263556 0.737552253 0.889315005
83 2.80282043 2.80281957 2.86059205 2.83284039 2.83473281 0.740543513 0.890584724
84 2.80526366 2.8052628 2.86231553 2.83492423 2.83678013 0.74346757 0.891825713
85 2.8076494 2.80764855 2.86399846 2.83695905 2.83877927 0.746326655 0.893038934
86 2.80997967 2.80997881 2.86564224 2.83894654 2.84073193 0.749122904 0.894225307
87 2.81225636 2.8122555 2.86724824 2.84088835 2.84263969 0.751858358 0.89538571
88 2.81448131 2.81448045 2.86881774 2.84278602 2.8445041 0.754534972 0.896520985
89 2.81665626 2.8166554 2.87035197 2.84464105 2.84632661 0.757154618 0.897631938
90 2.81878288 2.81878202 2.87185211 2.84645485 2.84810862 0.759719092 0.898719339
91 2.82086276 2.8208619 2.87331928 2.84822879 2.84985146 0.762230112 0.899783929
92 2.82289743 2.82289657 2.87475455 2.84996417 2.85155642 0.764689327 0.900826416
93 2.82488834 2.82488748 2.87615895 2.85166223 2.85322471 0.767098321 0.90184748
94 2.82683689 2.82683603 2.87753348 2.85332415 2.8548575 0.769458611 0.902847774
95 2.82874441 2.82874355 2.87887907 2.85495109 2.85645592 0.771771656 0.903827922
96 2.8306122 2.83061134 2.88019662 2.85654414 2.85802104 0.774038857 0.904788527
97 2.83244148 2.83244062 2.88148701 2.85810434 2.85955389 0.77626156 0.905730167
98 2.83423342 2.83423256 2.88275106 2.8596327 2.86105546 0.778441059 0.906653395
99 2.83598917 2.8359883 2.88398958 2.86113018 2.86252669 0.780578598 0.907558747
100 2.83770979 2.83770893 2.88520333 2.86259771 2.8639685 0.782675375 0.908446735
101 2.83939635 2.83939549 2.88639304 2.86403619 2.86538176 0.784732543 0.909317853
102 2.84104984 2.84104897 2.88755942 2.86544646 2.8667673 0.786751209 0.910172577
103 2.84267122 2.84267035 2.88870316 2.86682934 2.86812594 0.788732443 0.911011364
104 2.84426142 2.84426055 2.8898249 2.86818563 2.86945846 0.790677274 0.911834655
105 2.84582133 2.84582046 2.89092527 2.86951609 2.87076559 0.792586695 0.912642875
106 2.84735181 2.84735094 2.89200489 2.87082144 2.87204806 0.794461661 0.913436433
107 2.84885368 2.84885281 2.89306432 2.87210239 2.87330656 0.796303095 0.914215725
108 2.85032774 2.85032687 2.89410414 2.87335962 2.87454176 0.798111887 0.91498113
109 2.85177475 2.85177388 2.89512487 2.87459379 2.87575428 0.799888895 0.915733017
110 2.85319545 2.85319458 2.89612705 2.87580551 2.87694477 0.801634948 0.916471739
111 2.85459055 2.85458969 2.89711117 2.8769954 2.8781138 0.803350846 0.917197639
112 2.85596075 2.85595988 2.89807771 2.87816405 2.87926196 0.805037364 0.917911048
113 2.85730669 2.85730582 2.89902715 2.87931201 2.8803898 0.806695246 0.918612284
114 2.85862901 2.85862814 2.89995993 2.88043983 2.88149784 0.808325216 0.919301656
115 2.85992834 2.85992747 2.90087649 2.88154803 2.88258662 0.809927972 0.919979463
116 2.86120527 2.8612044 2.90177725 2.88263713 2.88365663 0.811504187 0.920645992
117 2.86246037 2.8624595 2.90266261 2.88370761 2.88470835 0.813054514 0.921301522
118 2.8636942 2.86369333 2.90353296 2.88475995 2.88574224 0.814579586 0.921946323
119 2.86490729 2.86490642 2.90438868 2.8857946 2.88675875 0.816080013 0.922580656
120 2.86610016 2.86609929 2.90523015 2.88681201 2.88775833 0.817556388 0.923204774
121 2.86727332 2.86727245 2.9060577 2.8878126 2.88874138 0.819009282 0.92381892
122 2.86842724 2.86842637 2.90687169 2.88879679 2.88970831 0.82043925 0.924423333
123 2.8695624 2.86956153 2.90767244 2.88976497 2.89065952 0.821846832 0.92501824
124 2.87067925 2.87067838 2.90846028 2.89071754 2.89159539 0.823232546 0.925603865
125 2.87177824 2.87177736 2.90923551 2.89165487 2.89251629 0.824596898 0.926180422
126 2.87285977 2.8728589 2.90999844 2.89257732 2.89342257 0.825940378 0.926748121
127 2.87392428 2.87392341 2.91074935 2.89348524 2.89431458 0.827263461 0.927307163
128 2.87497215 2.87497128 2.91148853 2.89437898 2.89519265 0.828566606 0.927857745
129 2.87600378 2.87600291 2.91221625 2.89525886 2.8960571 0.82985026 0.928400058
130 2.87701953 2.87701866 2.91293277 2.8961252 2.89690826 0.831114858 0.928934286
131 2.87801978 2.87801891 2.91363835 2.89697832 2.89774642 0.832360818 0.929460609
132 2.87900488 2.879004 2.91433325 2.89781851 2.89857188 0.833588551 0.9299792
133 2.87997515 2.87997428 2.91501769 2.89864607 2.89938493 0.834798453 0.930490228
134 2.88093095 2.88093008 2.91569192 2.89946127 2.90018585 0.835990908 0.930993858
135 2.88187259 2.88187172 2.91635616 2.9002644 2.90097489 0.837166291 0.931490249
136 2.88280038 2.88279951 2.91701063 2.90105571 2.90175234 0.838324965 0.931979556
137 2.88371462 2.88371375 2.91765555 2.90183548 2.90251844 0.839467285 0.932461928
138 2.88461562 2.88461475 2.91829112 2.90260394 2.90327343 0.840593593 0.932937513
139 2.88550365 2.88550278 2.91891754 2.90336135 2.90401756 0.841704223 0.933406453
140 2.886379 2.88637812 2.91953502 2.90410794 2.90475106 0.8427995 0.933868885
141 2.88724193 2.88724105 2.92014374 2.90484393 2.90547415 0.84387974 0.934324944
142 2.8880927 2.88809183 2.92074388 2.90556956 2.90618706 0.84494525 0.934774761
143 2.88893158 2.8889307 2.92133563 2.90628505 2.90689 0.845996329 0.935218463
144 2.8897588 2.88975793 2.92191916 2.90699059 2.90758318 0.847033268 0.935656174
145 2.89057462 2.89057374 2.92249465 2.9076864 2.9082668 0.84805635 0.936088014
146 2.89137926 2.89137838 2.92306225 2.90837269 2.90894105 0.849065851 0.9365141
147 2.89217295 2.89217207 2.92362213 2.90904963 2.90960612 0.850062038 0.936934547
148 2.89295592 2.89295504 2.92417444 2.90971743 2.91026221 0.851045174 0.937349466
149 2.89372837 2.8937275 2.92471934 2.91037626 2.9109095 0.852015513 0.937758964
150 2.89449053 2.89448965 2.92525697 2.91102631 2.91154815 0.852973303 0.938163148
151 2.89524259 2.89524172 2.92578748 2.91166775 2.91217834 0.853918786 0.93856212
152 2.89598476 2.89598388 2.92631101 2.91230074 2.91280025 0.854852196 0.938955981
153 2.89671723 2.89671635 2.9268277 2.91292547 2.91341402 0.855773764 0.939344827
154 2.89744018 2.8974393 2.92733768 2.91354208 2.91401982 0.856683714 0.939728753
155 2.8981538 2.89815293 2.92784107 2.91415073 2.91461781 0.857582263 0.940107854
156 2.89885828 2.8988574 2.92833802 2.91475158 2.91520812 0.858469625 0.940482218
157 2.89955378 2.8995529 2.92882863 2.91534478 2.91579092 0.859346006 0.940851934
158 2.90024048 2.9002396 2.92931303 2.91593047 2.91636634 0.860211609 0.941217088
159 2.90091854 2.90091766 2.92979134 2.91650879 2.91693453 0.861066632 0.941577765
160 2.90158812 2.90158724 2.93026367 2.91707988 2.91749561 0.861911267 0.941934044
161 2.90224939 2.90224851 2.93073014 2.91764388 2.91804972 0.862745702 0.942286008
162 2.90290249 2.90290161 2.93119084 2.91820091 2.91859699 0.863570121 0.942633732
163 2.90354758 2.9035467 2.93164589 2.91875111 2.91913754 0.864384703 0.942977295
164 2.9041848 2.90418392 2.93209539 2.9192946 2.91967151 0.865189622 0.943316769
165 2.9048143 2.90481342 2.93253945 2.91983151 2.920199 0.86598505 0.943652227
166 2.90543621 2.90543534 2.93297815 2.92036194 2.92072013 0.866771153 0.943983741
167 2.90605068 2.9060498 2.9334116 2.92088602 2.92123503 0.867548095 0.944311378
168 2.90665783 2.90665695 2.93383989 2.92140386 2.92174379 0.868316033 0.944635207
169 2.9072578 2.90725692 2.93426311 2.92191558 2.92224653 0.869075125 0.944955294
170 2.9078507 2.90784982 2.93468135 2.92242127 2.92274336 0.869825521 0.945271704
171 2.90843668 2.9084358 2.9350947 2.92292105 2.92323438 0.87056737 0.945584498
172 2.90901584 2.90901496 2.93550325 2.92341502 2.92371969 0.871300817 0.945893739
173 2.9095883 2.90958742 2.93590707 2.92390327 2.92419939 0.872026004 0.946199487
174 2.91015418 2.9101533 2.93630625 2.92438592 2.92467357 0.87274307 0.946501801
175 2.9107136 2.91071272 2.93670087 2.92486305 2.92514234 0.87345215 0.946800737
176 2.91126666 2.91126578 2.937091 2.92533475 2.92560577 0.874153377 0.947096354
177 2.91181347 2.91181259 2.93747672 2.92580113 2.92606398 0.874846881 0.947388704
178 2.91235413 2.91235325 2.93785811 2.92626227 2.92651703 0.875532787 0.947677843
179 2.91288876 2.91288788 2.93823524 2.92671825 2.92696502 0.876211221 0.947963823
180 2.91341744 2.91341656 2.93860818 2.92716917 2.92740803 0.876882304 0.948246695
181 2.91394029 2.91393941 2.938977 2.92761511 2.92784615 0.877546155 0.94852651
182 2.91445738 2.9144565 2.93934177 2.92805614 2.92827946 0.878202889 0.948803317
183 2.91496883 2.91496795 2.93970254 2.92849236 2.92870802 0.87885262 0.949077164
184 2.91547472 2.91547383 2.9400594 2.92892383 2.92913193 0.87949546 0.949348098
185 2.91597513 2.91597425 2.9404124 2.92935064 2.92955126 0.880131518 0.949616166
186 2.91647017 2.91646929 2.9407616 2.92977286 2.92996608 0.880760901 0.949881413
187 2.91695991 2.91695903 2.94110707 2.93019056 2.93037646 0.881383712 0.950143882
188 2.91744445 2.91744356 2.94144887 2.93060382 2.93078248 0.882000055 0.950403618
189 2.91792385 2.91792297 2.94178704 2.93101271 2.9311842 0.882610029 0.950660663
190 2.91839821 2.91839733 2.94212166 2.93141729 2.93158169 0.883213733 0.950915059
191 2.9188676 2.91886672 2.94245277 2.93181764 2.93197502 0.883811263 0.951166846
192 2.9193321 2.91933122 2.94278044 2.93221382 2.93236425 0.884402712 0.951416064
193 2.91979179 2.91979091 2.94310471 2.93260589 2.93274945 0.884988174 0.951662752
194 2.92024674 2.92024586 2.94342563 2.93299392 2.93313067 0.885567739 0.951906948
195 2.92069702 2.92069614 2.94374326 2.93337796 2.93350799 0.886141494 0.952148691
196 2.92114271 2.92114183 2.94405766 2.9337581 2.93388146 0.886709528 0.952388017
197 2.92158388 2.92158299 2.94436886 2.93413437 2.93425113 0.887271925 0.952624961
198 2.92202058 2.9220197 2.94467692 2.93450684 2.93461707 0.887828769 0.95285956
199 2.9224529 2.92245202 2.94498188 2.93487556 2.93497934 0.888380141 0.953091848
200 2.9228809 2.92288002 2.94528379 2.9352406 2.93533798 0.888926122 0.953321858
201 2.92330464 2.92330375 2.9455827 2.93560201 2.93569305 0.88946679 0.953549625
202 2.92372418 2.92372329 2.94587865 2.93595984 2.9360446 0.890002223 0.953775181
203 2.92413959 2.9241387 2.94617168 2.93631414 2.9363927 0.890532496 0.953998557
204 2.92455092 2.92455004 2.94646184 2.93666497 2.93673738 0.891057683 0.954219786
205 2.92495824 2.92495736 2.94674917 2.93701238 2.9370787 0.891577857 0.954438898
206 2.92536161 2.92536073 2.94703371 2.93735642 2.9374167 0.89209309 0.954655923
207 2.92576108 2.9257602 2.9473155 2.93769713 2.93775144 0.892603451 0.954870891
208 2.92615671 2.92615583 2.94759458 2.93803456 2.93808296 0.893109009 0.955083831
209 2.92654855 2.92654767 2.94787099 2.93836877 2.9384113 0.893609832 0.955294772
210 2.92693667 2.92693578 2.94814476 2.93869979 2.93873652 0.894105986 0.955503742
211 2.9273211 2.92732022 2.94841595 2.93902767 2.93905866 0.894597536 0.955710768
212 2.92770191 2.92770102 2.94868457 2.93935246 2.93937776 0.895084546 0.955915877
213 2.92807914 2.92807825 2.94895067 2.93967421 2.93969386 0.895567077 0.956119095
214 2.92845284 2.92845196 2.94921429 2.93999294 2.94000701 0.896045193 0.956320449
215 2.92882307 2.92882219 2.94947545 2.94030871 2.94031724 0.896518952 0.956519965
216 2.92918987 2.92918899 2.94973419 2.94062156 2.9406246 0.896988414 0.956717666
217 2.92955329 2.92955241 2.94999055 2.94093152 2.94092913 0.897453638 0.956913579
218 2.92991338 2.92991249 2.95024456 2.94123864 2.94123087 0.897914681 0.957107726
219 2.93027017 2.93026929 2.95049625 2.94154295 2.94152985 0.898371598 0.957300132
220 2.93062373 2.93062284 2.95074565 2.9418445 2.94182611 0.898824444 0.957490821
221 2.93097408 2.9309732 2.95099279 2.94214332 2.94211969 0.899273275 0.957679814
222 2.93132128 2.93132039 2.95123771 2.94243945 2.94241063 0.899718142 0.957867135
223 2.93166536 2.93166448 2.95148043 2.94273292 2.94269895 0.900159099 0.958052805
224 2.93200637 2.93200549 2.95172098 2.94302377 2.94298471 0.900596196 0.958236846
225 2.93234436 2.93234347 2.9519594 2.94331204 2.94326792 0.901029485 0.95841928
226 2.93267934 2.93267846 2.9521957 2.94359775 2.94354862 0.901459014 0.958600128
227 2.93301138 2.9330105 2.95242992 2.94388095 2.94382686 0.901884832 0.95877941
228 2.93334051 2.93333962 2.95266209 2.94416166 2.94410265 0.902306987 0.958957146
229 2.93366676 2.93366587 2.95289223 2.94443992 2.94437603 0.902725526 0.959133357
230 2.93399017 2.93398929 2.95312037 2.94471576 2.94464704 0.903140496 0.959308061
231 2.93431079 2.9343099 2.95334654 2.94498922 2.9449157 0.903551941 0.959481278
232 2.93462864 2.93462775 2.95357075 2.94526031 2.94518204 0.903959907 0.959653028
233 2.93494376 2.93494287 2.95379304 2.94552908 2.9454461 0.904364438 0.959823328
234 2.93525619 2.9352553 2.95401343 2.94579555 2.9457079 0.904765576 0.959992196
235 2.93556596 2.93556507 2.95423194 2.94605976 2.94596747 0.905163364 0.960159652
236 2.9358731 2.93587222 2.95444861 2.94632172 2.94622485 0.905557844 0.960325712
237 2.93617765 2.93617677 2.95466344 2.94658148 2.94648005 0.905949057 0.960490393
238 2.93647965 2.93647876 2.95487647 2.94683905 2.9467331 0.906337044 0.960653714
239 2.93677911 2.93677823 2.95508771 2.94709446 2.94698404 0.906721844 0.96081569
240 2.93707608 2.9370752 2.9552972 2.94734775 2.94723289 0.907103495 0.960976339
241 2.93737059 2.9373697 2.95550495 2.94759894 2.94747967 0.907482038 0.961135676
242 2.93766266 2.93766177 2.95571098 2.94784805 2.94772441 0.907857509 0.961293717
243 2.93795233 2.93795144 2.95591531 2.94809511 2.94796714 0.908229946 0.961450479
244 2.93823962 2.93823874 2.95611797 2.94834014 2.94820788 0.908599385 0.961605976
245 2.93852457 2.93852369 2.95631898 2.94858317 2.94844666 0.908965862 0.961760224
246 2.9388072 2.93880632 2.95651835 2.94882423 2.94868349 0.909329414 0.961913238
247 2.93908755 2.93908666 2.9567161 2.94906334 2.9489184 0.909690074 0.962065033
248 2.93936563 2.93936474 2.95691227 2.94930052 2.94915142 0.910047877 0.962215623
249 2.93964148 2.93964059 2.95710685 2.94953579 2.94938257 0.910402857 0.962365022
250 2.93991512 2.93991423 2.95729988 2.94976918 2.94961187 0.910755047 0.962513245
251 2.94018658 2.9401857 2.95749137 2.95000071 2.94983934 0.91110448 0.962660305
252 2.94045589 2.940455 2.95768135 2.95023041 2.95006501 0.911451188 0.962806216
253 2.94072307 2.94072218 2.95786982 2.95045828 2.95028889 0.911795203 0.962950992
254 2.94098814 2.94098725 2.9580568 2.95068437 2.95051101 0.912136557 0.963094645
255 2.94125114 2.94125025 2.95824232 2.95090868 2.95073139 0.912475279 0.963237188
256 2.94151208 2.94151119 2.95842639 2.95113123 2.95095005 0.9128114 0.963378635
257 2.94177099 2.9417701 2.95860903 2.95135206 2.951167 0.91314495 0.963518998
258 2.94202789 2.942027 2.95879025 2.95157117 2.95138228 0.913475959 0.963658289
259 2.94228281 2.94228192 2.95897007 2.9517886 2.95159589 0.913804455 0.963796521
260 2.94253577 2.94253488 2.95914851 2.95200435 2.95180786 0.914130467 0.963933706
261 2.94278679 2.9427859 2.95932558 2.95221844 2.9520182 0.914454023 0.964069855
262 2.94303589 2.94303501 2.9595013 2.9524309 2.95222694 0.91477515 0.96420498
263 2.9432831 2.94328222 2.95967569 2.95264175 2.95243409 0.915093876 0.964339093
264 2.94352844 2.94352755 2.95984875 2.952851 2.95263967 0.915410227 0.964472205
265 2.94377192 2.94377104 2.96002051 2.95305867 2.9528437 0.915724231 0.964604327
266 2.94401358 2.94401269 2.96019097 2.95326478 2.95304619 0.916035913 0.96473547
267 2.94425342 2.94425254 2.96036016 2.95346934 2.95324717 0.916345298 0.964865646
268 2.94449148 2.94449059 2.96052809 2.95367238 2.95344665 0.916652412 0.964994863
269 2.94472776 2.94472687 2.96069476 2.95387391 2.95364464 0.91695728 0.965123135
270 2.9449623 2.94496141 2.96086021 2.95407394 2.95384117 0.917259927 0.965250469
271 2.9451951 2.94519421 2.96102443 2.9542725 2.95403625 0.917560376 0.965376878
272 2.94542619 2.9454253 2.96118744 2.9544696 2.9542299 0.917858652 0.96550237
273 2.94565559 2.9456547 2.96134926 2.95466526 2.95442212 0.918154777 0.965626956
274 2.94588331 2.94588243 2.9615099 2.95485949 2.95461294 0.918448776 0.965750646
275 2.94610938 2.94610849 2.96166937 2.9550523 2.95480238 0.918740671 0.965873449
276 2.94633381 2.94633292 2.96182769 2.95524372 2.95499044 0.919030484 0.965995374
277 2.94655662 2.94655573 2.96198486 2.95543375 2.95517714 0.919318238 0.966116432
278 2.94677783 2.94677694 2.9621409 2.95562242 2.95536251 0.919603954 0.966236631
279 2.94699745 2.94699656 2.96229582 2.95580974 2.95554654 0.919887654 0.96635598
280 2.9472155 2.94721461 2.96244964 2.95599571 2.95572926 0.92016936 0.966474489
281 2.947432 2.94743111 2.96260236 2.95618037 2.95591067 0.920449091 0.966592166
282 2.94764697 2.94764608 2.962754 2.95636371 2.9560908 0.92072687 0.966709019
283 2.94786041 2.94785952 2.96290456 2.95654576 2.95626966 0.921002716 0.966825059
284 2.94807235 2.94807146 2.96305407 2.95672653 2.95644726 0.921276649 0.966940292
285 2.94828281 2.94828192 2.96320252 2.95690603 2.95662361 0.92154869 0.967054728
286 2.94849179 2.9484909 2.96334994 2.95708427 2.95679873 0.921818857 0.967168374
287 2.94869932 2.94869843 2.96349633 2.95726127 2.95697263 0.922087171 0.967281239
288 2.9489054 2.94890451 2.96364171 2.95743704 2.95714532 0.922353649 0.967393331
289 2.94911006 2.94910917 2.96378608 2.9576116 2.95731681 0.922618311 0.967504658
290 2.94931331 2.94931242 2.96392945 2.95778495 2.95748712 0.922881176 0.967615227
291 2.94951516 2.94951427 2.96407184 2.95795711 2.95765627 0.923142261 0.967725047
292 2.94971563 2.94971474 2.96421325 2.95812809 2.95782425 0.923401585 0.967834124
293 2.94991473 2.94991384 2.9643537 2.9582979 2.95799109 0.923659165 0.967942467
294 2.95011248 2.95011159 2.96449319 2.95846656 2.95815679 0.923915019 0.968050082
295 2.95030888 2.95030799 2.96463174 2.95863408 2.95832137 0.924169164 0.968156977
296 2.95050396 2.95050307 2.96476935 2.95880046 2.95848483 0.924421617 0.96826316
297 2.95069772 2.95069684 2.96490603 2.95896572 2.9586472 0.924672395 0.968368637
298 2.95089019 2.9508893 2.96504179 2.95912988 2.95880848 0.924921515 0.968473415
299 2.95108137 2.95108048 2.96517665 2.95929293 2.95896867 0.925168993 0.968577502
300 2.95127127 2.95127038 2.96531061 2.9594549 2.9591278 0.925414845 0.968680903
301 2.95145991 2.95145902 2.96544368 2.95961579 2.95928587 0.925659087 0.968783627
302 2.9516473 2.95164641 2.96557587 2.95977562 2.9594429 0.925901735 0.968885679
303 2.95183345 2.95183256 2.96570718 2.95993439 2.95959889 0.926142805 0.968987066
304 2.95201838 2.95201749 2.96583763 2.96009212 2.95975385 0.926382311 0.969087794
305 2.9522021 2.95220121 2.96596723 2.96024881 2.9599078 0.926620269 0.969187871
306 2.95238462 2.95238373 2.96609598 2.96040448 2.96006074 0.926856695 0.969287301
307 2.95256594 2.95256505 2.96622389 2.96055913 2.96021268 0.927091602 0.969386092
308 2.95274609 2.9527452 2.96635096 2.96071278 2.96036364 0.927325005 0.96948425
309 2.95292508 2.95292419 2.96647722 2.96086544 2.96051362 0.927556919 0.96958178
310 2.9531029 2.95310201 2.96660266 2.96101711 2.96066263 0.927787358 0.969678689
311 2.95327959 2.9532787 2.9667273 2.96116781 2.96081068 0.928016336 0.969774982
312 2.95345514 2.95345425 2.96685114 2.96131754 2.96095779 0.928243867 0.969870666
313 2.95362957 2.95362868 2.96697418 2.96146631 2.96110395 0.928469964 0.969965746
314 2.95380289 2.953802 2.96709644 2.96161414 2.96124919 0.92869464 0.970060228
315 2.95397511 2.95397422 2.96721793 2.96176102 2.9613935 0.928917911 0.970154118
316 2.95414624 2.95414535 2.96733864 2.96190698 2.9615369 0.929139787 0.970247421
317 2.95431629 2.9543154 2.9674586 2.96205202 2.96167939 0.929360283 0.970340142
318 2.95448527 2.95448438 2.9675778 2.96219614 2.96182099 0.929579412 0.970432287
319 2.95465319 2.9546523 2.96769625 2.96233936 2.9619617 0.929797185 0.970523861
320 2.95482006 2.95481917 2.96781396 2.96248169 2.96210153 0.930013616 0.97061487
321 2.9549859 2.95498501 2.96793094 2.96262312 2.96224049 0.930228716 0.970705319
322 2.9551507 2.95514981 2.96804719 2.96276368 2.96237859 0.930442499 0.970795213
323 2.95531448 2.95531359 2.96816273 2.96290337 2.96251583 0.930654976 0.970884557
324 2.95547725 2.95547636 2.96827755 2.9630422 2.96265222 0.930866159 0.970973356
325 2.95563902 2.95563813 2.96839166 2.96318018 2.96278777 0.93107606 0.971061615
326 2.95579979 2.9557989 2.96850507 2.9633173 2.9629225 0.93128469 0.971149339
327 2.95595959 2.95595869 2.96861779 2.96345359 2.9630564 0.931492061 0.971236533
328 2.9561184 2.95611751 2.96872982 2.96358905 2.96318948 0.931698185 0.971323201
329 2.95627626 2.95627537 2.96884117 2.96372368 2.96332175 0.931903072 0.971409349
330 2.95643315 2.95643226 2.96895185 2.9638575 2.96345322 0.932106734 0.971494981
331 2.9565891 2.95658821 2.96906186 2.96399051 2.9635839 0.932309182 0.971580101
332 2.95674411 2.95674322 2.9691712 2.96412272 2.96371379 0.932510426 0.971664715
333 2.95689819 2.9568973 2.96927989 2.96425413 2.9638429 0.932710477 0.971748826
334 2.95705134 2.95705045 2.96938793 2.96438476 2.96397124 0.932909346 0.97183244
335 2.95720358 2.95720269 2.96949532 2.9645146 2.96409881 0.933107043 0.97191556
336 2.95735492 2.95735403 2.96960207 2.96464368 2.96422562 0.933303579 0.971998191
337 2.95750535 2.95750446 2.96970819 2.96477198 2.96435168 0.933498963 0.972080338
338 2.9576549 2.95765401 2.96981368 2.96489953 2.96447699 0.933693206 0.972162004
339 2.95780356 2.95780267 2.96991855 2.96502633 2.96460157 0.933886318 0.972243193
340 2.95795135 2.95795046 2.9700228 2.96515238 2.96472541 0.934078308 0.972323911
341 2.95809828 2.95809739 2.97012644 2.96527769 2.96484852 0.934269187 0.97240416
342 2.95824434 2.95824345 2.97022948 2.96540227 2.96497092 0.934458964 0.972483946
343 2.95838955 2.95838866 2.97033191 2.96552612 2.9650926 0.934647648 0.972563271
344 2.95853392 2.95853303 2.97043375 2.96564925 2.96521357 0.93483525 0.972642141
345 2.95867745 2.95867656 2.970535 2.96577167 2.96533384 0.935021777 0.972720558
346 2.95882015 2.95881926 2.97063566 2.96589338 2.96545342 0.93520724 0.972798527
347 2.95896203 2.95896114 2.97073574 2.96601439 2.96557231 0.935391647 0.972876052
348 2.95910309 2.9591022 2.97083525 2.9661347 2.96569051 0.935575008 0.972953137
349 2.95924335 2.95924246 2.97093419 2.96625433 2.96580804 0.935757331 0.973029784
350 2.9593828 2.95938191 2.97103256 2.96637327 2.96592489 0.935938625 0.973105998
351 2.95952146 2.95952057 2.97113037 2.96649153 2.96604108 0.936118899 0.973181783
352 2.95965933 2.95965844 2.97122763 2.96660912 2.96615661 0.936298161 0.973257142
353 2.95979642 2.95979553 2.97132433 2.96672605 2.96627149 0.936476421 0.973332079
354 2.95993274 2.95993184 2.97142049 2.96684231 2.96638571 0.936653685 0.973406597
355 2.96006828 2.96006739 2.9715161 2.96695792 2.9664993 0.936829963 0.973480699
356 2.96020307 2.96020218 2.97161118 2.96707288 2.96661224 0.937005263 0.97355439
357 2.9603371 2.96033621 2.97170573 2.9671872 2.96672455 0.937179593 0.973627673
358 2.96047038 2.96046949 2.97179975 2.96730087 2.96683624 0.937352961 0.973700551
359 2.96060292 2.96060203 2.97189324 2.96741392 2.9669473 0.937525374 0.973773026
360 2.96073472 2.96073383 2.97198622 2.96752633 2.96705774 0.937696842 0.973845104
361 2.9608658 2.9608649 2.97207868 2.96763812 2.96716758 0.937867371 0.973916787
362 2.96099615 2.96099525 2.97217063 2.9677493 2.9672768 0.938036969 0.973988078
363 2.96112578 2.96112488 2.97226207 2.96785986 2.96738543 0.938205643 0.97405898
364 2.96125469 2.9612538 2.97235301 2.96796982 2.96749345 0.938373402 0.974129497
365 2.96138291 2.96138201 2.97244345 2.96807917 2.96760089 0.938540253 0.974199631
366 2.96151042 2.96150953 2.9725334 2.96818792 2.96770774 0.938706203 0.974269386
367 2.96163723 2.96163634 2.97262286 2.96829609 2.967814 0.938871259 0.974338765
368 2.96176336 2.96176247 2.97271183 2.96840366 2.96791969 0.939035429 0.974407772
369 2.9618888 2.96188791 2.97280032 2.96851065 2.96802481 0.93919872 0.974476408
370 2.96201357 2.96201268 2.97288833 2.96861707 2.96812936 0.939361138 0.974544676
371 2.96213766 2.96213677 2.97297586 2.9687229 2.96823334 0.939522691 0.974612581
372 2.96226109 2.9622602 2.97306293 2.96882818 2.96833677 0.939683386 0.974680124
373 2.96238385 2.96238296 2.97314953 2.96893288 2.96843964 0.939843228 0.974747309
374 2.96250596 2.96250507 2.97323566 2.96903703 2.96854196 0.940002227 0.974814139
375 2.96262741 2.96262652 2.97332134 2.96914062 2.96864373 0.940160387 0.974880615
376 2.96274822 2.96274733 2.97340656 2.96924366 2.96874497 0.940317715 0.974946742
377 2.96286839 2.9628675 2.97349133 2.96934615 2.96884566 0.940474218 0.975012522
378 2.96298793 2.96298704 2.97357565 2.9694481 2.96894582 0.940629903 0.975077957
379 2.96310683 2.96310594 2.97365952 2.96954951 2.96904546 0.940784776 0.97514305
380 2.96322511 2.96322421 2.97374296 2.96965039 2.96914457 0.940938843 0.975207804
381 2.96334276 2.96334187 2.97382595 2.96975074 2.96924316 0.94109211 0.975272222
382 2.9634598 2.96345891 2.97390851 2.96985057 2.96934123 0.941244584 0.975336305
383 2.96357623 2.96357534 2.97399064 2.96994987 2.9694388 0.941396271 0.975400058
384 2.96369205 2.96369116 2.97407234 2.97004865 2.96953585 0.941547177 0.975463482
385 2.96380727 2.96380638 2.97415362 2.97014693 2.9696324 0.941697308 0.975526579
386 2.9639219 2.96392101 2.97423448 2.97024469 2.96972845 0.94184667 0.975589353
387 2.96403593 2.96403504 2.97431492 2.97034195 2.969824 0.941995268 0.975651806
388 2.96414937 2.96414848 2.97439494 2.9704387 2.96991906 0.942143109 0.97571394
389 2.96426223 2.96426134 2.97447455 2.97053496 2.97001363 0.942290198 0.975775758
390 2.96437451 2.96437362 2.97455376 2.97063073 2.97010772 0.942436542 0.975837262
391 2.96448622 2.96448533 2.97463256 2.970726 2.97020133 0.942582145 0.975898455
392 2.96459736 2.96459647 2.97471096 2.97082079 2.97029445 0.942727014 0.975959338
393 2.96470793 2.96470704 2.97478895 2.9709151 2.97038711 0.942871153 0.976019915
394 2.96481794 2.96481705 2.97486656 2.97100893 2.97047929 0.943014569 0.976080187
395 2.96492739 2.9649265 2.97494377 2.97110228 2.97057101 0.943157267 0.976140157
396 2.96503629 2.9650354 2.97502058 2.97119516 2.97066226 0.943299252 0.976199827
397 2.96514465 2.96514375 2.97509702 2.97128758 2.97075306 0.943440529 0.976259199
398 2.96525245 2.96525156 2.97517307 2.97137953 2.97084339 0.943581105 0.976318276
399 2.96535972 2.96535883 2.97524873 2.97147102 2.97093328 0.943720983 0.976377059
400 2.96546645 2.96546556 2.97532402 2.97156205 2.97102271 0.94386017 0.976435552
401 2.96557265 2.96557176 2.97539893 2.97165262 2.9711117 0.943998669 0.976493755
402 2.96567832 2.96567743 2.97547348 2.97174275 2.97120025 0.944136488 0.976551672
403 2.96578347 2.96578257 2.97554765 2.97183243 2.97128836 0.944273629 0.976609304
404 2.96588809 2.9658872 2.97562145 2.97192167 2.97137603 0.944410099 0.976666654
405 2.9659922 2.96599131 2.97569489 2.97201046 2.97146327 0.944545903 0.976723723
406 2.96609579 2.9660949 2.97576797 2.97209882 2.97155008 0.944681044 0.976780513
407 2.96619888 2.96619799 2.97584068 2.97218674 2.97163646 0.944815529 0.976837028
408 2.96630146 2.96630057 2.97591305 2.97227423 2.97172242 0.944949361 0.976893267
409 2.96640354 2.96640265 2.97598505 2.9723613 2.97180795 0.945082546 0.976949235
410 2.96650512 2.96650423 2.97605671 2.97244794 2.97189307 0.945215088 0.977004931
411 2.96660621 2.96660532 2.97612802 2.97253415 2.97197778 0.945346992 0.97706036
412 2.96670681 2.96670591 2.97619898 2.97261995 2.97206208 0.945478262 0.977115522
413 2.96680692 2.96680602 2.9762696 2.97270534 2.97214596 0.945608903 0.977170419
414 2.96690654 2.96690565 2.97633987 2.97279031 2.97222944 0.94573892 0.977225053
415 2.96700569 2.9670048 2.97640981 2.97287487 2.97231252 0.945868316 0.977279427
416 2.96710436 2.96710346 2.97647941 2.97295903 2.9723952 0.945997098 0.977333542
417 2.96720255 2.96720166 2.97654868 2.97304278 2.97247749 0.946125267 0.977387399
418 2.96730028 2.96729939 2.97661762 2.97312613 2.97255938 0.94625283 0.977441001
419 2.96739754 2.96739665 2.97668623 2.97320908 2.97264088 0.946379791 0.97749435
420 2.96749434 2.96749344 2.97675451 2.97329164 2.97272199 0.946506153 0.977547447
421 2.96759067 2.96758978 2.97682247 2.97337381 2.97280271 0.946631921 0.977600294
422 2.96768655 2.96768566 2.9768901 2.97345558 2.97288306 0.946757099 0.977652893
423 2.96778198 2.96778109 2.97695741 2.97353697 2.97296302 0.946881691 0.977705246
424 2.96787695 2.96787606 2.97702441 2.97361798 2.97304261 0.947005702 0.977757353
425 2.96797148 2.96797059 2.97709109 2.9736986 2.97312182 0.947129135 0.977809218
426 2.96806557 2.96806468 2.97715746 2.97377885 2.97320066 0.947251994 0.977860842
427 2.96815921 2.96815832 2.97722352 2.97385872 2.97327913 0.947374284 0.977912226
428 2.96825242 2.96825153 2.97728927 2.97393822 2.97335723 0.947496008 0.977963371
429 2.9683452 2.9683443 2.97735471 2.97401734 2.97343497 0.94761717 0.978014281
430 2.96843754 2.96843664 2.97741985 2.9740961 2.97351235 0.947737774 0.978064956
431 2.96852945 2.96852856 2.97748469 2.97417449 2.97358937 0.947857825 0.978115398
432 2.96862094 2.96862004 2.97754922 2.97425252 2.97366603 0.947977325 0.978165609
433 2.968712 2.96871111 2.97761346 2.97433019 2.97374234 0.948096279 0.978215589
434 2.96880265 2.96880175 2.9776774 2.97440751 2.97381829 0.94821469 0.978265341
435 2.96889288 2.96889198 2.97774105 2.97448446 2.9738939 0.948332562 0.978314867
436 2.96898269 2.9689818 2.97780441 2.97456107 2.97396916 0.948449899 0.978364168
437 2.96907209 2.9690712 2.97786747 2.97463732 2.97404408 0.948566704 0.978413244
438 2.96916109 2.9691602 2.97793025 2.97471322 2.97411865 0.948682981 0.978462099
439 2.96924968 2.96924879 2.97799274 2.97478878 2.97419288 0.948798733 0.978510733
440 2.96933787 2.96933697 2.97805495 2.974864 2.97426678 0.948913965 0.978559148
441 2.96942565 2.96942476 2.97811688 2.97493887 2.97434034 0.949028679 0.978607345
442 2.96951304 2.96951215 2.97817852 2.97501341 2.97441357 0.949142879 0.978655327
443 2.96960004 2.96959914 2.97823989 2.9750876 2.97448647 0.949256569 0.978703093
444 2.96968664 2.96968575 2.97830098 2.97516147 2.97455904 0.949369751 0.978750646
445 2.96977286 2.96977196 2.9783618 2.975235 2.97463128 0.94948243 0.978797987
446 2.96985868 2.96985779 2.97842234 2.97530821 2.9747032 0.949594608 0.978845118
447 2.96994413 2.96994323 2.97848261 2.97538108 2.9747748 0.949706289 0.97889204
448 2.97002919 2.9700283 2.97854262 2.97545363 2.97484608 0.949817477 0.978938754
449 2.97011387 2.97011298 2.97860235 2.97552586 2.97491704 0.949928174 0.978985262
450 2.97019818 2.97019729 2.97866182 2.97559776 2.97498769 0.950038384 0.979031564
451 2.97028211 2.97028122 2.97872103 2.97566935 2.97505802 0.950148109 0.979077664
452 2.97036567 2.97036478 2.97877998 2.97574062 2.97512804 0.950257354 0.979123561
453 2.97044887 2.97044797 2.97883866 2.97581158 2.97519775 0.950366122 0.979169257
454 2.97053169 2.9705308 2.97889709 2.97588222 2.97526715 0.950474414 0.979214753
455 2.97061416 2.97061326 2.97895526 2.97595255 2.97533625 0.950582235 0.979260051
456 2.97069626 2.97069536 2.97901317 2.97602258 2.97540505 0.950689588 0.979305153
457 2.970778 2.9707771 2.97907083 2.97609229 2.97547355 0.950796475 0.979350058
458 2.97085938 2.97085849 2.97912824 2.97616171 2.97554174 0.9509029 0.979394769
459 2.97094041 2.97093952 2.9791854 2.97623082 2.97560964 0.951008866 0.979439287
460 2.97102109 2.9710202 2.97924231 2.97629963 2.97567725 0.951114375 0.979483613
461 2.97110142 2.97110052 2.97929898 2.97636814 2.97574456 0.951219431 0.979527748
462 2.9711814 2.9711805 2.97935539 2.97643635 2.97581158 0.951324036 0.979571694
463 2.97126103 2.97126014 2.97941157 2.97650427 2.97587831 0.951428194 0.979615451
464 2.97134032 2.97133943 2.9794675 2.9765719 2.97594475 0.951531907 0.979659022
465 2.97141927 2.97141838 2.97952319 2.97663924 2.9760109 0.951635178 0.979702406
466 2.97149788 2.97149699 2.97957865 2.97670629 2.97607678 0.95173801 0.979745606
467 2.97157616 2.97157526 2.97963386 2.97677305 2.97614237 0.951840405 0.979788623
468 2.9716541 2.9716532 2.97968884 2.97683952 2.97620768 0.951942368 0.979831457
469 2.9717317 2.97173081 2.97974359 2.97690571 2.97627271 0.952043899 0.97987411
470 2.97180898 2.97180809 2.9797981 2.97697162 2.97633746 0.952145002 0.979916583
471 2.97188593 2.97188504 2.97985238 2.97703725 2.97640194 0.95224568 0.979958877
472 2.97196255 2.97196166 2.97990643 2.97710261 2.97646615 0.952345935 0.980000993
473 2.97203885 2.97203796 2.97996025 2.97716768 2.97653008 0.95244577 0.980042933
474 2.97211483 2.97211394 2.98001385 2.97723248 2.97659375 0.952545188 0.980084697
475 2.97219049 2.97218959 2.98006722 2.97729701 2.97665715 0.952644191 0.980126287
476 2.97226583 2.97226493 2.98012036 2.97736127 2.97672028 0.952742781 0.980167704
477 2.97234085 2.97233996 2.98017328 2.97742526 2.97678314 0.952840962 0.980208948
478 2.97241556 2.97241466 2.98022598 2.97748898 2.97684575 0.952938736 0.980250021
479 2.97248996 2.97248906 2.98027846 2.97755243 2.97690809 0.953036106 0.980290924
480 2.97256404 2.97256315 2.98033073 2.97761562 2.97697017 0.953133073 0.980331657
481 2.97263782 2.97263693 2.98038277 2.97767855 2.97703199 0.953229641 0.980372223
482 2.9727113 2.9727104 2.9804346 2.97774121 2.97709356 0.953325812 0.980412622
483 2.97278447 2.97278357 2.98048621 2.97780362 2.97715487 0.953421588 0.980452855
484 2.97285733 2.97285644 2.98053762 2.97786577 2.97721593 0.953516972 0.980492923
485 2.9729299 2.972929 2.9805888 2.97792766 2.97727674 0.953611966 0.980532827
486 2.97300217 2.97300127 2.98063978 2.9779893 2.9773373 0.953706572 0.980572568
487 2.97307414 2.97307324 2.98069055 2.97805068 2.97739761 0.953800794 0.980612147
488 2.97314581 2.97314492 2.98074111 2.97811182 2.97745767 0.953894632 0.980651566
489 2.9732172 2.9732163 2.98079147 2.9781727 2.97751748 0.953988091 0.980690824
490 2.97328829 2.97328739 2.98084161 2.97823333 2.97757705 0.954081171 0.980729923
491 2.97335909 2.9733582 2.98089156 2.97829372 2.97763638 0.954173875 0.980768865
492 2.9734296 2.97342871 2.9809413 2.97835386 2.97769547 0.954266206 0.980807649
493 2.97349983 2.97349894 2.98099084 2.97841376 2.97775432 0.954358166 0.980846277
494 2.97356978 2.97356888 2.98104018 2.97847342 2.97781293 0.954449757 0.98088475
495 2.97363944 2.97363854 2.98108932 2.97853283 2.9778713 0.95454098 0.980923069
496 2.97370882 2.97370792 2.98113826 2.978592 2.97792944 0.954631839 0.980961234
497 2.97377792 2.97377702 2.981187 2.97865094 2.97798734 0.954722336 0.980999247
498 2.97384674 2.97384585 2.98123555 2.97870964 2.97804501 0.954812473 0.981037109
499 2.97391529 2.97391439 2.98128391 2.97876811 2.97810245 0.954902251 0.98107482
500 2.97398356 2.97398267 2.98133207 2.97882634 2.97815966 0.954991673 0.981112381
501 2.97405156 2.97405067 2.98138004 2.97888433 2.97821664 0.955080741 0.981149794
502 2.97411929 2.9741184 2.98142781 2.9789421 2.9782734 0.955169458 0.981187058
503 2.97418675 2.97418586 2.9814754 2.97899964 2.97832993 0.955257825 0.981224176
504 2.97425395 2.97425305 2.9815228 2.97905695 2.97838623 0.955345844 0.981261147
505 2.97432087 2.97431998 2.98157001 2.97911403 2.97844231 0.955433518 0.981297973
506 2.97438754 2.97438664 2.98161703 2.97917089 2.97849817 0.955520848 0.981334655
507 2.97445394 2.97445304 2.98166387 2.97922752 2.97855381 0.955607836 0.981371193
508 2.97452007 2.97451918 2.98171053 2.97928393 2.97860923 0.955694485 0.981407588
509 2.97458595 2.97458506 2.981757 2.97934012 2.97866444 0.955780796 0.981443841
510 2.97465157 2.97465068 2.98180329 2.97939608 2.97871942 0.955866772 0.981479954
511 2.97471693 2.97471604 2.98184939 2.97945183 2.97877419 0.955952414 0.981515926
512 2.97478204 2.97478115 2.98189532 2.97950736 2.97882875 0.956037724 0.981551758
513 2.9748469 2.974846 2.98194107 2.97956268 2.9788831 0.956122705 0.981587452
514 2.9749115 2.9749106 2.98198664 2.97961778 2.97893723 0.956207358 0.981623008
515 2.97497585 2.97497495 2.98203203 2.97967266 2.97899115 0.956291684 0.981658427
516 2.97503995 2.97503905 2.98207725 2.97972733 2.97904486 0.956375687 0.98169371
517 2.9751038 2.97510291 2.98212229 2.97978179 2.97909837 0.956459367 0.981728857
518 2.97516741 2.97516651 2.98216716 2.97983604 2.97915167 0.956542727 0.98176387
519 2.97523077 2.97522987 2.98221186 2.97989009 2.97920476 0.956625768 0.981798748
520 2.97529389 2.97529299 2.98225638 2.97994392 2.97925765 0.956708493 0.981833494
521 2.97535676 2.97535587 2.98230074 2.97999755 2.97931034 0.956790903 0.981868107
522 2.9754194 2.9754185 2.98234492 2.98005097 2.97936283 0.956872999 0.981902588
523 2.97548179 2.9754809 2.98238893 2.98010418 2.97941511 0.956954784 0.981936939
524 2.97554395 2.97554305 2.98243278 2.9801572 2.97946719 0.95703626 0.981971159
525 2.97560587 2.97560497 2.98247646 2.98021001 2.97951908 0.957117428 0.98200525
526 2.97566755 2.97566666 2.98251997 2.98026262 2.97957077 0.95719829 0.982039212
527 2.96812359 2.9681227 2.97686308 2.97366058 2.97296976 0.947327764 0.977394294
528 2.96630146 2.96630057 2.97596882 2.97230214 2.97161082 0.944949361 0.976976144
529 2.96638039 2.96637949 2.97602439 2.9723694 2.97167717 0.945052333 0.97701926
530 2.96645901 2.96645812 2.97607975 2.97243641 2.97174326 0.945154921 0.977062215
531 2.96653734 2.96653645 2.9761349 2.97250316 2.97180911 0.945257126 0.97710501
532 2.96661538 2.96661448 2.97618984 2.97256967 2.9718747 0.945358951 0.977147645
533 2.96669312 2.96669223 2.97624458 2.97263592 2.97194006 0.945460398 0.977190122
534 2.96677057 2.96676968 2.97629911 2.97270193 2.97200516 0.94556147 0.977232441
535 2.96684773 2.96684684 2.97635344 2.97276769 2.97207003 0.945662167 0.977274604
536 2.9669246 2.96692371 2.97640756 2.9728332 2.97213465 0.945762492 0.977316611
537 2.96700119 2.9670003 2.97646149 2.97289847 2.97219903 0.945862448 0.977358462
538 2.96707749 2.9670766 2.97651521 2.9729635 2.97226317 0.945962036 0.97740016
539 2.96715351 2.96715262 2.97656873 2.97302829 2.97232708 0.946061259 0.977441704
540 2.96722925 2.96722836 2.97662206 2.97309284 2.97239075 0.946160117 0.977483096
541 2.96730471 2.96730382 2.97667518 2.97315714 2.97245418 0.946258614 0.977524336
542 2.96737989 2.967379 2.97672812 2.97322121 2.97251738 0.946356752 0.977565426
543 2.96745479 2.9674539 2.97678085 2.97328505 2.97258034 0.946454531 0.977606365
544 2.96752942 2.96752853 2.9768334 2.97334865 2.97264307 0.946551955 0.977647155
545 2.96760377 2.96760288 2.97688575 2.97341202 2.97270558 0.946649025 0.977687798
546 2.96767785 2.96767696 2.9769379 2.97347515 2.97276785 0.946745743 0.977728292
547 2.96775166 2.96775077 2.97698987 2.97353805 2.9728299 0.946842111 0.97776864
548 2.9678252 2.96782431 2.97704165 2.97360073 2.97289172 0.946938131 0.977808842
549 2.96789848 2.96789758 2.97709324 2.97366317 2.97295331 0.947033805 0.977848899
550 2.96797148 2.96797059 2.97714464 2.97372539 2.97301469 0.947129135 0.977888811
551 2.96804423 2.96804333 2.97719586 2.97378739 2.97307583 0.947224121 0.97792858
552 2.9681167 2.96811581 2.97724689 2.97384915 2.97313676 0.947318768 0.977968206
553 2.96818892 2.96818803 2.97729773 2.9739107 2.97319747 0.947413075 0.97800769
554 2.96826087 2.96825998 2.97734839 2.97397202 2.97325795 0.947507046 0.978047033
555 2.96833257 2.96833168 2.97739887 2.97403312 2.97331822 0.947600681 0.978086235
556 2.96840401 2.96840311 2.97744917 2.97409401 2.97337828 0.947693982 0.978125298
557 2.96847519 2.9684743 2.97749929 2.97415467 2.97343811 0.947786953 0.978164222
558 2.96854612 2.96854522 2.97754922 2.97421512 2.97349774 0.947879593 0.978203007
559 2.96861679 2.96861589 2.97759898 2.97427534 2.97355714 0.947971905 0.978241655
560 2.96868721 2.96868631 2.97764856 2.97433536 2.97361634 0.948063891 0.978280166
561 2.96875738 2.96875648 2.97769797 2.97439516 2.97367533 0.948155552 0.978318541
562 2.9688273 2.9688264 2.9777472 2.97445475 2.9737341 0.94824689 0.97835678
563 2.96889697 2.96889607 2.97779625 2.97451412 2.97379267 0.948337907 0.978394885
564 2.96896639 2.9689655 2.97784513 2.97457329 2.97385103 0.948428604 0.978432856
565 2.96903557 2.96903468 2.97789383 2.97463225 2.97390918 0.948518984 0.978470694
566 2.9691045 2.96910361 2.97794237 2.97469099 2.97396713 0.948609047 0.978508399
567 2.96917319 2.9691723 2.97799073 2.97474953 2.97402487 0.948698796 0.978545972
568 2.96924164 2.96924075 2.97803892 2.97480787 2.97408241 0.948788232 0.978583415
569 2.96930985 2.96930896 2.97808695 2.974866 2.97413975 0.948877357 0.978620727
570 2.96937782 2.96937692 2.9781348 2.97492392 2.97419689 0.948966172 0.978657909
571 2.96944555 2.96944466 2.97818249 2.97498165 2.97425382 0.949054678 0.978694962
572 2.96951304 2.96951215 2.97823001 2.97503917 2.97431056 0.949142879 0.978731886
573 2.9695803 2.96957941 2.97827737 2.97509649 2.9743671 0.949230775 0.978768683
574 2.96964732 2.96964643 2.97832456 2.97515361 2.97442344 0.949318367 0.978805353
575 2.96971412 2.96971322 2.97837158 2.97521053 2.97447959 0.949405658 0.978841896
576 2.96978067 2.96977978 2.97841844 2.97526725 2.97453554 0.949492648 0.978878313
577 2.969847 2.96984611 2.97846514 2.97532378 2.9745913 0.94957934 0.978914606
578 2.9699131 2.96991221 2.97851168 2.97538011 2.97464686 0.949665735 0.978950773
579 2.96997897 2.96997808 2.97855806 2.97543625 2.97470223 0.949751835 0.978986817
580 2.97004461 2.97004372 2.97860428 2.97549219 2.97475741 0.94983764 0.979022738
581 2.97011003 2.97010914 2.97865033 2.97554794 2.97481241 0.949923153 0.979058536
582 2.97017522 2.97017433 2.97869624 2.9756035 2.97486721 0.950008375 0.979094212
583 2.97024019 2.9702393 2.97874198 2.97565887 2.97492182 0.950093307 0.979129767
584 2.97030494 2.97030405 2.97878756 2.97571405 2.97497625 0.950177951 0.979165201
585 2.97036946 2.97036857 2.97883299 2.97576904 2.97503049 0.950262309 0.979200515
586 2.97043377 2.97043288 2.97887827 2.97582384 2.97508455 0.950346381 0.97923571
587 2.97049785 2.97049696 2.97892339 2.97587846 2.97513842 0.95043017 0.979270786
588 2.97056172 2.97056083 2.97896836 2.97593289 2.97519211 0.950513676 0.979305743
589 2.97062537 2.97062448 2.97901317 2.97598714 2.97524562 0.950596902 0.979340583
590 2.97068881 2.97068791 2.97905784 2.9760412 2.97529894 0.950679848 0.979375305
591 2.97075203 2.97075113 2.97910235 2.97609508 2.97535209 0.950762516 0.979409911
592 2.97081503 2.97081414 2.97914671 2.97614877 2.97540505 0.950844907 0.979444401
593 2.97087783 2.97087694 2.97919092 2.97620229 2.97545784 0.950927024 0.979478776
594 2.97094041 2.97093952 2.97923498 2.97625562 2.97551045 0.951008866 0.979513036
595 2.97100278 2.97100189 2.9792789 2.97630878 2.97556288 0.951090436 0.979547182
596 2.97106495 2.97106405 2.97932267 2.97636176 2.97561513 0.951171735 0.979581214
597 2.9711269 2.97112601 2.97936629 2.97641456 2.97566721 0.951252763 0.979615133
598 2.97118865 2.97118776 2.97940976 2.97646718 2.97571912 0.951333524 0.979648939
599 2.97125019 2.9712493 2.97945309 2.97651963 2.97577085 0.951414017 0.979682634
600 2.97131153 2.97131063 2.97949628 2.9765719 2.97582242 0.951494245 0.979716217
601 2.97137266 2.97137177 2.97953932 2.976624 2.97587381 0.951574208 0.97974969
602 2.97143359 2.9714327 2.97958222 2.97667593 2.97592502 0.951653907 0.979783052
603 2.97149432 2.97149342 2.97962497 2.97672768 2.97597607 0.951733345 0.979816304
604 2.97155484 2.97155395 2.97966759 2.97677926 2.97602695 0.951812523 0.979849448
605 2.97161517 2.97161427 2.97971006 2.97683068 2.97607766 0.951891441 0.979882482
606 2.97167529 2.9716744 2.97975239 2.97688192 2.97612821 0.9519701 0.979915409
607 2.97173522 2.97173433 2.97979459 2.97693299 2.97617859 0.952048504 0.979948228
608 2.97179495 2.97179406 2.97983664 2.9769839 2.9762288 0.952126651 0.979980939
609 2.97185449 2.9718536 2.97987856 2.97703463 2.97627885 0.952204545 0.980013545
610 2.97191383 2.97191294 2.97992034 2.97708521 2.97632873 0.952282185 0.980046044
611 2.97197298 2.97197208 2.97996198 2.97713561 2.97637845 0.952359573 0.980078437
612 2.97203193 2.97203104 2.98000349 2.97718585 2.976428 0.952436711 0.980110726
613 2.97209069 2.9720898 2.98004486 2.97723593 2.9764774 0.9525136 0.98014291
614 2.97214926 2.97214836 2.9800861 2.97728585 2.97652664 0.95259024 0.98017499
615 2.97220764 2.97220674 2.9801272 2.9773356 2.97657571 0.952666634 0.980206967
616 2.97226583 2.97226493 2.98016817 2.97738519 2.97662462 0.952742781 0.980238841
617 2.97232383 2.97232293 2.98020901 2.97743462 2.97667338 0.952818684 0.980270612
618 2.97238164 2.97238074 2.98024971 2.97748389 2.97672198 0.952894344 0.980302281
619 2.97243926 2.97243837 2.98029028 2.977533 2.97677042 0.952969761 0.980333849
620 2.9724967 2.97249581 2.98033073 2.97758195 2.97681871 0.953044938 0.980365316
621 2.97255396 2.97255307 2.98037104 2.97763075 2.97686684 0.953119874 0.980396682
622 2.97261103 2.97261014 2.98041122 2.97767939 2.97691481 0.953194571 0.980427948
623 2.97266792 2.97266702 2.98045127 2.97772787 2.97696263 0.953269031 0.980459115
624 2.97272462 2.97272373 2.9804912 2.97777619 2.9770103 0.953343255 0.980490182
625 2.97278115 2.97278025 2.98053099 2.97782437 2.97705782 0.953417243 0.980521151
626 2.97283749 2.9728366 2.98057066 2.97787238 2.97710518 0.953490997 0.980552022
627 2.97289365 2.97289276 2.98061021 2.97792025 2.97715239 0.953564517 0.980582795
628 2.97294964 2.97294874 2.98064963 2.97796796 2.97719946 0.953637806 0.980613471
629 2.97300544 2.97300455 2.98068892 2.97801552 2.97724637 0.953710863 0.98064405
630 2.97306107 2.97306018 2.98072808 2.97806293 2.97729313 0.953783691 0.980674533
631 2.97311653 2.97311563 2.98076713 2.97811019 2.97733975 0.95385629 0.98070492
632 2.9731718 2.97317091 2.98080605 2.9781573 2.97738622 0.953928661 0.980735211
633 2.97322691 2.97322601 2.98084484 2.97820426 2.97743254 0.954000806 0.980765408
634 2.97328184 2.97328094 2.98088352 2.97825107 2.97747871 0.954072725 0.98079551
635 2.97333659 2.9733357 2.98092207 2.97829774 2.97752474 0.954144419 0.980825518
636 2.97339118 2.97339028 2.9809605 2.97834426 2.97757063 0.95421589 0.980855432
637 2.97344559 2.9734447 2.98099881 2.97839063 2.97761637 0.954287139 0.980885253
638 2.97349983 2.97349894 2.981037 2.97843686 2.97766196 0.954358166 0.980914981
639 2.9735539 2.97355301 2.98107507 2.97848294 2.97770742 0.954428973 0.980944617
640 2.97360781 2.97360691 2.98111302 2.97852888 2.97775273 0.95449956 0.980974162
641 2.97366154 2.97366065 2.98115086 2.97857467 2.9777979 0.95456993 0.981003614
642 2.97371511 2.97371422 2.98118857 2.97862032 2.97784293 0.954640081 0.981032976
643 2.97376851 2.97376762 2.98122617 2.97866583 2.97788782 0.954710017 0.981062247
644 2.97382175 2.97382085 2.98126365 2.9787112 2.97793257 0.954779737 0.981091428
645 2.97387482 2.97387392 2.98130102 2.97875643 2.97797719 0.954849243 0.981120519
646 2.97392772 2.97392683 2.98133827 2.97880152 2.97802166 0.954918536 0.981149521
647 2.97398046 2.97397957 2.9813754 2.97884647 2.978066 0.954987616 0.981178433
648 2.97403304 2.97403215 2.98141242 2.97889128 2.9781102 0.955056485 0.981207258
649 2.97408546 2.97408457 2.98144933 2.97893595 2.97815426 0.955125144 0.981235994
650 2.97413772 2.97413682 2.98148612 2.97898049 2.97819819 0.955193593 0.981264642
651 2.97418981 2.97418892 2.9815228 2.97902488 2.97824198 0.955261833 0.981293203
652 2.97424175 2.97424086 2.98155937 2.97906914 2.97828564 0.955329866 0.981321677
653 2.97429353 2.97429263 2.98159582 2.97911327 2.97832916 0.955397693 0.981350064
654 2.97434514 2.97434425 2.98163216 2.97915726 2.97837256 0.955465314 0.981378366
655 2.97439661 2.97439571 2.9816684 2.97920112 2.97841582 0.95553273 0.981406581
656 2.97444791 2.97444702 2.98170452 2.97924484 2.97845894 0.955599942 0.981434711
657 2.97449906 2.97449816 2.98174053 2.97928843 2.97850194 0.955666952 0.981462757
658 2.97455005 2.97454916 2.98177643 2.97933189 2.97854481 0.955733759 0.981490717
659 2.97460089 2.97459999 2.98181223 2.97937522 2.97858754 0.955800366 0.981518594
660 2.97465157 2.97465068 2.98184791 2.97941841 2.97863015 0.955866772 0.981546386
661 2.9747021 2.97470121 2.98188349 2.97946147 2.97867262 0.955932979 0.981574095
662 2.97475248 2.97475158 2.98191896 2.97950441 2.97871497 0.955998988 0.981601721
663 2.9748027 2.97480181 2.98195432 2.97954721 2.97875719 0.956064799 0.981629264
664 2.97485278 2.97485188 2.98198957 2.97958989 2.97879929 0.956130414 0.981656725
665 2.9749027 2.97490181 2.98202472 2.97963243 2.97884125 0.956195833 0.981684104
666 2.97495248 2.97495158 2.98205977 2.97967485 2.9788831 0.956261058 0.981711402
667 2.9750021 2.97500121 2.98209471 2.97971714 2.97892481 0.956326088 0.981738618
668 2.97505158 2.97505068 2.98212954 2.97975931 2.9789664 0.956390925 0.981765753
669 2.9751009 2.97510001 2.98216427 2.97980135 2.97900787 0.95645557 0.981792808
670 2.97515008 2.97514919 2.9821989 2.97984326 2.97904921 0.956520024 0.981819782
671 2.97519912 2.97519822 2.98223342 2.97988505 2.97909043 0.956584287 0.981846677
672 2.97524801 2.97524711 2.98226784 2.97992671 2.97913153 0.956648361 0.981873493
673 2.97529675 2.97529586 2.98230216 2.97996826 2.9791725 0.956712246 0.981900229
674 2.97534535 2.97534445 2.98233638 2.98000967 2.97921335 0.956775942 0.981926886
675 2.9753938 2.97539291 2.9823705 2.98005097 2.97925409 0.956839452 0.981953465
676 2.97544211 2.97544122 2.98240451 2.98009214 2.9792947 0.956902775 0.981979966
677 2.97549028 2.97548939 2.98243842 2.98013319 2.97933519 0.956965913 0.98200639
678 2.97553831 2.97553741 2.98247224 2.98017412 2.97937556 0.957028866 0.982032736
679 2.97558619 2.9755853 2.98250595 2.98021493 2.97941581 0.957091635 0.982059004
680 2.97563394 2.97563304 2.98253957 2.98025562 2.97945595 0.957154221 0.982085197
681 2.97568154 2.97568065 2.98257308 2.98029619 2.97949597 0.957216625 0.982111313
682 2.975729 2.97572811 2.9826065 2.98033664 2.97953587 0.957278847 0.982137352
683 2.97577633 2.97577543 2.98263982 2.98037697 2.97957565 0.957340888 0.982163316
684 2.97582352 2.97582262 2.98267304 2.98041718 2.97961532 0.95740275 0.982189205
685 2.97587056 2.97586967 2.98270617 2.98045728 2.97965487 0.957464432 0.982215019
686 2.97591748 2.97591658 2.9827392 2.98049726 2.9796943 0.957525936 0.982240758
687 2.97596425 2.97596336 2.98277213 2.98053712 2.97973362 0.957587263 0.982266422
688 2.97601089 2.97601 2.98280497 2.98057687 2.97977283 0.957648413 0.982292013
689 2.97605739 2.9760565 2.98283771 2.9806165 2.97981192 0.957709386 0.98231753
690 2.97610376 2.97610287 2.98287036 2.98065602 2.9798509 0.957770184 0.982342973
691 2.97615 2.9761491 2.98290291 2.98069542 2.97988977 0.957830808 0.982368343
692 2.9761961 2.9761952 2.98293537 2.98073471 2.97992852 0.957891258 0.982393641
693 2.97624207 2.97624117 2.98296774 2.98077389 2.97996716 0.957951535 0.982418866
694 2.9762879 2.97628701 2.98300001 2.98081295 2.98000569 0.958011639 0.982444019
695 2.97633361 2.97633271 2.98303219 2.9808519 2.98004411 0.958071572 0.9824691
696 2.97637918 2.97637828 2.98306427 2.98089074 2.98008242 0.958131335 0.982494109
697 2.97642462 2.97642373 2.98309627 2.98092947 2.98012062 0.958190927 0.982519047
698 2.97646993 2.97646904 2.98312817 2.98096808 2.98015871 0.958250349 0.982543914
699 2.97651511 2.97651422 2.98315998 2.98100659 2.98019669 0.958309603 0.982568711
700 2.97656017 2.97655927 2.9831917 2.98104499 2.98023456 0.958368689 0.982593437
701 2.97660509 2.9766042 2.98322333 2.98108327 2.98027233 0.958427608 0.982618093
702 2.97664989 2.97664899 2.98325487 2.98112145 2.98030999 0.95848636 0.98264268
703 2.97669456 2.97669366 2.98328632 2.98115952 2.98034754 0.958544947 0.982667196
704 2.9767391 2.9767382 2.98331768 2.98119748 2.98038498 0.958603368 0.982691644
705 2.97678351 2.97678262 2.98334895 2.98123533 2.98042232 0.958661625 0.982716023
706 2.9768278 2.97682691 2.98338014 2.98127308 2.98045955 0.958719718 0.982740333
707 2.97687197 2.97687107 2.98341123 2.98131071 2.98049667 0.958777648 0.982764576
708 2.97691601 2.97691511 2.98344224 2.98134825 2.98053369 0.958835416 0.98278875
709 2.97695992 2.97695903 2.98347316 2.98138567 2.98057061 0.958893022 0.982812856
710 2.97700371 2.97700282 2.98350399 2.98142299 2.98060742 0.958950468 0.982836895
711 2.97704738 2.97704649 2.98353474 2.98146021 2.98064413 0.959007752 0.982860867
712 2.97709093 2.97709003 2.9835654 2.98149732 2.98068074 0.959064878 0.982884772
713 2.97713435 2.97713346 2.98359597 2.98153433 2.98071724 0.959121844 0.98290861
714 2.97717765 2.97717676 2.98362646 2.98157123 2.98075364 0.959178652 0.982932382
715 2.97722083 2.97721994 2.98365686 2.98160803 2.98078994 0.959235302 0.982956088
716 2.9772639 2.977263 2.98368718 2.98164473 2.98082614 0.959291795 0.982979728
717 2.97730684 2.97730594 2.98371741 2.98168132 2.98086223 0.959348132 0.983003303
718 2.97734966 2.97734876 2.98374756 2.98171782 2.98089823 0.959404313 0.983026812
719 2.97739236 2.97739146 2.98377762 2.98175421 2.98093413 0.959460339 0.983050257
720 2.97743494 2.97743405 2.98380761 2.9817905 2.98096992 0.959516211 0.983073637
721 2.97747741 2.97747651 2.9838375 2.98182669 2.98100562 0.959571929 0.983096952
722 2.97751975 2.97751886 2.98386732 2.98186278 2.98104122 0.959627493 0.983120204
723 2.97756198 2.97756109 2.98389705 2.98189877 2.98107672 0.959682906 0.983143391
724 2.9776041 2.9776032 2.9839267 2.98193466 2.98111212 0.959738166 0.983166515
725 2.97764609 2.9776452 2.98395627 2.98197045 2.98114742 0.959793275 0.983189575
726 2.97768797 2.97768708 2.98398576 2.98200614 2.98118263 0.959848233 0.983212573
727 2.97772974 2.97772884 2.98401517 2.98204174 2.98121774 0.959903042 0.983235507
728 2.97777139 2.9777705 2.98404449 2.98207724 2.98125275 0.959957701 0.983258379
729 2.97781293 2.97781203 2.98407374 2.98211264 2.98128767 0.960012211 0.983281189
730 2.97785435 2.97785346 2.9841029 2.98214794 2.98132249 0.960066573 0.983303937
731 2.97789566 2.97789477 2.98413199 2.98218314 2.98135722 0.960120787 0.983326623
732 2.97793686 2.97793596 2.98416099 2.98221825 2.98139185 0.960174854 0.983349247
733 2.97797794 2.97797705 2.98418992 2.98225327 2.98142639 0.960228775 0.98337181
734 2.97801892 2.97801802 2.98421877 2.98228819 2.98146083 0.960282551 0.983394312
735 2.97805978 2.97805888 2.98424754 2.98232301 2.98149518 0.960336181 0.983416753
736 2.97810053 2.97809963 2.98427623 2.98235774 2.98152943 0.960389666 0.983439133
737 2.97814117 2.97814027 2.98430484 2.98239237 2.9815636 0.960443007 0.983461453
738 2.9781817 2.9781808 2.98433338 2.98242691 2.98159767 0.960496205 0.983483713
739 2.97822212 2.97822122 2.98436184 2.98246136 2.98163164 0.96054926 0.983505914
740 2.97826243 2.97826153 2.98439022 2.98249572 2.98166553 0.960602172 0.983528054
741 2.97830263 2.97830174 2.98441852 2.98252998 2.98169933 0.960654943 0.983550135
742 2.97834272 2.97834183 2.98444675 2.98256415 2.98173303 0.960707573 0.983572158
743 2.97838271 2.97838181 2.9844749 2.98259822 2.98176664 0.960760062 0.983594121
744 2.97842259 2.97842169 2.98450298 2.98263221 2.98180017 0.960812411 0.983616025
745 2.97846236 2.97846146 2.98453098 2.9826661 2.9818336 0.960864621 0.983637872
746 2.97850202 2.97850113 2.98455891 2.98269991 2.98186694 0.960916691 0.98365966
747 2.97854158 2.97854069 2.98458676 2.98273362 2.98190019 0.960968624 0.98368139
748 2.97858103 2.97858014 2.98461454 2.98276724 2.98193336 0.961020418 0.983703062
749 2.97862038 2.97861949 2.98464224 2.98280078 2.98196644 0.961072075 0.983724677
750 2.97865962 2.97865873 2.98466987 2.98283422 2.98199942 0.961123596 0.983746235
751 2.97869876 2.97869787 2.98469743 2.98286757 2.98203232 0.96117498 0.983767735
752 2.97873779 2.9787369 2.98472491 2.98290084 2.98206514 0.961226229 0.983789179
753 2.97877672 2.97877583 2.98475232 2.98293402 2.98209786 0.961277342 0.983810566
754 2.97881555 2.97881466 2.98477966 2.98296711 2.9821305 0.961328321 0.983831897
755 2.97885427 2.97885338 2.98480692 2.98300011 2.98216305 0.961379166 0.983853172
756 2.9788929 2.978892 2.98483411 2.98303302 2.98219552 0.961429877 0.983874391
757 2.97893142 2.97893052 2.98486123 2.98306585 2.9822279 0.961480456 0.983895554
758 2.97896983 2.97896894 2.98488828 2.98309859 2.98226019 0.961530902 0.983916662
759 2.97900815 2.97900725 2.98491526 2.98313125 2.9822924 0.961581216 0.983937714
760 2.97904636 2.97904547 2.98494217 2.98316382 2.98232453 0.961631398 0.983958711
761 2.97908448 2.97908358 2.984969 2.9831963 2.98235657 0.96168145 0.983979654
762 2.9791225 2.9791216 2.98499577 2.9832287 2.98238853 0.961731371 0.984000542
763 2.97916041 2.97915951 2.98502246 2.98326101 2.9824204 0.961781162 0.984021375
764 2.97919823 2.97919733 2.98504909 2.98329324 2.98245219 0.961830824 0.984042155
765 2.97923594 2.97923505 2.98507564 2.98332538 2.98248389 0.961880357 0.98406288
766 2.97927356 2.97927267 2.98510213 2.98335744 2.98251552 0.961929762 0.984083552
767 2.97931108 2.97931019 2.98512855 2.98338942 2.98254706 0.961979039 0.98410417
768 2.97934851 2.97934761 2.9851549 2.98342131 2.98257852 0.962028188 0.984124734
769 2.97938583 2.97938494 2.98518118 2.98345312 2.98260989 0.96207721 0.984145246
770 2.97942306 2.97942217 2.98520739 2.98348485 2.98264119 0.962126106 0.984165705
771 2.97946019 2.9794593 2.98523353 2.9835165 2.9826724 0.962174877 0.98418611
772 2.97949723 2.97949633 2.98525961 2.98354806 2.98270354 0.962223521 0.984206464
773 2.97953417 2.97953327 2.98528562 2.98357954 2.98273459 0.962272041 0.984226765
774 2.97957101 2.97957012 2.98531156 2.98361094 2.98276556 0.962320436 0.984247014
775 2.97960776 2.97960687 2.98533743 2.98364226 2.98279646 0.962368708 0.984267211
776 2.97964442 2.97964352 2.98536324 2.9836735 2.98282727 0.962416855 0.984287356
777 2.97968098 2.97968008 2.98538898 2.98370466 2.982858 0.96246488 0.98430745
778 2.97971745 2.97971655 2.98541466 2.98373574 2.98288866 0.962512782 0.984327492
779 2.97975382 2.97975292 2.98544027 2.98376673 2.98291923 0.962560562 0.984347484
780 2.9797901 2.9797892 2.98546581 2.98379765 2.98294973 0.962608221 0.984367424
781 2.97982629 2.97982539 2.98549129 2.98382849 2.98298015 0.962655758 0.984387314
782 2.97986238 2.97986148 2.9855167 2.98385925 2.98301049 0.962703174 0.984407153
783 2.97989838 2.97989749 2.98554205 2.98388994 2.98304076 0.962750471 0.984426942
784 2.97993429 2.9799334 2.98556733 2.98392054 2.98307094 0.962797647 0.98444668
785 2.97997011 2.97996922 2.98559255 2.98395107 2.98310106 0.962844704 0.984466369
786 2.98000584 2.98000494 2.98561771 2.98398151 2.98313109 0.962891643 0.984486008
787 2.98004148 2.98004058 2.9856428 2.98401189 2.98316105 0.962938462 0.984505597
788 2.98007702 2.98007613 2.98566782 2.98404218 2.98319093 0.962985164 0.984525137
789 2.98011248 2.98011158 2.98569279 2.9840724 2.98322073 0.963031749 0.984544627
790 2.98014784 2.98014695 2.98571769 2.98410254 2.98325046 0.963078216 0.984564069
791 2.98018312 2.98018223 2.98574253 2.9841326 2.98328012 0.963124566 0.984583462
792 2.98021831 2.98021741 2.9857673 2.98416259 2.9833097 0.963170801 0.984602806
793 2.98025341 2.98025251 2.98579201 2.9841925 2.9833392 0.963216919 0.984622101
794 2.98028842 2.98028752 2.98581666 2.98422234 2.98336863 0.963262922 0.984641349
795 2.98032334 2.98032245 2.98584125 2.9842521 2.98339799 0.96330881 0.984660548
796 2.98035818 2.98035728 2.98586578 2.98428179 2.98342727 0.963354584 0.984679699
797 2.98039293 2.98039203 2.98589024 2.9843114 2.98345648 0.963400244 0.984698802
798 2.98042759 2.98042669 2.98591465 2.98434094 2.98348562 0.96344579 0.984717858
799 2.98046216 2.98046126 2.98593899 2.98437041 2.98351468 0.963491223 0.984736867
800 2.98049665 2.98049575 2.98596327 2.9843998 2.98354368 0.963536543 0.984755828
801 2.98053105 2.98053015 2.98598749 2.98442912 2.98357259 0.963581751 0.984774742
802 2.98056536 2.98056447 2.98601165 2.98445836 2.98360144 0.963626846 0.98479361
803 2.98059959 2.9805987 2.98603575 2.98448753 2.98363021 0.96367183 0.98481243
804 2.98063374 2.98063284 2.98605979 2.98451663 2.98365892 0.963716704 0.984831204
805 2.9806678 2.9806669 2.98608377 2.98454566 2.98368755 0.963761466 0.984849932
806 2.98070177 2.98070088 2.98610769 2.98457462 2.98371611 0.963806118 0.984868614
807 2.98073566 2.98073477 2.98613156 2.9846035 2.9837446 0.96385066 0.984887249
808 2.98076947 2.98076858 2.98615536 2.98463231 2.98377302 0.963895093 0.984905839
809 2.9808032 2.9808023 2.9861791 2.98466105 2.98380137 0.963939416 0.984924383
810 2.98083684 2.98083594 2.98620279 2.98468972 2.98382965 0.963983631 0.984942881
811 2.98087039 2.9808695 2.98622642 2.98471832 2.98385786 0.964027738 0.984961335
812 2.98090387 2.98090297 2.98624998 2.98474685 2.983886 0.964071736 0.984979743
813 2.98093726 2.98093637 2.98627349 2.98477531 2.98391407 0.964115628 0.984998106
814 2.98097057 2.98096968 2.98629695 2.9848037 2.98394207 0.964159412 0.985016424
815 2.9810038 2.9810029 2.98632034 2.98483201 2.98397 0.964203089 0.985034697
816 2.98103695 2.98103605 2.98634368 2.98486026 2.98399787 0.96424666 0.985052926
817 2.98107001 2.98106912 2.98636696 2.98488844 2.98402566 0.964290125 0.985071111
818 2.981103 2.9811021 2.98639019 2.98491656 2.98405339 0.964333485 0.985089251
819 2.9811359 2.98113501 2.98641335 2.9849446 2.98408105 0.964376739 0.985107348
820 2.98116873 2.98116783 2.98643646 2.98497257 2.98410865 0.964419889 0.9851254
821 2.98120147 2.98120058 2.98645952 2.98500048 2.98413617 0.964462934 0.985143409
822 2.98123414 2.98123324 2.98648252 2.98502832 2.98416363 0.964505875 0.985161374
823 2.98126672 2.98126583 2.98650546 2.98505609 2.98419102 0.964548713 0.985179296
824 2.98129923 2.98129833 2.98652835 2.98508379 2.98421835 0.964591447 0.985197175
825 2.98133166 2.98133076 2.98655118 2.98511143 2.98424561 0.964634079 0.98521501
826 2.98136401 2.98136311 2.98657395 2.985139 2.9842728 0.964676608 0.985232803
827 2.98139628 2.98139538 2.98659668 2.9851665 2.98429993 0.964719034 0.985250553
828 2.98142847 2.98142757 2.98661934 2.98519393 2.98432699 0.964761359 0.98526826
829 2.98146059 2.98145969 2.98664195 2.9852213 2.98435399 0.964803583 0.985285925
830 2.98149262 2.98149173 2.98666451 2.98524861 2.98438092 0.964845705 0.985303547
831 2.98152458 2.98152369 2.98668701 2.98527585 2.98440779 0.964887727 0.985321128
832 2.98155647 2.98155557 2.98670946 2.98530302 2.98443459 0.964929648 0.985338666
833 2.98158828 2.98158738 2.98673186 2.98533013 2.98446133 0.96497147 0.985356162
834 2.98162001 2.98161911 2.9867542 2.98535717 2.984488 0.965013192 0.985373617
835 2.98165166 2.98165077 2.98677648 2.98538415 2.98451461 0.965054814 0.98539103
836 2.98168324 2.98168234 2.98679872 2.98541106 2.98454116 0.965096338 0.985408402
837 2.98171474 2.98171385 2.9868209 2.98543791 2.98456764 0.965137763 0.985425732
838 2.98174617 2.98174528 2.98684303 2.98546469 2.98459406 0.96517909 0.985443022
839 2.98177753 2.98177663 2.9868651 2.98549141 2.98462042 0.965220319 0.98546027
840 2.98180881 2.98180791 2.98688713 2.98551807 2.98464671 0.96526145 0.985477478
841 2.98184001 2.98183912 2.9869091 2.98554466 2.98467294 0.965302485 0.985494645
842 2.98187114 2.98187025 2.98693102 2.98557119 2.98469911 0.965343422 0.985511771
843 2.9819022 2.9819013 2.98695288 2.98559766 2.98472522 0.965384263 0.985528857
844 2.98193318 2.98193229 2.9869747 2.98562407 2.98475127 0.965425008 0.985545903
845 2.98196409 2.9819632 2.98699646 2.98565041 2.98477725 0.965465657 0.985562908
846 2.98199493 2.98199403 2.98701817 2.98567669 2.98480317 0.965506211 0.985579874
847 2.98202569 2.9820248 2.98703983 2.98570291 2.98482903 0.965546669 0.9855968
848 2.98205638 2.98205549 2.98706144 2.98572906 2.98485483 0.965587033 0.985613686
849 2.982087 2.98208611 2.987083 2.98575516 2.98488057 0.965627302 0.985630532
850 2.98211755 2.98211665 2.9871045 2.98578119 2.98490625 0.965667477 0.98564734
851 2.98214803 2.98214713 2.98712596 2.98580716 2.98493187 0.965707558 0.985664108
852 2.98217843 2.98217753 2.98714737 2.98583308 2.98495743 0.965747546 0.985680836
853 2.98220876 2.98220787 2.98716872 2.98585893 2.98498293 0.965787441 0.985697526
854 2.98223902 2.98223813 2.98719003 2.98588472 2.98500836 0.965827243 0.985714177
855 2.98226921 2.98226832 2.98721129 2.98591045 2.98503374 0.965866952 0.985730789
856 2.98229933 2.98229844 2.98723249 2.98593612 2.98505906 0.965906569 0.985747363
857 2.98232938 2.98232849 2.98725365 2.98596172 2.98508432 0.965946095 0.985763898
858 2.98235936 2.98235847 2.98727476 2.98598727 2.98510952 0.965985529 0.985780395
859 2.98238927 2.98238838 2.98729582 2.98601277 2.98513467 0.966024871 0.985796853
860 2.98241911 2.98241822 2.98731683 2.9860382 2.98515975 0.966064123 0.985813274
861 2.98244888 2.98244799 2.98733779 2.98606357 2.98518478 0.966103284 0.985829657
862 2.98247859 2.98247769 2.9873587 2.98608888 2.98520975 0.966142355 0.985846002
863 2.98250822 2.98250732 2.98737956 2.98611414 2.98523466 0.966181336 0.985862309
864 2.98253778 2.98253689 2.98740038 2.98613933 2.98525951 0.966220227 0.985878578
865 2.98256728 2.98256638 2.98742115 2.98616447 2.98528431 0.966259029 0.985894811
866 2.98259671 2.98259581 2.98744187 2.98618955 2.98530904 0.966297742 0.985911006
867 2.98262607 2.98262517 2.98746254 2.98621457 2.98533372 0.966336366 0.985927164
868 2.98265536 2.98265446 2.98748316 2.98623954 2.98535835 0.966374901 0.985943284
869 2.98268459 2.98268369 2.98750374 2.98626444 2.98538292 0.966413349 0.985959368
870 2.98271374 2.98271285 2.98752427 2.98628929 2.98540743 0.966451709 0.985975416
871 2.98274284 2.98274194 2.98754475 2.98631408 2.98543188 0.966489981 0.985991426
872 2.98277186 2.98277096 2.98756519 2.98633882 2.98545628 0.966528166 0.9860074
873 2.98280082 2.98279992 2.98758557 2.9863635 2.98548062 0.966566264 0.986023338
874 2.98282971 2.98282881 2.98760592 2.98638812 2.98550491 0.966604275 0.986039239
875 2.98285853 2.98285764 2.98762621 2.98641269 2.98552914 0.9666422 0.986055104
876 2.98288729 2.9828864 2.98764646 2.9864372 2.98555332 0.96668004 0.986070934
877 2.98291599 2.98291509 2.98766666 2.98646165 2.98557744 0.966717793 0.986086727
878 2.98294462 2.98294372 2.98768682 2.98648605 2.98560151 0.966755461 0.986102485
879 2.98297318 2.98297228 2.98770693 2.98651039 2.98562552 0.966793043 0.986118206
880 2.98300168 2.98300078 2.987727 2.98653468 2.98564947 0.966830541 0.986133893
881 2.98303011 2.98302922 2.98774702 2.98655891 2.98567338 0.966867955 0.986149544
882 2.98305848 2.98305759 2.98776699 2.98658309 2.98569722 0.966905284 0.98616516
883 2.98308679 2.98308589 2.98778692 2.98660721 2.98572102 0.966942528 0.98618074
884 2.98311503 2.98311413 2.9878068 2.98663128 2.98574476 0.96697969 0.986196285
885 2.98314321 2.98314231 2.98782664 2.98665529 2.98576844 0.967016767 0.986211796
886 2.98317132 2.98317042 2.98784644 2.98667925 2.98579208 0.967053762 0.986227272
887 2.98319937 2.98319847 2.98786618 2.98670316 2.98581566 0.967090674 0.986242713
888 2.98322736 2.98322646 2.98788589 2.98672701 2.98583918 0.967127503 0.986258119
889 2.98325528 2.98325439 2.98790555 2.98675081 2.98586266 0.96716425 0.986273491
890 2.98328314 2.98328225 2.98792517 2.98677455 2.98588608 0.967200914 0.986288829
891 2.98331094 2.98331005 2.98794474 2.98679825 2.98590945 0.967237497 0.986304132
892 2.98333868 2.98333778 2.98796427 2.98682188 2.98593276 0.967273999 0.986319401
893 2.98336635 2.98336546 2.98798375 2.98684547 2.98595603 0.967310419 0.986334637
894 2.98339397 2.98339307 2.98800319 2.986869 2.98597924 0.967346758 0.986349838
895 2.98342152 2.98342062 2.98802259 2.98689248 2.9860024 0.967383016 0.986365005
896 2.98344901 2.98344811 2.98804195 2.98691591 2.98602551 0.967419194 0.986380139
897 2.98347643 2.98347554 2.98806126 2.98693928 2.98604857 0.967455292 0.98639524
898 2.9835038 2.9835029 2.98808053 2.98696261 2.98607157 0.96749131 0.986410307
899 2.98353111 2.98353021 2.98809975 2.98698588 2.98609452 0.967527249 0.98642534
900 2.98355835 2.98355746 2.98811893 2.9870091 2.98611743 0.967563108 0.98644034
901 2.98358554 2.98358464 2.98813808 2.98703227 2.98614028 0.967598887 0.986455308
902 2.98361266 2.98361177 2.98815717 2.98705538 2.98616308 0.967634588 0.986470242
903 2.98363973 2.98363883 2.98817623 2.98707845 2.98618583 0.967670211 0.986485143
904 2.98366673 2.98366584 2.98819524 2.98710146 2.98620853 0.967705755 0.986500012
905 2.98369368 2.98369278 2.98821421 2.98712443 2.98623119 0.967741221 0.986514848
906 2.98372056 2.98371967 2.98823314 2.98714734 2.98625379 0.967776609 0.986529651
907 2.98374739 2.98374649 2.98825203 2.9871702 2.98627634 0.96781192 0.986544422
908 2.98377416 2.98377326 2.98827088 2.98719301 2.98629884 0.967847153 0.98655916
909 2.98380086 2.98379997 2.98828968 2.98721578 2.98632129 0.96788231 0.986573866
910 2.98382751 2.98382662 2.98830844 2.98723849 2.98634369 0.967917389 0.98658854
911 2.98385411 2.98385321 2.98832717 2.98726115 2.98636605 0.967952392 0.986603183
912 2.98388064 2.98387974 2.98834585 2.98728376 2.98638835 0.967987319 0.986617793
913 2.98390711 2.98390622 2.98836449 2.98730632 2.9864106 0.96802217 0.986632371
914 2.98393353 2.98393263 2.98838309 2.98732884 2.98643281 0.968056945 0.986646917
915 2.98395989 2.98395899 2.98840164 2.9873513 2.98645497 0.968091644 0.986661432
916 2.98398619 2.98398529 2.98842016 2.98737372 2.98647708 0.968126268 0.986675916
917 2.98401243 2.98401154 2.98843864 2.98739608 2.98649914 0.968160817 0.986690368
918 2.98403862 2.98403772 2.98845708 2.9874184 2.98652115 0.968195291 0.986704788
919 2.98406475 2.98406385 2.98847548 2.98744067 2.98654312 0.968229691 0.986719178
920 2.98409082 2.98408993 2.98849383 2.98746289 2.98656504 0.968264016 0.986733536
921 2.98411684 2.98411594 2.98851215 2.98748506 2.98658691 0.968298267 0.986747863
922 2.9841428 2.9841419 2.98853043 2.98750719 2.98660873 0.968332444 0.98676216
923 2.9841687 2.98416781 2.98854867 2.98752926 2.98663051 0.968366548 0.986776425
924 2.98419455 2.98419366 2.98856687 2.98755129 2.98665223 0.968400578 0.98679066
925 2.98422034 2.98421945 2.98858502 2.98757327 2.98667392 0.968434536 0.986804865
926 2.98424608 2.98424518 2.98860314 2.9875952 2.98669555 0.96846842 0.986819038
927 2.98427176 2.98427086 2.98862123 2.98761709 2.98671714 0.968502232 0.986833182
928 2.98429739 2.98429649 2.98863927 2.98763893 2.98673868 0.968535971 0.986847295
929 2.98432296 2.98432206 2.98865727 2.98766072 2.98676017 0.968569638 0.986861377
930 2.98434847 2.98434757 2.98867524 2.98768247 2.98678162 0.968603233 0.98687543
931 2.98437393 2.98437303 2.98869316 2.98770416 2.98680303 0.968636756 0.986889453
932 2.98439934 2.98439844 2.98871105 2.98772582 2.98682438 0.968670208 0.986903446
933 2.98442469 2.98442379 2.9887289 2.98774742 2.98684569 0.968703588 0.986917408
934 2.98444998 2.98444909 2.98874671 2.98776898 2.98686696 0.968736898 0.986931342
935 2.98447523 2.98447433 2.98876448 2.98779049 2.98688818 0.968770136 0.986945245
936 2.98450042 2.98449952 2.98878222 2.98781196 2.98690935 0.968803304 0.986959119
937 2.98452555 2.98452465 2.98879991 2.98783338 2.98693048 0.968836402 0.986972963
938 2.98455063 2.98454974 2.98881757 2.98785476 2.98695157 0.96886943 0.986986779
939 2.98457566 2.98457476 2.98883519 2.98787609 2.9869726 0.968902387 0.987000564
940 2.98460064 2.98459974 2.98885278 2.98789737 2.9869936 0.968935275 0.987014321
941 2.98462556 2.98462466 2.98887032 2.98791861 2.98701455 0.968968093 0.987028049
942 2.98465043 2.98464953 2.98888783 2.9879398 2.98703545 0.969000842 0.987041747
943 2.98467524 2.98467435 2.98890531 2.98796095 2.98705632 0.969033523 0.987055417
944 2.98470001 2.98469911 2.98892274 2.98798206 2.98707713 0.969066134 0.987069058
945 2.98472472 2.98472382 2.98894014 2.98800312 2.98709791 0.969098676 0.98708267
946 2.98474938 2.98474848 2.9889575 2.98802413 2.98711863 0.969131151 0.987096254
947 2.98477398 2.98477309 2.98897483 2.9880451 2.98713932 0.969163557 0.987109809
948 2.98479854 2.98479764 2.98899212 2.98806603 2.98715996 0.969195895 0.987123335
949 2.98482304 2.98482214 2.98900937 2.98808691 2.98718056 0.969228165 0.987136833
950 2.98484749 2.9848466 2.98902658 2.98810775 2.98720111 0.969260368 0.987150303
951 2.98487189 2.984871 2.98904376 2.98812855 2.98722163 0.969292503 0.987163745
952 2.98489624 2.98489534 2.98906091 2.9881493 2.98724209 0.969324572 0.987177159
953 2.98492054 2.98491964 2.98907801 2.98817 2.98726252 0.969356573 0.987190544
954 2.98494479 2.98494389 2.98909508 2.98819067 2.9872829 0.969388508 0.987203902
955 2.98496898 2.98496809 2.98911212 2.98821129 2.98730324 0.969420376 0.987217232
956 2.98499313 2.98499223 2.98912912 2.98823187 2.98732354 0.969452178 0.987230534
957 2.98501722 2.98501633 2.98914609 2.9882524 2.98734379 0.969483914 0.987243809
958 2.98504127 2.98504037 2.98916301 2.98827289 2.98736401 0.969515584 0.987257056
959 2.98506526 2.98506436 2.98917991 2.98829334 2.98738418 0.969547188 0.987270275
960 2.98508921 2.98508831 2.98919677 2.98831375 2.9874043 0.969578727 0.987283467
961 2.9851131 2.9851122 2.98921359 2.98833411 2.98742439 0.969610201 0.987296632
962 2.98513695 2.98513605 2.98923038 2.98835443 2.98744444 0.969641609 0.987309769
963 2.98516074 2.98515984 2.98924713 2.98837471 2.98746444 0.969672953 0.98732288
964 2.98518449 2.98518359 2.98926385 2.98839495 2.9874844 0.969704232 0.987335963
965 2.98520818 2.98520729 2.98928054 2.98841515 2.98750432 0.969735447 0.987349019
966 2.98523183 2.98523094 2.98929719 2.9884353 2.9875242 0.969766597 0.987362049
967 2.98525543 2.98525453 2.9893138 2.98845541 2.98754404 0.969797683 0.987375051
968 2.98527898 2.98527808 2.98933038 2.98847548 2.98756383 0.969828706 0.987388027
969 2.98530248 2.98530159 2.98934693 2.98849551 2.98758359 0.969859665 0.987400977
970 2.98532594 2.98532504 2.98936344 2.9885155 2.98760331 0.96989056 0.987413899
971 2.98534934 2.98534844 2.98937992 2.98853544 2.98762298 0.969921392 0.987426796
972 2.9853727 2.9853718 2.98939637 2.98855535 2.98764262 0.969952161 0.987439665
973 2.98539601 2.98539511 2.98941278 2.98857521 2.98766221 0.969982867 0.987452509
974 2.98541927 2.98541837 2.98942915 2.98859504 2.98768176 0.970013511 0.987465326
975 2.98544248 2.98544158 2.9894455 2.98861482 2.98770128 0.970044091 0.987478117
976 2.98546565 2.98546475 2.98946181 2.98863456 2.98772075 0.97007461 0.987490882
977 2.98548876 2.98548787 2.98947808 2.98865427 2.98774018 0.970105066 0.987503621
978 2.98551183 2.98551094 2.98949433 2.98867393 2.98775958 0.970135461 0.987516334
979 2.98553486 2.98553396 2.98951054 2.98869355 2.98777893 0.970165794 0.987529022
980 2.98555783 2.98555694 2.98952672 2.98871313 2.98779825 0.970196065 0.987541683
981 2.98558076 2.98557987 2.98954286 2.98873267 2.98781752 0.970226275 0.987554319
982 2.98560365 2.98560275 2.98955897 2.98875217 2.98783676 0.970256424 0.987566929
983 2.98562648 2.98562559 2.98957505 2.98877164 2.98785596 0.970286511 0.987579514
984 2.98564927 2.98564838 2.9895911 2.98879106 2.98787511 0.970316538 0.987592073
985 2.98567202 2.98567112 2.98960711 2.98881044 2.98789423 0.970346505 0.987604607
986 2.98569472 2.98569382 2.98962309 2.98882979 2.98791331 0.97037641 0.987617116
987 2.98571737 2.98571647 2.98963904 2.98884909 2.98793235 0.970406256 0.987629599
988 2.98573997 2.98573908 2.98965496 2.98886836 2.98795136 0.970436041 0.987642057
989 2.98576253 2.98576164 2.98967084 2.98888758 2.98797032 0.970465767 0.98765449
990 2.98578505 2.98578415 2.98968669 2.98890677 2.98798925 0.970495433 0.987666898
991 2.98580752 2.98580662 2.98970251 2.98892592 2.98800814 0.970525039 0.987679282
992 2.98582994 2.98582904 2.9897183 2.98894503 2.98802699 0.970554586 0.98769164
993 2.98585232 2.98585142 2.98973406 2.9889641 2.9880458 0.970584074 0.987703974
994 2.98587465 2.98587376 2.98974978 2.98898314 2.98806457 0.970613503 0.987716282
995 2.98589694 2.98589605 2.98976547 2.98900213 2.98808331 0.970642873 0.987728567
996 2.98591919 2.98591829 2.98978113 2.98902109 2.98810201 0.970672184 0.987740827
997 2.98594139 2.98594049 2.98979676 2.98904001 2.98812067 0.970701437 0.987753062
998 2.98596354 2.98596264 2.98981236 2.98905889 2.98813929 0.970730632 0.987765273
999 2.98598565 2.98598475 2.98982793 2.98907773 2.98815788 0.970759768 0.987777459
1000 2.98600772 2.98600682 2.98984347 2.98909654 2.98817643 0.970788847 0.987789622
