1 0.00201300106 0.252515969 0.00134106329 0.00197087283 0.252096079 0.335122866 0.00167686315
2 0.00201300106 0.127264372 0.00134106329 0.00197087283 0.126886471 0.168232508 0.123532745
3 0.00201300106 0.0855138402 0.00134106329 0.00197087283 0.0851499351 0.112602388 0.165269281
4 0.00201300106 0.064638574 0.00134106329 0.00197087283 0.0642816671 0.0847873286 0.186137549
5 0.00201300106 0.0521134143 0.00134106329 0.00197087283 0.0517607063 0.0680982927 0.198658509
6 0.00201300106 0.0437633079 0.00134106329 0.00197087283 0.0434133991 0.0569722689 0.207005817
7 0.00201300106 0.0377989461 0.00134106329 0.00197087283 0.0374510368 0.0490251089 0.212968179
8 0.00201300106 0.0333256748 0.00134106329 0.00197087283 0.0329792651 0.043064739 0.217439951
9 0.00201300106 0.0298464638 0.00134106329 0.00197087283 0.0295012205 0.0384288957 0.220917995
10 0.00201300106 0.0270630949 0.00134106329 0.00197087283 0.0267187847 0.0347202211 0.223700431
11 0.00201300106 0.0247857932 0.00134106329 0.00197087283 0.0244422464 0.0316858509 0.225976969
12 0.00201300106 0.0228880417 0.00134106329 0.00197087283 0.0225451311 0.0291572092 0.227874085
13 0.00201300106 0.021282252 0.00134106329 0.00197087283 0.0209398797 0.0270175892 0.229479336
14 0.00201300106 0.0199058608 0.00134106329 0.00197087283 0.01956395 0.0251836292 0.230855266
15 0.00201300106 0.0187129885 0.00134106329 0.00197087283 0.0183714775 0.0235941972 0.232047738
16 0.00201300106 0.0176692252 0.00134106329 0.00197087283 0.0173280641 0.0222034442 0.233091152
17 0.00201300106 0.0167482575 0.00134106329 0.00197087283 0.0164074053 0.0209763092 0.234011811
18 0.00201300106 0.0159296196 0.00134106329 0.00197087283 0.0155890418 0.0198855226 0.234830174
19 0.00201300106 0.0151971542 0.00134106329 0.00197087283 0.0148568219 0.0189095556 0.235562394
20 0.00201300106 0.0145379352 0.00134106329 0.00197087283 0.0141978239 0.0180311853 0.236221392
21 0.00201300106 0.0139414991 0.00134106329 0.00197087283 0.0136015877 0.0172364693 0.236817628
22 0.00201300106 0.0133992844 0.00134106329 0.00197087283 0.0130595548 0.0165140002 0.237359661
23 0.00201300106 0.0129042188 0.00134106329 0.00197087283 0.0125646551 0.0158543545 0.237854561
24 0.00201300106 0.0124504086 0.00134106329 0.00197087283 0.0121109971 0.0152496793 0.238308219
25 0.00201300106 0.0120329033 0.00134106329 0.00197087283 0.0116936318 0.0146933781 0.238725584
26 0.00201300106 0.0116475138 0.00134106329 0.00197087283 0.0113083714 0.0141798693 0.239110844
27 0.00201300106 0.0112906716 0.00134106329 0.00197087283 0.0109516489 0.0137043982 0.239467567
28 0.00201300106 0.0109593182 0.00134106329 0.00197087283 0.0106204066 0.0132628893 0.239798809
29 0.00201300106 0.0106508167 0.00134106329 0.00197087283 0.0103120085 0.0128518293 0.240107207
30 0.00201300106 0.010362882 0.00134106329 0.00197087283 0.0100241703 0.0124681733 0.240395045
31 0.00201300106 0.0100935237 0.00134106329 0.00197087283 0.00975490237 0.0121092693 0.240664313
32 0.00201300106 0.00984100035 0.00134106329 0.00197087283 0.00950246364 0.0117727968 0.240916752
33 0.00201300106 0.00960378142 0.00134106329 0.00197087283 0.00926532423 0.0114567166 0.241153892
34 0.00201300106 0.00938051654 0.00134106329 0.00197087283 0.0090421342 0.0111592293 0.241377082
35 0.00201300106 0.00917000965 0.00134106329 0.00197087283 0.00883169789 0.0108787413 0.241587518
36 0.00201300106 0.00897119759 0.00134106329 0.00197087283 0.00863295248 0.010613836 0.241786263
37 0.00201300106 0.00878313213 0.00134106329 0.00197087283 0.00844495006 0.0103632499 0.241974266
38 0.00201300106 0.00860496485 0.00134106329 0.00197087283 0.00826684251 0.0101258525 0.242152373
39 0.00201300106 0.00843593436 0.00134106329 0.00197087283 0.00809786868 0.00990062936 0.242321347
40 0.00201300106 0.00827535539 0.00134106329 0.00197087283 0.00793734354 0.00968666736 0.242481872
41 0.00201300106 0.00812260954 0.00134106329 0.00197087283 0.0077846489 0.00948314254 0.242634567
42 0.00201300106 0.0079771373 0.00134106329 0.00197087283 0.00763922543 0.00928930937 0.24277999
43 0.00201300106 0.00783843121 0.00134106329 0.00197087283 0.00750056584 0.00910449169 0.24291865
44 0.00201300106 0.00770602995 0.00134106329 0.00197087283 0.00736820896 0.00892807482 0.243051007
45 0.00201300106 0.00757951318 0.00134106329 0.00197087283 0.00724173461 0.00875949871 0.243177481
46 0.00201300106 0.00745849715 0.00134106329 0.00197087283 0.00712075915 0.00859825198 0.243298457
47 0.00201300106 0.00734263073 0.00134106329 0.00197087283 0.00700493157 0.00844386682 0.243414284
48 0.00201300106 0.00723159208 0.00134106329 0.00197087283 0.00689393015 0.00829591438 0.243525286
49 0.00201300106 0.00712508562 0.00134106329 0.00197087283 0.00678745939 0.00815400081 0.243631756
50 0.00201300106 0.00702283942 0.00134106329 0.00197087283 0.00668524747 0.00801776378 0.243733968
51 0.00201300106 0.00692460287 0.00134106329 0.00197087283 0.00658704385 0.00788686938 0.243832172
52 0.00201300106 0.00683014465 0.00134106329 0.00197087283 0.0064926173 0.00776100938 0.243926598
53 0.00201300106 0.0067392509 0.00134106329 0.00197087283 0.00640175401 0.00763989882 0.244017462
54 0.00201300106 0.00665172358 0.00134106329 0.00197087283 0.00631425603 0.00752327383 0.24410496
55 0.00201300106 0.00656737907 0.00134106329 0.00197087283 0.0062299398 0.00741088975 0.244189276
56 0.00201300106 0.00648604686 0.00134106329 0.00197087283 0.00614863486 0.00730251939 0.244270581
57 0.00201300106 0.00640756842 0.00134106329 0.00197087283 0.00607018272 0.00719795149 0.244349033
58 0.00201300106 0.00633179613 0.00134106329 0.00197087283 0.00599443584 0.00709698939 0.24442478
59 0.00201300106 0.00625859239 0.00134106329 0.00197087283 0.00592125664 0.00699944973 0.244497959
60 0.00201300106 0.00618782877 0.00134106329 0.00197087283 0.00585051675 0.00690516139 0.244568699
61 0.00201300106 0.00611938528 0.00134106329 0.00197087283 0.0057820962 0.00681396447 0.24463712
62 0.00201300106 0.00605314964 0.00134106329 0.00197087283 0.00571588276 0.00672570939 0.244703333
63 0.00201300106 0.00598901671 0.00134106329 0.00197087283 0.00565177134 0.00664025606 0.244767444
64 0.00201300106 0.00592688795 0.00134106329 0.00197087283 0.0055896634 0.00655747315 0.244829552
65 0.00201300106 0.00586667083 0.00134106329 0.00197087283 0.00552946647 0.0064772374 0.244889749
66 0.00201300106 0.00580827848 0.00134106329 0.00197087283 0.00547109369 0.00639943303 0.244948122
67 0.00201300106 0.00575162918 0.00134106329 0.00197087283 0.00541446339 0.00632395119 0.245004752
68 0.00201300106 0.00569664604 0.00134106329 0.00197087283 0.00535949868 0.0062506894 0.245059717
69 0.00201300106 0.00564325661 0.00134106329 0.00197087283 0.00530612715 0.00617955114 0.245113089
70 0.00201300106 0.0055913926 0.00134106329 0.00197087283 0.00525428052 0.0061104454 0.245164935
71 0.00201300106 0.00554098954 0.00134106329 0.00197087283 0.00520389436 0.0060432863 0.245215321
72 0.00201300106 0.00549198657 0.00134106329 0.00197087283 0.00515490781 0.00597799273 0.245264308
73 0.00201300106 0.00544432614 0.00134106329 0.00197087283 0.00510726337 0.00591448803 0.245311952
74 0.00201300106 0.00539795384 0.00134106329 0.00197087283 0.00506090661 0.00585269967 0.245358309
75 0.00201300106 0.00535281813 0.00134106329 0.00197087283 0.00501578603 0.005792559 0.24540343
76 0.00201300106 0.0053088702 0.00134106329 0.00197087283 0.00497185283 0.00573400098 0.245447363
77 0.00201300106 0.00526606377 0.00134106329 0.00197087283 0.00492906076 0.00567696395 0.245490155
78 0.00201300106 0.00522435495 0.00134106329 0.00197087283 0.00488736592 0.00562138941 0.24553185
79 0.00201300106 0.00518370205 0.00134106329 0.00197087283 0.00484672664 0.00556722181 0.245572489
80 0.00201300106 0.00514406546 0.00134106329 0.00197087283 0.00480710335 0.00551440841 0.245612112
81 0.00201300106 0.00510540756 0.00134106329 0.00197087283 0.00476845841 0.00546289904 0.245650757
82 0.00201300106 0.00506769254 0.00134106329 0.00197087283 0.00473075603 0.00541264599 0.24568846
83 0.00201300106 0.00503088631 0.00134106329 0.00197087283 0.00469396214 0.00536360387 0.245725254
84 0.00201300106 0.00499495642 0.00134106329 0.00197087283 0.00465804429 0.00531572941 0.245761171
85 0.00201300106 0.00495987194 0.00134106329 0.00197087283 0.00462297157 0.00526898141 0.245796244
86 0.00201300106 0.00492560338 0.00134106329 0.00197087283 0.0045887145 0.00522332057 0.245830501
87 0.00201300106 0.0048921226 0.00134106329 0.00197087283 0.00455524494 0.00517870941 0.245863971
88 0.00201300106 0.00485940274 0.00134106329 0.00197087283 0.00452253606 0.00513511214 0.24589668
89 0.00201300106 0.00482741817 0.00134106329 0.00197087283 0.0044905622 0.00509249458 0.245928654
90 0.00201300106 0.00479614436 0.00134106329 0.00197087283 0.00445929888 0.00505082408 0.245959917
91 0.00201300106 0.00476555789 0.00134106329 0.00197087283 0.00442872266 0.00501006941 0.245990493
92 0.00201300106 0.00473563634 0.00134106329 0.00197087283 0.00439881115 0.00497020072 0.246020405
93 0.00201300106 0.00470635827 0.00134106329 0.00197087283 0.00436954289 0.00493118941 0.246049673
94 0.00201300106 0.00467770314 0.00134106329 0.00197087283 0.00434089736 0.00489300814 0.246078318
95 0.00201300106 0.00464965127 0.00134106329 0.00197087283 0.00431285489 0.00485563068 0.246106361
96 0.00201300106 0.00462218381 0.00134106329 0.00197087283 0.00428539665 0.00481903191 0.246133819
97 0.00201300106 0.00459528269 0.00134106329 0.00197087283 0.00425850455 0.00478318776 0.246160711
98 0.00201300106 0.00456893058 0.00134106329 0.00197087283 0.00423216127 0.00474807513 0.246187055
99 0.00201300106 0.00454311083 0.00134106329 0.00197087283 0.00420635018 0.00471367184 0.246212866
100 0.00201300106 0.00451780748 0.00134106329 0.00197087283 0.00418105531 0.00467995662 0.24623816
101 0.00201300106 0.00449300518 0.00134106329 0.00197087283 0.00415626133 0.00464690902 0.246262954
102 0.00201300106 0.00446868921 0.00134106329 0.00197087283 0.0041319535 0.00461450942 0.246287262
103 0.00201300106 0.00444484538 0.00134106329 0.00197087283 0.00410811767 0.00458273893 0.246311098
104 0.00201300106 0.0044214601 0.00134106329 0.00197087283 0.00408474022 0.00455157942 0.246334476
105 0.00201300106 0.00439852024 0.00134106329 0.00197087283 0.00406180806 0.00452101342 0.246357408
106 0.00201300106 0.00437601322 0.00134106329 0.00197087283 0.00403930858 0.00449102413 0.246379907
107 0.00201300106 0.00435392689 0.00134106329 0.00197087283 0.00401722965 0.0044615954 0.246401986
108 0.00201300106 0.00433224956 0.00134106329 0.00197087283 0.00399555959 0.00443271164 0.246423656
109 0.00201300106 0.00431096998 0.00134106329 0.00197087283 0.00397428715 0.00440435786 0.246444929
110 0.00201300106 0.0042900773 0.00134106329 0.00197087283 0.00395340148 0.0043765196 0.246465814
111 0.00201300106 0.00426956107 0.00134106329 0.00197087283 0.00393289212 0.00434918293 0.246486324
112 0.00201300106 0.0042494112 0.00134106329 0.00197087283 0.00391274901 0.00432233442 0.246506467
113 0.00201300106 0.00422961796 0.00134106329 0.00197087283 0.0038929624 0.0042959611 0.246526253
114 0.00201300106 0.00421017198 0.00134106329 0.00197087283 0.00387352294 0.00427005047 0.246545693
115 0.00201300106 0.00419106418 0.00134106329 0.00197087283 0.00385442155 0.00424459046 0.246564794
116 0.00201300106 0.00417228583 0.00134106329 0.00197087283 0.00383564949 0.00421956942 0.246583566
117 0.00201300106 0.00415382848 0.00134106329 0.00197087283 0.00381719833 0.00419497609 0.246602017
118 0.00201300106 0.00413568396 0.00134106329 0.00197087283 0.00379905989 0.00417079959 0.246620156
119 0.00201300106 0.0041178444 0.00134106329 0.00197087283 0.00378122631 0.00414702942 0.246637989
120 0.00201300106 0.00410030216 0.00134106329 0.00197087283 0.00376368995 0.00412365542 0.246655526
121 0.00201300106 0.00408304987 0.00134106329 0.00197087283 0.00374644345 0.00410066777 0.246672772
122 0.00201300106 0.00406608041 0.00134106329 0.00197087283 0.00372947967 0.00407805696 0.246689736
123 0.00201300106 0.00404938687 0.00134106329 0.00197087283 0.00371279173 0.00405581381 0.246706424
124 0.00201300106 0.00403296259 0.00134106329 0.00197087283 0.00369637295 0.00403392942 0.246722843
125 0.00201300106 0.00401680109 0.00134106329 0.00197087283 0.00368021688 0.00401239518 0.246738999
126 0.00201300106 0.00400089613 0.00134106329 0.00197087283 0.00366431724 0.00399120276 0.246754899
127 0.00201300106 0.00398524163 0.00134106329 0.00197087283 0.003648668 0.00397034407 0.246770548
128 0.00201300106 0.00396983174 0.00134106329 0.00197087283 0.00363326327 0.0039498113 0.246785953
129 0.00201300106 0.00395466076 0.00134106329 0.00197087283 0.00361809738 0.00392959686 0.246801118
130 0.00201300106 0.00393972319 0.00134106329 0.00197087283 0.00360316481 0.00390969342 0.246816051
131 0.00201300106 0.00392501366 0.00134106329 0.00197087283 0.00358846022 0.00389009385 0.246830756
132 0.00201300106 0.00391052701 0.00134106329 0.00197087283 0.00357397842 0.00387079124 0.246845237
133 0.00201300106 0.0038962582 0.00134106329 0.00197087283 0.0035597144 0.0038517789 0.246859501
134 0.00201300106 0.00388220236 0.00134106329 0.00197087283 0.00354566327 0.00383305032 0.246873553
135 0.00201300106 0.00386835475 0.00134106329 0.00197087283 0.0035318203 0.0038145992 0.246887395
136 0.00201300106 0.00385471079 0.00134106329 0.00197087283 0.00351818091 0.00379641942 0.246901035
137 0.00201300106 0.00384126601 0.00134106329 0.00197087283 0.00350474064 0.00377850505 0.246914475
138 0.00201300106 0.00382801608 0.00134106329 0.00197087283 0.00349149515 0.00376085029 0.246927721
139 0.00201300106 0.00381495679 0.00134106329 0.00197087283 0.00347844024 0.00374344957 0.246940776
140 0.00201300106 0.00380208407 0.00134106329 0.00197087283 0.00346557183 0.00372629743 0.246953644
141 0.00201300106 0.00378939394 0.00134106329 0.00197087283 0.00345288596 0.00370938857 0.24696633
142 0.00201300106 0.00377688254 0.00134106329 0.00197087283 0.00344037875 0.00369271788 0.246978837
143 0.00201300106 0.00376454613 0.00134106329 0.00197087283 0.00342804648 0.00367628033 0.246991169
144 0.00201300106 0.00375238105 0.00134106329 0.00197087283 0.00341588548 0.00366007109 0.24700333
145 0.00201300106 0.00374038377 0.00134106329 0.00197087283 0.00340389222 0.00364408543 0.247015324
146 0.00201300106 0.00372855084 0.00134106329 0.00197087283 0.00339206326 0.00362831874 0.247027153
147 0.00201300106 0.0037168789 0.00134106329 0.00197087283 0.00338039523 0.00361276657 0.247038821
148 0.00201300106 0.00370536469 0.00134106329 0.00197087283 0.00336888488 0.00359742456 0.247050331
149 0.00201300106 0.00369400503 0.00134106329 0.00197087283 0.00335752903 0.00358228849 0.247061687
150 0.00201300106 0.00368279683 0.00134106329 0.00197087283 0.00334632459 0.00356735423 0.247072891
151 0.00201300106 0.00367173709 0.00134106329 0.00197087283 0.00333526855 0.00355261777 0.247083947
152 0.00201300106 0.00366082287 0.00134106329 0.00197087283 0.00332435799 0.00353807522 0.247094858
153 0.00201300106 0.00365005132 0.00134106329 0.00197087283 0.00331359005 0.00352372276 0.247105626
154 0.00201300106 0.00363941966 0.00134106329 0.00197087283 0.00330296195 0.0035095567 0.247116254
155 0.00201300106 0.00362892518 0.00134106329 0.00197087283 0.00329247099 0.00349557343 0.247126745
156 0.00201300106 0.00361856525 0.00134106329 0.00197087283 0.00328211453 0.00348176943 0.247137101
157 0.00201300106 0.00360833729 0.00134106329 0.00197087283 0.00327189 0.00346814128 0.247147326
158 0.00201300106 0.00359823879 0.00134106329 0.00197087283 0.0032617949 0.00345468563 0.247157421
159 0.00201300106 0.00358826733 0.00134106329 0.00197087283 0.00325182677 0.00344139924 0.247167389
160 0.00201300106 0.0035784205 0.00134106329 0.00197087283 0.00324198325 0.00342827893 0.247177233
161 0.00201300106 0.003568696 0.00134106329 0.00197087283 0.00323226201 0.0034153216 0.247186954
162 0.00201300106 0.00355909155 0.00134106329 0.00197087283 0.00322266078 0.00340252424 0.247196555
163 0.00201300106 0.00354960495 0.00134106329 0.00197087283 0.00321317736 0.00338988391 0.247206038
164 0.00201300106 0.00354023404 0.00134106329 0.00197087283 0.00320380959 0.00337739772 0.247215406
165 0.00201300106 0.00353097672 0.00134106329 0.00197087283 0.00319455537 0.00336506288 0.24722466
166 0.00201300106 0.00352183093 0.00134106329 0.00197087283 0.00318541264 0.00335287666 0.247233803
167 0.00201300106 0.00351279467 0.00134106329 0.00197087283 0.00317637941 0.00334083638 0.247242836
168 0.00201300106 0.00350386598 0.00134106329 0.00197087283 0.00316745372 0.00332893943 0.247251762
169 0.00201300106 0.00349504296 0.00134106329 0.00197087283 0.00315863366 0.00331718328 0.247260582
170 0.00201300106 0.00348632374 0.00134106329 0.00197087283 0.00314991736 0.00330556543 0.247269298
171 0.00201300106 0.0034777065 0.00134106329 0.00197087283 0.00314130301 0.00329408346 0.247277913
172 0.00201300106 0.00346918946 0.00134106329 0.00197087283 0.00313278882 0.00328273501 0.247286427
173 0.00201300106 0.00346077088 0.00134106329 0.00197087283 0.00312437307 0.00327151775 0.247294843
174 0.00201300106 0.00345244907 0.00134106329 0.00197087283 0.00311605405 0.00326042943 0.247303162
175 0.00201300106 0.00344422236 0.00134106329 0.00197087283 0.0031078301 0.00324946783 0.247311386
176 0.00201300106 0.00343608914 0.00134106329 0.00197087283 0.0030996996 0.00323863079 0.247319516
177 0.00201300106 0.00342804782 0.00134106329 0.00197087283 0.00309166098 0.00322791621 0.247327555
178 0.00201300106 0.00342009685 0.00134106329 0.00197087283 0.00308371268 0.00321732201 0.247335503
179 0.00201300106 0.00341223472 0.00134106329 0.00197087283 0.00307585318 0.00320684619 0.247343363
180 0.00201300106 0.00340445995 0.00134106329 0.00197087283 0.00306808102 0.00319648676 0.247351135
181 0.00201300106 0.00339677109 0.00134106329 0.00197087283 0.00306039473 0.00318624181 0.247358821
182 0.00201300106 0.00338916672 0.00134106329 0.00197087283 0.00305279291 0.00317610943 0.247366423
183 0.00201300106 0.00338164545 0.00134106329 0.00197087283 0.00304527417 0.00316608779 0.247373942
184 0.00201300106 0.00337420594 0.00134106329 0.00197087283 0.00303783715 0.00315617508 0.247381379
185 0.00201300106 0.00336684686 0.00134106329 0.00197087283 0.00303048053 0.00314636954 0.247388735
186 0.00201300106 0.00335956691 0.00134106329 0.00197087283 0.00302320302 0.00313666943 0.247396013
187 0.00201300106 0.00335236481 0.00134106329 0.00197087283 0.00301600334 0.00312707307 0.247403212
188 0.00201300106 0.00334523934 0.00134106329 0.00197087283 0.00300888026 0.00311757879 0.247410336
189 0.00201300106 0.00333818927 0.00134106329 0.00197087283 0.00300183255 0.00310818499 0.247417383
190 0.00201300106 0.0033312134 0.00134106329 0.00197087283 0.00299485902 0.00309889006 0.247424357
191 0.00201300106 0.00332431059 0.00134106329 0.00197087283 0.00298795852 0.00308969247 0.247431257
192 0.00201300106 0.00331747968 0.00134106329 0.00197087283 0.0029811299 0.00308059068 0.247438086
193 0.00201300106 0.00331071955 0.00134106329 0.00197087283 0.00297437204 0.00307158321 0.247444844
194 0.00201300106 0.00330402912 0.00134106329 0.00197087283 0.00296768385 0.00306266861 0.247451532
195 0.00201300106 0.0032974073 0.00134106329 0.00197087283 0.00296106426 0.00305384543 0.247458152
196 0.00201300106 0.00329085306 0.00134106329 0.00197087283 0.00295451221 0.00304511229 0.247464704
197 0.00201300106 0.00328436536 0.00134106329 0.00197087283 0.00294802668 0.00303646781 0.247471189
198 0.00201300106 0.00327794319 0.00134106329 0.00197087283 0.00294160666 0.00302791064 0.247477609
199 0.00201300106 0.00327158556 0.00134106329 0.00197087283 0.00293525117 0.00301943948 0.247483965
200 0.00201300106 0.00326529151 0.00134106329 0.00197087283 0.00292895923 0.00301105303 0.247490257
201 0.00201300106 0.00325906009 0.00134106329 0.00197087283 0.00292272989 0.00300275003 0.247496486
202 0.00201300106 0.00325289036 0.00134106329 0.00197087283 0.00291656224 0.00299452923 0.247502654
203 0.00201300106 0.00324678142 0.00134106329 0.00197087283 0.00291045535 0.00298638943 0.24750876
204 0.00201300106 0.00324073237 0.00134106329 0.00197087283 0.00290440833 0.00297832943 0.247514807
205 0.00201300106 0.00323474234 0.00134106329 0.00197087283 0.0028984203 0.00297034807 0.247520795
206 0.00201300106 0.00322881046 0.00134106329 0.00197087283 0.00289249041 0.00296244419 0.247526725
207 0.00201300106 0.0032229359 0.00134106329 0.00197087283 0.00288661782 0.00295461668 0.247532598
208 0.00201300106 0.00321711782 0.00134106329 0.00197087283 0.00288080169 0.00294686443 0.247538414
209 0.00201300106 0.00321135542 0.00134106329 0.00197087283 0.00287504122 0.00293918637 0.247544175
210 0.00201300106 0.00320564789 0.00134106329 0.00197087283 0.00286933561 0.00293158143 0.24754988
211 0.00201300106 0.00319999447 0.00134106329 0.00197087283 0.00286368408 0.00292404858 0.247555532
212 0.00201300106 0.00319439438 0.00134106329 0.00197087283 0.00285808587 0.00291658679 0.24756113
213 0.00201300106 0.00318884687 0.00134106329 0.00197087283 0.00285254022 0.00290919507 0.247566676
214 0.00201300106 0.00318335121 0.00134106329 0.00197087283 0.0028470464 0.00290187242 0.247572169
215 0.00201300106 0.00317790668 0.00134106329 0.00197087283 0.00284160369 0.0028946179 0.247577612
216 0.00201300106 0.00317251255 0.00134106329 0.00197087283 0.00283621137 0.00288743055 0.247583004
217 0.00201300106 0.00316716814 0.00134106329 0.00197087283 0.00283086875 0.00288030943 0.247588347
218 0.00201300106 0.00316187276 0.00134106329 0.00197087283 0.00282557515 0.00287325365 0.247593641
219 0.00201300106 0.00315662574 0.00134106329 0.00197087283 0.00282032989 0.00286626231 0.247598886
220 0.00201300106 0.00315142642 0.00134106329 0.00197087283 0.00281513231 0.00285933453 0.247604083
221 0.00201300106 0.00314627416 0.00134106329 0.00197087283 0.00280998177 0.00285246943 0.247609234
222 0.00201300106 0.00314116831 0.00134106329 0.00197087283 0.00280487764 0.00284566619 0.247614338
223 0.00201300106 0.00313610825 0.00134106329 0.00197087283 0.00279981927 0.00283892396 0.247619397
224 0.00201300106 0.00313109337 0.00134106329 0.00197087283 0.00279480608 0.00283224193 0.24762441
225 0.00201300106 0.00312612307 0.00134106329 0.00197087283 0.00278983744 0.0028256193 0.247629378
226 0.00201300106 0.00312119675 0.00134106329 0.00197087283 0.00278491278 0.00281905528 0.247634303
227 0.00201300106 0.00311631384 0.00134106329 0.00197087283 0.0027800315 0.00281254908 0.247639184
228 0.00201300106 0.00311147376 0.00134106329 0.00197087283 0.00277519304 0.00280609996 0.247644023
229 0.00201300106 0.00310667595 0.00134106329 0.00197087283 0.00277039684 0.00279970716 0.247648819
230 0.00201300106 0.00310191986 0.00134106329 0.00197087283 0.00276564235 0.00279336996 0.247653573
231 0.00201300106 0.00309720495 0.00134106329 0.00197087283 0.00276092902 0.00278708762 0.247658287
232 0.00201300106 0.00309253069 0.00134106329 0.00197087283 0.00275625632 0.00278085944 0.247662959
233 0.00201300106 0.00308789654 0.00134106329 0.00197087283 0.00275162373 0.00277468471 0.247667592
234 0.00201300106 0.00308330201 0.00134106329 0.00197087283 0.00274703074 0.00276856277 0.247672185
235 0.00201300106 0.00307874658 0.00134106329 0.00197087283 0.00274247683 0.00276249292 0.247676739
236 0.00201300106 0.00307422975 0.00134106329 0.00197087283 0.00273796152 0.00275647452 0.247681254
237 0.00201300106 0.00306975104 0.00134106329 0.00197087283 0.00273348431 0.0027505069 0.247685731
238 0.00201300106 0.00306530997 0.00134106329 0.00197087283 0.00272904473 0.00274458944 0.247690171
239 0.00201300106 0.00306090606 0.00134106329 0.00197087283 0.0027246423 0.00273872149 0.247694573
240 0.00201300106 0.00305653885 0.00134106329 0.00197087283 0.00272027655 0.00273290244 0.247698939
241 0.00201300106 0.00305220788 0.00134106329 0.00197087283 0.00271594703 0.00272713168 0.247703269
242 0.00201300106 0.00304791271 0.00134106329 0.00197087283 0.0027116533 0.00272140861 0.247707562
243 0.00201300106 0.00304365288 0.00134106329 0.00197087283 0.0027073949 0.00271573265 0.247711821
244 0.00201300106 0.00303942797 0.00134106329 0.00197087283 0.00270317141 0.00271010321 0.247716044
245 0.00201300106 0.00303523756 0.00134106329 0.00197087283 0.0026989824 0.00270451972 0.247720233
246 0.00201300106 0.00303108121 0.00134106329 0.00197087283 0.00269482744 0.00269898163 0.247724388
247 0.00201300106 0.00302695851 0.00134106329 0.00197087283 0.00269070613 0.00269348838 0.24772851
248 0.00201300106 0.00302286906 0.00134106329 0.00197087283 0.00268661805 0.00268803944 0.247732598
249 0.00201300106 0.00301881246 0.00134106329 0.00197087283 0.00268256281 0.00268263426 0.247736653
250 0.00201300106 0.00301478832 0.00134106329 0.00197087283 0.00267854001 0.00267727232 0.247740676
251 0.00201300106 0.00301079623 0.00134106329 0.00197087283 0.00267454927 0.0026719531 0.247744667
252 0.00201300106 0.00300683583 0.00134106329 0.00197087283 0.0026705902 0.0026666761 0.247748626
253 0.00201300106 0.00300290674 0.00134106329 0.00197087283 0.00266666242 0.00266144082 0.247752553
254 0.00201300106 0.00299900859 0.00134106329 0.00197087283 0.00266276557 0.00265624676 0.24775645
255 0.00201300106 0.00299514101 0.00134106329 0.00197087283 0.00265889929 0.00265109344 0.247760316
256 0.00201300106 0.00299130364 0.00134106329 0.00197087283 0.00265506321 0.00264598037 0.247764153
257 0.00201300106 0.00298749614 0.00134106329 0.00197087283 0.00265125699 0.0026409071 0.247767959
258 0.00201300106 0.00298371815 0.00134106329 0.00197087283 0.00264748027 0.00263587316 0.247771736
259 0.00201300106 0.00297996934 0.00134106329 0.00197087283 0.00264373271 0.00263087809 0.247775483
260 0.00201300106 0.00297624936 0.00134106329 0.00197087283 0.00264001398 0.00262592144 0.247779202
261 0.00201300106 0.00297255789 0.00134106329 0.00197087283 0.00263632375 0.00262100277 0.247782892
262 0.00201300106 0.0029688946 0.00134106329 0.00197087283 0.00263266168 0.00261612165 0.247786554
263 0.00201300106 0.00296525917 0.00134106329 0.00197087283 0.00262902747 0.00261127765 0.247790188
264 0.00201300106 0.00296165128 0.00134106329 0.00197087283 0.00262542079 0.00260647035 0.247793795
265 0.00201300106 0.00295807061 0.00134106329 0.00197087283 0.00262184132 0.00260169932 0.247797374
266 0.00201300106 0.00295451687 0.00134106329 0.00197087283 0.00261828877 0.00259696417 0.247800927
267 0.00201300106 0.00295098975 0.00134106329 0.00197087283 0.00261476283 0.00259226449 0.247804453
268 0.00201300106 0.00294748895 0.00134106329 0.00197087283 0.00261126321 0.00258759988 0.247807953
269 0.00201300106 0.00294401418 0.00134106329 0.00197087283 0.0026077896 0.00258296996 0.247811426
270 0.00201300106 0.00294056515 0.00134106329 0.00197087283 0.00260434173 0.00257837433 0.247814874
271 0.00201300106 0.00293714157 0.00134106329 0.00197087283 0.0026009193 0.00257381261 0.247818296
272 0.00201300106 0.00293374317 0.00134106329 0.00197087283 0.00259752203 0.00256928444 0.247821694
273 0.00201300106 0.00293036966 0.00134106329 0.00197087283 0.00259414965 0.00256478944 0.247825066
274 0.00201300106 0.00292702077 0.00134106329 0.00197087283 0.00259080189 0.00256032725 0.247828414
275 0.00201300106 0.00292369625 0.00134106329 0.00197087283 0.00258747848 0.00255589751 0.247831737
276 0.00201300106 0.00292039581 0.00134106329 0.00197087283 0.00258417915 0.00255149987 0.247835037
277 0.00201300106 0.0029171192 0.00134106329 0.00197087283 0.00258090364 0.00254713399 0.247838312
278 0.00201300106 0.00291386617 0.00134106329 0.00197087283 0.0025776517 0.00254279951 0.247841564
279 0.00201300106 0.00291063645 0.00134106329 0.00197087283 0.00257442306 0.0025384961 0.247844793
280 0.00201300106 0.0029074298 0.00134106329 0.00197087283 0.00257121749 0.00253422344 0.247847998
281 0.00201300106 0.00290424598 0.00134106329 0.00197087283 0.00256803474 0.00252998118 0.247851181
282 0.00201300106 0.00290108474 0.00134106329 0.00197087283 0.00256487455 0.00252576901 0.247854341
283 0.00201300106 0.00289794584 0.00134106329 0.00197087283 0.0025617367 0.00252158661 0.247857479
284 0.00201300106 0.00289482904 0.00134106329 0.00197087283 0.00255862095 0.00251743366 0.247860595
285 0.00201300106 0.00289173412 0.00134106329 0.00197087283 0.00255552706 0.00251330986 0.247863689
286 0.00201300106 0.00288866083 0.00134106329 0.00197087283 0.00255245481 0.00250921489 0.247866761
287 0.00201300106 0.00288560897 0.00134106329 0.00197087283 0.00254940397 0.00250514846 0.247869812
288 0.00201300106 0.0028825783 0.00134106329 0.00197087283 0.00254637432 0.00250111027 0.247872841
289 0.00201300106 0.0028795686 0.00134106329 0.00197087283 0.00254336563 0.00249710003 0.24787585
290 0.00201300106 0.00287657966 0.00134106329 0.00197087283 0.00254037769 0.00249311744 0.247878838
291 0.00201300106 0.00287361126 0.00134106329 0.00197087283 0.00253741028 0.00248916222 0.247881806
292 0.00201300106 0.00287066319 0.00134106329 0.00197087283 0.0025344632 0.0024852341 0.247884753
293 0.00201300106 0.00286773525 0.00134106329 0.00197087283 0.00253153624 0.00248133278 0.24788768
294 0.00201300106 0.00286482722 0.00134106329 0.00197087283 0.00252862919 0.00247745801 0.247890587
295 0.00201300106 0.00286193891 0.00134106329 0.00197087283 0.00252574185 0.00247360951 0.247893474
296 0.00201300106 0.00285907011 0.00134106329 0.00197087283 0.00252287401 0.00246978701 0.247896342
297 0.00201300106 0.00285622064 0.00134106329 0.00197087283 0.00252002549 0.00246599025 0.24789919
298 0.00201300106 0.00285339029 0.00134106329 0.00197087283 0.00251719609 0.00246221897 0.24790202
299 0.00201300106 0.00285057886 0.00134106329 0.00197087283 0.00251438561 0.00245847292 0.24790483
300 0.00201300106 0.00284778619 0.00134106329 0.00197087283 0.00251159387 0.00245475184 0.247907622
301 0.00201300106 0.00284501207 0.00134106329 0.00197087283 0.00250882068 0.00245105549 0.247910395
302 0.00201300106 0.00284225632 0.00134106329 0.00197087283 0.00250606585 0.00244738361 0.24791315
303 0.00201300106 0.00283951876 0.00134106329 0.00197087283 0.00250332921 0.00244373597 0.247915887
304 0.00201300106 0.00283679921 0.00134106329 0.00197087283 0.00250061057 0.00244011233 0.247918605
305 0.00201300106 0.00283409749 0.00134106329 0.00197087283 0.00249790976 0.00243651246 0.247921306
306 0.00201300106 0.00283141343 0.00134106329 0.00197087283 0.0024952266 0.00243293611 0.247923989
307 0.00201300106 0.00282874686 0.00134106329 0.00197087283 0.00249256092 0.00242938305 0.247926655
308 0.00201300106 0.0028260976 0.00134106329 0.00197087283 0.00248991255 0.00242585308 0.247929303
309 0.00201300106 0.00282346549 0.00134106329 0.00197087283 0.00248728132 0.00242234594 0.247931934
310 0.00201300106 0.00282085036 0.00134106329 0.00197087283 0.00248466707 0.00241886144 0.247934549
311 0.00201300106 0.00281825205 0.00134106329 0.00197087283 0.00248206963 0.00241539934 0.247937146
312 0.00201300106 0.00281567039 0.00134106329 0.00197087283 0.00247948884 0.00241195944 0.247939727
313 0.00201300106 0.00281310523 0.00134106329 0.00197087283 0.00247692454 0.00240854152 0.247942291
314 0.00201300106 0.00281055641 0.00134106329 0.00197087283 0.00247437658 0.00240514536 0.247944839
315 0.00201300106 0.00280802378 0.00134106329 0.00197087283 0.00247184479 0.00240177077 0.247947371
316 0.00201300106 0.00280550717 0.00134106329 0.00197087283 0.00246932902 0.00239841754 0.247949887
317 0.00201300106 0.00280300644 0.00134106329 0.00197087283 0.00246682913 0.00239508546 0.247952387
318 0.00201300106 0.00280052143 0.00134106329 0.00197087283 0.00246434496 0.00239177434 0.247954871
319 0.00201300106 0.00279805201 0.00134106329 0.00197087283 0.00246187637 0.00238848398 0.247957339
320 0.00201300106 0.00279559802 0.00134106329 0.00197087283 0.0024594232 0.00238521419 0.247959793
321 0.00201300106 0.00279315932 0.00134106329 0.00197087283 0.00245698532 0.00238196477 0.24796223
322 0.00201300106 0.00279073577 0.00134106329 0.00197087283 0.00245456258 0.00237873553 0.247964653
323 0.00201300106 0.00278832722 0.00134106329 0.00197087283 0.00245215484 0.00237552628 0.247967061
324 0.00201300106 0.00278593355 0.00134106329 0.00197087283 0.00244976196 0.00237233685 0.247969454
325 0.00201300106 0.0027835546 0.00134106329 0.00197087283 0.00244738381 0.00236916704 0.247971832
326 0.00201300106 0.00278119025 0.00134106329 0.00197087283 0.00244502025 0.00236601668 0.247974196
327 0.00201300106 0.00277884035 0.00134106329 0.00197087283 0.00244267115 0.00236288559 0.247976545
328 0.00201300106 0.00277650479 0.00134106329 0.00197087283 0.00244033637 0.00235977359 0.247978879
329 0.00201300106 0.00277418343 0.00134106329 0.00197087283 0.00243801578 0.0023566805 0.2479812
330 0.00201300106 0.00277187613 0.00134106329 0.00197087283 0.00243570926 0.00235360617 0.247983507
331 0.00201300106 0.00276958277 0.00134106329 0.00197087283 0.00243341667 0.00235055041 0.247985799
332 0.00201300106 0.00276730323 0.00134106329 0.00197087283 0.0024311379 0.00234751305 0.247988078
333 0.00201300106 0.00276503738 0.00134106329 0.00197087283 0.00242887281 0.00234449394 0.247990343
334 0.00201300106 0.0027627851 0.00134106329 0.00197087283 0.00242662128 0.00234149291 0.247992595
335 0.00201300106 0.00276054627 0.00134106329 0.00197087283 0.0024243832 0.0023385098 0.247994833
336 0.00201300106 0.00275832076 0.00134106329 0.00197087283 0.00242215843 0.00233554444 0.247997057
337 0.00201300106 0.00275610846 0.00134106329 0.00197087283 0.00241994688 0.00233259668 0.247999269
338 0.00201300106 0.00275390925 0.00134106329 0.00197087283 0.0024177484 0.00232966636 0.248001467
339 0.00201300106 0.00275172302 0.00134106329 0.00197087283 0.0024155629 0.00232675333 0.248003653
340 0.00201300106 0.00274954964 0.00134106329 0.00197087283 0.00241339026 0.00232385744 0.248005826
341 0.00201300106 0.00274738901 0.00134106329 0.00197087283 0.00241123035 0.00232097853 0.248007985
342 0.00201300106 0.00274524102 0.00134106329 0.00197087283 0.00240908308 0.00231811646 0.248010133
343 0.00201300106 0.00274310555 0.00134106329 0.00197087283 0.00240694833 0.00231527107 0.248012267
344 0.00201300106 0.0027409825 0.00134106329 0.00197087283 0.00240482599 0.00231244223 0.24801439
345 0.00201300106 0.00273887176 0.00134106329 0.00197087283 0.00240271595 0.00230962979 0.2480165
346 0.00201300106 0.00273677321 0.00134106329 0.00197087283 0.00240061811 0.0023068336 0.248018598
347 0.00201300106 0.00273468676 0.00134106329 0.00197087283 0.00239853236 0.00230405353 0.248020683
348 0.00201300106 0.0027326123 0.00134106329 0.00197087283 0.0023964586 0.00230128944 0.248022757
349 0.00201300106 0.00273054974 0.00134106329 0.00197087283 0.00239439672 0.00229854119 0.248024819
350 0.00201300106 0.00272849895 0.00134106329 0.00197087283 0.00239234662 0.00229580864 0.248026869
351 0.00201300106 0.00272645985 0.00134106329 0.00197087283 0.00239030821 0.00229309166 0.248028908
352 0.00201300106 0.00272443234 0.00134106329 0.00197087283 0.00238828138 0.00229039012 0.248030934
353 0.00201300106 0.00272241632 0.00134106329 0.00197087283 0.00238626603 0.00228770389 0.24803295
354 0.00201300106 0.00272041168 0.00134106329 0.00197087283 0.00238426206 0.00228503283 0.248034954
355 0.00201300106 0.00271841834 0.00134106329 0.00197087283 0.00238226939 0.00228237682 0.248036946
356 0.00201300106 0.0027164362 0.00134106329 0.00197087283 0.00238028791 0.00227973573 0.248038928
357 0.00201300106 0.00271446516 0.00134106329 0.00197087283 0.00237831754 0.00227710944 0.248040898
358 0.00201300106 0.00271250513 0.00134106329 0.00197087283 0.00237635817 0.00227449782 0.248042858
359 0.00201300106 0.00271055603 0.00134106329 0.00197087283 0.00237440971 0.00227190075 0.248044806
360 0.00201300106 0.00270861775 0.00134106329 0.00197087283 0.00237247208 0.00226931811 0.248046744
361 0.00201300106 0.00270669021 0.00134106329 0.00197087283 0.00237054519 0.00226674977 0.248048671
362 0.00201300106 0.00270477331 0.00134106329 0.00197087283 0.00236862894 0.00226419563 0.248050587
363 0.00201300106 0.00270286698 0.00134106329 0.00197087283 0.00236672325 0.00226165556 0.248052493
364 0.00201300106 0.00270097113 0.00134106329 0.00197087283 0.00236482803 0.00225912944 0.248054388
365 0.00201300106 0.00269908566 0.00134106329 0.00197087283 0.00236294319 0.00225661717 0.248056273
366 0.00201300106 0.0026972105 0.00134106329 0.00197087283 0.00236106866 0.00225411862 0.248058147
367 0.00201300106 0.00269534555 0.00134106329 0.00197087283 0.00235920434 0.00225163369 0.248060011
368 0.00201300106 0.00269349074 0.00134106329 0.00197087283 0.00235735015 0.00224916227 0.248061866
369 0.00201300106 0.00269164599 0.00134106329 0.00197087283 0.00235550601 0.00224670424 0.24806371
370 0.00201300106 0.0026898112 0.00134106329 0.00197087283 0.00235367184 0.00224425949 0.248065544
371 0.00201300106 0.00268798631 0.00134106329 0.00197087283 0.00235184756 0.00224182793 0.248067368
372 0.00201300106 0.00268617122 0.00134106329 0.00197087283 0.00235003308 0.00223940944 0.248069183
373 0.00201300106 0.00268436587 0.00134106329 0.00197087283 0.00234822834 0.00223700392 0.248070987
374 0.00201300106 0.00268257018 0.00134106329 0.00197087283 0.00234643325 0.00223461126 0.248072783
375 0.00201300106 0.00268078406 0.00134106329 0.00197087283 0.00234464773 0.00223223136 0.248074568
376 0.00201300106 0.00267900744 0.00134106329 0.00197087283 0.0023428717 0.00222986412 0.248076344
377 0.00201300106 0.00267724025 0.00134106329 0.00197087283 0.0023411051 0.00222750944 0.248078111
378 0.00201300106 0.0026754824 0.00134106329 0.00197087283 0.00233934785 0.00222516722 0.248079868
379 0.00201300106 0.00267373384 0.00134106329 0.00197087283 0.00233759987 0.00222283736 0.248081616
380 0.00201300106 0.00267199447 0.00134106329 0.00197087283 0.00233586109 0.00222051976 0.248083355
381 0.00201300106 0.00267026424 0.00134106329 0.00197087283 0.00233413143 0.00221821432 0.248085084
382 0.00201300106 0.00266854306 0.00134106329 0.00197087283 0.00233241084 0.00221592096 0.248086805
383 0.00201300106 0.00266683088 0.00134106329 0.00197087283 0.00233069922 0.00221363957 0.248088517
384 0.00201300106 0.00266512761 0.00134106329 0.00197087283 0.00232899652 0.00221137007 0.248090219
385 0.00201300106 0.00266343319 0.00134106329 0.00197087283 0.00232730267 0.00220911235 0.248091913
386 0.00201300106 0.00266174755 0.00134106329 0.00197087283 0.00232561759 0.00220686633 0.248093598
387 0.00201300106 0.00266007062 0.00134106329 0.00197087283 0.00232394123 0.00220463192 0.248095275
388 0.00201300106 0.00265840233 0.00134106329 0.00197087283 0.0023222735 0.00220240903 0.248096942
389 0.00201300106 0.00265674262 0.00134106329 0.00197087283 0.00232061435 0.00220019756 0.248098601
390 0.00201300106 0.00265509142 0.00134106329 0.00197087283 0.0023189637 0.00219799744 0.248100252
391 0.00201300106 0.00265344867 0.00134106329 0.00197087283 0.0023173215 0.00219580857 0.248101894
392 0.00201300106 0.0026518143 0.00134106329 0.00197087283 0.00231568768 0.00219363087 0.248103528
393 0.00201300106 0.00265018825 0.00134106329 0.00197087283 0.00231406217 0.00219146425 0.248105154
394 0.00201300106 0.00264857045 0.00134106329 0.00197087283 0.00231244492 0.00218930863 0.248106771
395 0.00201300106 0.00264696084 0.00134106329 0.00197087283 0.00231083585 0.00218716392 0.24810838
396 0.00201300106 0.00264535936 0.00134106329 0.00197087283 0.00230923491 0.00218503005 0.248109981
397 0.00201300106 0.00264376595 0.00134106329 0.00197087283 0.00230764203 0.00218290692 0.248111574
398 0.00201300106 0.00264218055 0.00134106329 0.00197087283 0.00230605716 0.00218079447 0.248113159
399 0.00201300106 0.00264060309 0.00134106329 0.00197087283 0.00230448023 0.0021786926 0.248114736
400 0.00201300106 0.00263903353 0.00134106329 0.00197087283 0.00230291119 0.00217660124 0.248116305
401 0.00201300106 0.00263747179 0.00134106329 0.00197087283 0.00230134997 0.00217452031 0.248117866
402 0.00201300106 0.00263591781 0.00134106329 0.00197087283 0.00229979652 0.00217244974 0.248119419
403 0.00201300106 0.00263437156 0.00134106329 0.00197087283 0.00229825078 0.00217038944 0.248120965
404 0.00201300106 0.00263283295 0.00134106329 0.00197087283 0.00229671269 0.00216833934 0.248122503
405 0.00201300106 0.00263130195 0.00134106329 0.00197087283 0.0022951822 0.00216629937 0.248124034
406 0.00201300106 0.00262977848 0.00134106329 0.00197087283 0.00229365925 0.00216426944 0.248125557
407 0.00201300106 0.0026282625 0.00134106329 0.00197087283 0.00229214378 0.00216224949 0.248127072
408 0.00201300106 0.00262675396 0.00134106329 0.00197087283 0.00229063574 0.00216023944 0.24812858
409 0.00201300106 0.00262525279 0.00134106329 0.00197087283 0.00228913507 0.00215823922 0.248130081
410 0.00201300106 0.00262375894 0.00134106329 0.00197087283 0.00228764172 0.00215624876 0.248131574
411 0.00201300106 0.00262227236 0.00134106329 0.00197087283 0.00228615565 0.00215426798 0.24813306
412 0.00201300106 0.002620793 0.00134106329 0.00197087283 0.00228467678 0.00215229682 0.248134539
413 0.00201300106 0.0026193208 0.00134106329 0.00197087283 0.00228320508 0.0021503352 0.248136011
414 0.00201300106 0.00261785572 0.00134106329 0.00197087283 0.00228174048 0.00214838306 0.248137475
415 0.00201300106 0.00261639769 0.00134106329 0.00197087283 0.00228028295 0.00214644033 0.248138933
416 0.00201300106 0.00261494668 0.00134106329 0.00197087283 0.00227883242 0.00214450694 0.248140383
417 0.00201300106 0.00261350262 0.00134106329 0.00197087283 0.00227738885 0.00214258282 0.248141827
418 0.00201300106 0.00261206548 0.00134106329 0.00197087283 0.00227595218 0.00214066791 0.248143264
419 0.00201300106 0.00261063519 0.00134106329 0.00197087283 0.00227452238 0.00213876214 0.248144693
420 0.00201300106 0.00260921172 0.00134106329 0.00197087283 0.00227309938 0.00213686544 0.248146116
421 0.00201300106 0.002607795 0.00134106329 0.00197087283 0.00227168314 0.00213497776 0.248147533
422 0.00201300106 0.00260638501 0.00134106329 0.00197087283 0.00227027361 0.00213309902 0.248148942
423 0.00201300106 0.00260498167 0.00134106329 0.00197087283 0.00226887075 0.00213122916 0.248150345
424 0.00201300106 0.00260358496 0.00134106329 0.00197087283 0.00226747451 0.00212936812 0.248151741
425 0.00201300106 0.00260219482 0.00134106329 0.00197087283 0.00226608483 0.00212751584 0.248153131
426 0.00201300106 0.00260081121 0.00134106329 0.00197087283 0.00226470168 0.00212567226 0.248154514
427 0.00201300106 0.00259943407 0.00134106329 0.00197087283 0.00226332501 0.00212383731 0.248155891
428 0.00201300106 0.00259806338 0.00134106329 0.00197087283 0.00226195478 0.00212201094 0.248157261
429 0.00201300106 0.00259669907 0.00134106329 0.00197087283 0.00226059093 0.00212019308 0.248158625
430 0.00201300106 0.00259534111 0.00134106329 0.00197087283 0.00225923342 0.00211838367 0.248159982
431 0.00201300106 0.00259398945 0.00134106329 0.00197087283 0.00225788221 0.00211658267 0.248161334
432 0.00201300106 0.00259264405 0.00134106329 0.00197087283 0.00225653726 0.00211479 0.248162679
433 0.00201300106 0.00259130486 0.00134106329 0.00197087283 0.00225519852 0.00211300561 0.248164017
434 0.00201300106 0.00258997184 0.00134106329 0.00197087283 0.00225386595 0.00211122944 0.24816535
435 0.00201300106 0.00258864495 0.00134106329 0.00197087283 0.00225253951 0.00210946144 0.248166676
436 0.00201300106 0.00258732415 0.00134106329 0.00197087283 0.00225121915 0.00210770155 0.248167997
437 0.00201300106 0.00258600939 0.00134106329 0.00197087283 0.00224990483 0.00210594972 0.248169311
438 0.00201300106 0.00258470064 0.00134106329 0.00197087283 0.00224859652 0.00210420588 0.248170619
439 0.00201300106 0.00258339785 0.00134106329 0.00197087283 0.00224729417 0.00210246999 0.248171922
440 0.00201300106 0.00258210098 0.00134106329 0.00197087283 0.00224599773 0.00210074199 0.248173218
441 0.00201300106 0.00258080999 0.00134106329 0.00197087283 0.00224470718 0.00209902182 0.248174509
442 0.00201300106 0.00257952485 0.00134106329 0.00197087283 0.00224342246 0.00209730944 0.248175793
443 0.00201300106 0.0025782455 0.00134106329 0.00197087283 0.00224214355 0.00209560479 0.248177072
444 0.00201300106 0.00257697192 0.00134106329 0.00197087283 0.00224087039 0.00209390782 0.248178345
445 0.00201300106 0.00257570407 0.00134106329 0.00197087283 0.00223960296 0.00209221848 0.248179613
446 0.00201300106 0.00257444189 0.00134106329 0.00197087283 0.00223834121 0.00209053671 0.248180875
447 0.00201300106 0.00257318537 0.00134106329 0.00197087283 0.00223708511 0.00208886246 0.248182131
448 0.00201300106 0.00257193446 0.00134106329 0.00197087283 0.00223583461 0.00208719569 0.248183381
449 0.00201300106 0.00257068911 0.00134106329 0.00197087283 0.00223458969 0.00208553635 0.248184626
450 0.00201300106 0.00256944931 0.00134106329 0.00197087283 0.0022333503 0.00208388438 0.248185865
451 0.00201300106 0.002568215 0.00134106329 0.00197087283 0.0022321164 0.00208223973 0.248187099
452 0.00201300106 0.00256698615 0.00134106329 0.00197087283 0.00223088796 0.00208060236 0.248188328
453 0.00201300106 0.00256576272 0.00134106329 0.00197087283 0.00222966495 0.00207897222 0.248189551
454 0.00201300106 0.00256454469 0.00134106329 0.00197087283 0.00222844733 0.00207734927 0.248190768
455 0.00201300106 0.00256333201 0.00134106329 0.00197087283 0.00222723505 0.00207573344 0.248191981
456 0.00201300106 0.00256212465 0.00134106329 0.00197087283 0.0022260281 0.00207412471 0.248193188
457 0.00201300106 0.00256092257 0.00134106329 0.00197087283 0.00222482642 0.00207252301 0.248194389
458 0.00201300106 0.00255972575 0.00134106329 0.00197087283 0.00222363 0.00207092831 0.248195586
459 0.00201300106 0.00255853413 0.00134106329 0.00197087283 0.00222243878 0.00206934055 0.248196777
460 0.00201300106 0.0025573477 0.00134106329 0.00197087283 0.00222125275 0.0020677597 0.248197963
461 0.00201300106 0.00255616642 0.00134106329 0.00197087283 0.00222007186 0.00206618571 0.248199144
462 0.00201300106 0.00255499025 0.00134106329 0.00197087283 0.00221889608 0.00206461853 0.24820032
463 0.00201300106 0.00255381916 0.00134106329 0.00197087283 0.00221772539 0.00206305813 0.24820149
464 0.00201300106 0.00255265311 0.00134106329 0.00197087283 0.00221655974 0.00206150444 0.248202656
465 0.00201300106 0.00255149209 0.00134106329 0.00197087283 0.0022153991 0.00205995744 0.248203817
466 0.00201300106 0.00255033604 0.00134106329 0.00197087283 0.00221424344 0.00205841708 0.248204972
467 0.00201300106 0.00254918495 0.00134106329 0.00197087283 0.00221309273 0.00205688332 0.248206123
468 0.00201300106 0.00254803878 0.00134106329 0.00197087283 0.00221194694 0.00205535611 0.248207269
469 0.00201300106 0.00254689749 0.00134106329 0.00197087283 0.00221080604 0.00205383541 0.24820841
470 0.00201300106 0.00254576106 0.00134106329 0.00197087283 0.00220966999 0.00205232119 0.248209546
471 0.00201300106 0.00254462946 0.00134106329 0.00197087283 0.00220853877 0.00205081339 0.248210677
472 0.00201300106 0.00254350265 0.00134106329 0.00197087283 0.00220741234 0.00204931199 0.248211803
473 0.00201300106 0.0025423806 0.00134106329 0.00197087283 0.00220629067 0.00204781693 0.248212925
474 0.00201300106 0.00254126329 0.00134106329 0.00197087283 0.00220517373 0.00204632818 0.248214042
475 0.00201300106 0.00254015069 0.00134106329 0.00197087283 0.0022040615 0.0020448457 0.248215154
476 0.00201300106 0.00253904275 0.00134106329 0.00197087283 0.00220295394 0.00204336944 0.248216262
477 0.00201300106 0.00253793947 0.00134106329 0.00197087283 0.00220185102 0.00204189938 0.248217365
478 0.00201300106 0.0025368408 0.00134106329 0.00197087283 0.00220075272 0.00204043547 0.248218463
479 0.00201300106 0.00253574672 0.00134106329 0.00197087283 0.00219965901 0.00203897767 0.248219557
480 0.00201300106 0.00253465719 0.00134106329 0.00197087283 0.00219856985 0.00203752594 0.248220646
481 0.00201300106 0.0025335722 0.00134106329 0.00197087283 0.00219748522 0.00203608025 0.248221731
482 0.00201300106 0.00253249171 0.00134106329 0.00197087283 0.00219640509 0.00203464056 0.248222811
483 0.00201300106 0.00253141569 0.00134106329 0.00197087283 0.00219532944 0.00203320683 0.248223886
484 0.00201300106 0.00253034412 0.00134106329 0.00197087283 0.00219425822 0.00203177903 0.248224958
485 0.00201300106 0.00252927697 0.00134106329 0.00197087283 0.00219319143 0.00203035711 0.248226024
486 0.00201300106 0.00252821421 0.00134106329 0.00197087283 0.00219212903 0.00202894105 0.248227087
487 0.00201300106 0.00252715582 0.00134106329 0.00197087283 0.00219107099 0.0020275308 0.248228145
488 0.00201300106 0.00252610176 0.00134106329 0.00197087283 0.00219001728 0.00202612633 0.248229199
489 0.00201300106 0.00252505201 0.00134106329 0.00197087283 0.00218896789 0.0020247276 0.248230248
490 0.00201300106 0.00252400655 0.00134106329 0.00197087283 0.00218792277 0.00202333459 0.248231293
491 0.00201300106 0.00252296535 0.00134106329 0.00197087283 0.00218688192 0.00202194724 0.248232334
492 0.00201300106 0.00252192837 0.00134106329 0.00197087283 0.0021858453 0.00202056554 0.24823337
493 0.00201300106 0.00252089561 0.00134106329 0.00197087283 0.00218481288 0.00201918944 0.248234403
494 0.00201300106 0.00251986703 0.00134106329 0.00197087283 0.00218378464 0.00201781892 0.248235431
495 0.00201300106 0.0025188426 0.00134106329 0.00197087283 0.00218276056 0.00201645393 0.248236455
496 0.00201300106 0.0025178223 0.00134106329 0.00197087283 0.0021817406 0.00201509444 0.248237475
497 0.00201300106 0.00251680611 0.00134106329 0.00197087283 0.00218072475 0.00201374043 0.248238491
498 0.00201300106 0.002515794 0.00134106329 0.00197087283 0.00217971298 0.00201239185 0.248239503
499 0.00201300106 0.00251478595 0.00134106329 0.00197087283 0.00217870527 0.00201104868 0.248240511
500 0.00201300106 0.00251378193 0.00134106329 0.00197087283 0.00217770158 0.00200971088 0.248241514
501 0.00201300106 0.00251278192 0.00134106329 0.00197087283 0.0021767019 0.00200837843 0.248242514
502 0.00201300106 0.00251178589 0.00134106329 0.00197087283 0.00217570621 0.00200705128 0.24824351
503 0.00101696428 0.00151475726 0.000594536656 0.00109937729 0.00130347466 0.00134181964 0.248742492
504 0.000969180486 0.000472375192 0.000894073008 0.000638426318 0.000434806825 1.46662649e-05 0.249737327
505 0.00294745934 0.00245163782 0.00212893049 0.00224534124 0.00204223411 0.0013098383 0.250234963
506 0.0049179189 0.00442307727 0.00360627398 0.00396966594 0.00376703285 0.00263169434 0.251225653
507 0.00490424845 0.00441038328 0.00359651591 0.0039579489 0.00375629538 0.00262382495 0.251220738
508 0.00489063182 0.00439773926 0.00358679627 0.00394627799 0.00374560018 0.00261598666 0.251215842
509 0.00487706869 0.00438514493 0.00357711482 0.00393465294 0.00373494701 0.0026081793 0.251210965
510 0.00486355875 0.00437259999 0.00356747133 0.00392307348 0.00372433562 0.00260040267 0.251206108
511 0.00485010168 0.00436010415 0.00355786559 0.00391153934 0.00371376576 0.0025926566 0.25120127
512 0.00483669719 0.00434765712 0.00354829737 0.00390005025 0.00370323719 0.00258494091 0.25119645
513 0.00482334495 0.00433525861 0.00353876645 0.00388860596 0.00369274966 0.00257725542 0.25119165
514 0.00481004466 0.00432290835 0.00352927262 0.00387720619 0.00368230295 0.00256959995 0.251186868
515 0.00479679603 0.00431060605 0.00351981565 0.0038658507 0.0036718968 0.00256197432 0.251182105
516 0.00478359875 0.00429835144 0.00351039535 0.00385453922 0.00366153099 0.00255437837 0.25117736
517 0.00477045252 0.00428614423 0.00350101148 0.0038432715 0.00365120527 0.00254681192 0.251172634
518 0.00475735705 0.00427398415 0.00349166385 0.00383204728 0.00364091942 0.0025392748 0.251167926
519 0.00474431204 0.00426187093 0.00348235223 0.00382086632 0.00363067322 0.00253176684 0.251163236
520 0.00473131721 0.00424980431 0.00347307643 0.00380972836 0.00362046641 0.00252428786 0.251158565
521 0.00471837226 0.004237784 0.00346383624 0.00379863316 0.0036102988 0.00251683771 0.251153911
522 0.00470547691 0.00422580975 0.00345463145 0.00378758046 0.00360017013 0.00250941621 0.251149275
523 0.00469263087 0.00421388129 0.00344546187 0.00377657004 0.0035900802 0.0025020232 0.251144657
524 0.00467983387 0.00420199835 0.00343632728 0.00376560163 0.00358002878 0.00249465852 0.251140057
525 0.00466708561 0.00419016069 0.00342722748 0.00375467501 0.00357001566 0.00248732201 0.251135475
526 0.00465438582 0.00417836803 0.00341816229 0.00374378994 0.0035600406 0.00248001349 0.251130909
527 0.00464173424 0.00416662013 0.0034091315 0.00373294618 0.0035501034 0.00247273282 0.251126362
528 0.00462913057 0.00415491673 0.00340013492 0.00372214349 0.00354020385 0.00246547984 0.251121831
529 0.00461657456 0.00414325758 0.00339117236 0.00371138165 0.00353034172 0.00245825438 0.251117318
530 0.00460406592 0.00413164242 0.00338224361 0.00370066041 0.0035205168 0.00245105629 0.251112821
531 0.0045916044 0.00412007101 0.00337334849 0.00368997956 0.00351072889 0.00244388541 0.251108342
532 0.00457918973 0.00410854311 0.00336448682 0.00367933886 0.00350097778 0.0024367416 0.25110388
533 0.00456682164 0.00409705846 0.00335565839 0.00366873809 0.00349126325 0.00242962469 0.251099434
534 0.00455449988 0.00408561682 0.00334686303 0.00365817702 0.00348158512 0.00242253455 0.251095005
535 0.00454222418 0.00407421796 0.00333810055 0.00364765543 0.00347194316 0.002415471 0.251090593
536 0.00452999428 0.00406286162 0.00332937077 0.0036371731 0.00346233717 0.00240843391 0.251086198
537 0.00451780993 0.00405154759 0.0033206735 0.00362672981 0.00345276697 0.00240142313 0.251081818
538 0.00450567088 0.00404027561 0.00331200856 0.00361632535 0.00344323234 0.00239443851 0.251077455
539 0.00449357686 0.00402904546 0.00330337578 0.00360595949 0.00343373309 0.00238747991 0.251073109
540 0.00448152765 0.0040178569 0.00329477496 0.00359563202 0.00342426902 0.00238054717 0.251068778
541 0.00446952297 0.00400670971 0.00328620595 0.00358534273 0.00341483994 0.00237364016 0.251064464
542 0.0044575626 0.00399560365 0.00327766855 0.00357509141 0.00340544566 0.00236675873 0.251060165
543 0.00444564627 0.00398453849 0.0032691626 0.00356487785 0.00339608597 0.00235990275 0.251055882
544 0.00443377376 0.00397351402 0.00326068792 0.00355470184 0.0033867607 0.00235307206 0.251051616
545 0.00442194481 0.00396253 0.00325224434 0.00354456317 0.00337746965 0.00234626653 0.251047364
546 0.0044101592 0.00395158622 0.00324383168 0.00353446164 0.00336821263 0.00233948602 0.251043129
547 0.00439841668 0.00394068245 0.00323544979 0.00352439704 0.00335898945 0.0023327304 0.251038909
548 0.00438671701 0.00392981847 0.00322709849 0.00351436917 0.00334979994 0.00232599952 0.251034704
549 0.00437505996 0.00391899408 0.00321877761 0.00350437784 0.00334064391 0.00231929326 0.251030515
550 0.00436344531 0.00390820904 0.00321048699 0.00349442284 0.00333152117 0.00231261147 0.251026341
551 0.00435187281 0.00389746315 0.00320222647 0.00348450397 0.00332243154 0.00230595402 0.251022183
552 0.00434034224 0.0038867562 0.00319399587 0.00347462104 0.00331337485 0.00229932079 0.251018039
553 0.00432885337 0.00387608797 0.00318579504 0.00346477386 0.00330435091 0.00229271163 0.251013911
554 0.00431740598 0.00386545825 0.00317762382 0.00345496222 0.00329535955 0.00228612641 0.251009797
555 0.00430599984 0.00385486684 0.00316948204 0.00344518594 0.00328640059 0.00227956502 0.251005698
556 0.00429463473 0.00384431352 0.00316136954 0.00343544483 0.00327747385 0.00227302731 0.251001615
557 0.00428331043 0.0038337981 0.00315328618 0.00342573869 0.00326857917 0.00226651317 0.250997545
558 0.00427202672 0.00382332037 0.00314523179 0.00341606735 0.00325971637 0.00226002245 0.250993491
559 0.00426078338 0.00381288013 0.00313720622 0.0034064306 0.00325088528 0.00225355505 0.250989451
560 0.00424958019 0.00380247717 0.00312920931 0.00339682827 0.00324208573 0.00224711082 0.250985425
561 0.00423841695 0.0037921113 0.00312124091 0.00338726018 0.00323331755 0.00224068965 0.250981414
562 0.00422729343 0.00378178232 0.00311330087 0.00337772614 0.00322458058 0.00223429142 0.250977417
563 0.00421620942 0.00377149004 0.00310538903 0.00336822596 0.00321587464 0.00222791599 0.250973435
564 0.00420516472 0.00376123425 0.00309750525 0.00335875947 0.00320719957 0.00222156326 0.250969466
565 0.00419415912 0.00375101476 0.00308964938 0.00334932649 0.00319855521 0.00221523309 0.250965512
566 0.00418319241 0.00374083139 0.00308182126 0.00333992685 0.0031899414 0.00220892538 0.250961572
567 0.00417226437 0.00373068393 0.00307402076 0.00333056036 0.00318135797 0.00220263999 0.250957645
568 0.00416137482 0.00372057221 0.00306624772 0.00332122685 0.00317280476 0.00219637681 0.250953733
569 0.00415052355 0.00371049602 0.00305850201 0.00331192615 0.00316428162 0.00219013572 0.250949834
570 0.00413971035 0.0037004552 0.00305078348 0.00330265808 0.00315578838 0.00218391661 0.250945949
571 0.00412893502 0.00369044954 0.00304309197 0.00329342247 0.0031473249 0.00217771937 0.250942078
572 0.00411819737 0.00368047887 0.00303542737 0.00328421916 0.003138891 0.00217154386 0.25093822
573 0.0041074972 0.00367054299 0.00302778951 0.00327504797 0.00313048654 0.00216538999 0.250934376
574 0.00409683431 0.00366064174 0.00302017827 0.00326590874 0.00312211137 0.00215925764 0.250930545
575 0.00408620851 0.00365077493 0.0030125935 0.00325680129 0.00311376533 0.00215314669 0.250926728
576 0.0040756196 0.00364094238 0.00300503507 0.00324772547 0.00310544826 0.00214705703 0.250922924
577 0.0040650674 0.00363114391 0.00299750284 0.0032386811 0.00309716003 0.00214098856 0.250919133
578 0.00405455171 0.00362137934 0.00298999667 0.00322966803 0.00308890047 0.00213494116 0.250915355
579 0.00404407234 0.0036116485 0.00298251643 0.0032206861 0.00308066945 0.00212891472 0.25091159
580 0.00403362911 0.00360195122 0.00297506198 0.00321173513 0.0030724668 0.00212290913 0.250907839
581 0.00402322183 0.00359228732 0.00296763319 0.00320281498 0.0030642924 0.00211692429 0.2509041
582 0.00401285032 0.00358265662 0.00296022993 0.00319392548 0.00305614608 0.00211096009 0.250900374
583 0.00400251438 0.00357305897 0.00295285207 0.00318506648 0.00304802771 0.00210501642 0.250896661
584 0.00399221384 0.00356349419 0.00294549948 0.00317623782 0.00303993715 0.00209909317 0.250892961
585 0.00398194851 0.0035539621 0.00293817202 0.00316743934 0.00303187424 0.00209319025 0.250889273
586 0.00397171823 0.00354446255 0.00293086957 0.00315867089 0.00302383885 0.00208730754 0.250885599
587 0.00396152279 0.00353499536 0.002923592 0.00314993231 0.00301583084 0.00208144495 0.250881936
588 0.00395136204 0.00352556038 0.00291633919 0.00314122346 0.00300785007 0.00207560236 0.250878286
589 0.00394123578 0.00351615743 0.002909111 0.00313254418 0.0029998964 0.00206977968 0.250874649
590 0.00393114386 0.00350678636 0.00290190731 0.00312389432 0.00299196969 0.00206397681 0.250871024
591 0.00392108608 0.003497447 0.00289472801 0.00311527373 0.0029840698 0.00205819364 0.250867411
592 0.00391106229 0.00348813919 0.00288757295 0.00310668227 0.0029761966 0.00205243007 0.250863811
593 0.0039010723 0.00347886277 0.00288044203 0.00309811978 0.00296834996 0.00204668602 0.250860222
594 0.00389111595 0.00346961759 0.00287333512 0.00308958612 0.00296052974 0.00204096136 0.250856646
595 0.00388119306 0.00346040349 0.0028662521 0.00308108115 0.0029527358 0.00203525602 0.250853082
596 0.00387130347 0.0034512203 0.00285919284 0.00307260472 0.00294496801 0.00202956989 0.25084953
597 0.00386144702 0.00344206788 0.00285215724 0.00306415668 0.00293722625 0.00202390287 0.25084599
598 0.00385162352 0.00343294607 0.00284514517 0.0030557369 0.00292951038 0.00201825486 0.250842461
599 0.00384183283 0.00342385471 0.0028381565 0.00304734523 0.00292182028 0.00201262578 0.250838945
600 0.00383207478 0.00341479366 0.00283119114 0.00303898153 0.00291415581 0.00200701553 0.25083544
601 0.00382234919 0.00340576276 0.00282424895 0.00303064567 0.00290651684 0.00200142401 0.250831947
602 0.00381265592 0.00339676187 0.00281732983 0.0030223375 0.00289890325 0.00199585113 0.250828465
603 0.0038029948 0.00338779083 0.00281043365 0.00301405689 0.00289131492 0.00199029679 0.250824996
604 0.00379336566 0.00337884949 0.00280356031 0.00300580369 0.00288375171 0.00198476091 0.250821537
605 0.00378376836 0.00336993772 0.0027967097 0.00299757778 0.0028762135 0.00197924339 0.25081809
606 0.00377420274 0.00336105535 0.00278988169 0.00298937902 0.00286870017 0.00197374414 0.250814655
607 0.00376466863 0.00335220225 0.00278307618 0.00298120727 0.0028612116 0.00196826307 0.250811231
608 0.00375516588 0.00334337828 0.00277629305 0.0029730624 0.00285374766 0.00196280009 0.250807818
609 0.00374569434 0.00333458328 0.0027695322 0.00296494428 0.00284630824 0.00195735511 0.250804416
610 0.00373625386 0.00332581712 0.00276279352 0.00295685277 0.0028388932 0.00195192805 0.250801026
611 0.00372684428 0.00331707965 0.0027560769 0.00294878776 0.00283150244 0.0019465188 0.250797647
612 0.00371746545 0.00330837073 0.00274938223 0.0029407491 0.00282413583 0.00194112729 0.250794279
613 0.00370811721 0.00329969023 0.0027427094 0.00293273666 0.00281679325 0.00193575343 0.250790921
614 0.00369879943 0.00329103801 0.0027360583 0.00292475033 0.00280947459 0.00193039714 0.250787575
615 0.00368951195 0.00328241392 0.00272942883 0.00291678996 0.00280217973 0.00192505832 0.25078424
616 0.00368025462 0.00327381784 0.00272282089 0.00290885545 0.00279490856 0.00191973689 0.250780916
617 0.0036710273 0.00326524961 0.00271623437 0.00290094665 0.00278766096 0.00191443276 0.250777602
618 0.00366182985 0.00325670912 0.00270966916 0.00289306345 0.00278043681 0.00190914586 0.250774299
619 0.00365266211 0.00324819622 0.00270312517 0.00288520571 0.002773236 0.0019038761 0.250771007
620 0.00364352394 0.00323971078 0.00269660228 0.00287737333 0.00276605842 0.00189862339 0.250767726
621 0.00363441521 0.00323125267 0.00269010041 0.00286956617 0.00275890396 0.00189338765 0.250764455
622 0.00362533576 0.00322282176 0.00268361944 0.00286178411 0.0027517725 0.0018881688 0.250761194
623 0.00361628546 0.00321441791 0.00267715927 0.00285402704 0.00274466393 0.00188296677 0.250757944
624 0.00360726417 0.003206041 0.00267071981 0.00284629483 0.00273757815 0.00187778146 0.250754705
625 0.00359827174 0.00319769089 0.00266430096 0.00283858736 0.00273051505 0.00187261279 0.250751476
626 0.00358930805 0.00318936746 0.00265790261 0.00283090452 0.00272347451 0.00186746069 0.250748257
627 0.00358037294 0.00318107058 0.00265152468 0.00282324618 0.00271645643 0.00186232508 0.250745049
628 0.0035714663 0.00317280013 0.00264516705 0.00281561223 0.00270946069 0.00185720588 0.250741851
629 0.00356258797 0.00316455597 0.00263882964 0.00280800256 0.00270248721 0.00185210301 0.250738663
630 0.00355373783 0.00315633798 0.00263251235 0.00280041704 0.00269553586 0.00184701639 0.250735485
631 0.00354491574 0.00314814604 0.00262621509 0.00279285557 0.00268860654 0.00184194594 0.250732317
632 0.00353612157 0.00313998003 0.00261993775 0.00278531802 0.00268169915 0.0018368916 0.25072916
633 0.00352735518 0.00313183982 0.00261368024 0.00277780429 0.00267481359 0.00183185327 0.250726012
634 0.00351861645 0.00312372528 0.00260744248 0.00277031427 0.00266794974 0.00182683088 0.250722875
635 0.00350990524 0.0031156363 0.00260122436 0.00276284783 0.00266110752 0.00182182437 0.250719747
636 0.00350122143 0.00310757276 0.00259502579 0.00275540487 0.00265428681 0.00181683365 0.250716629
637 0.00349256488 0.00309953454 0.00258884669 0.00274798528 0.00264748752 0.00181185865 0.250713521
638 0.00348393546 0.00309152151 0.00258268695 0.00274058895 0.00264070954 0.00180689929 0.250710423
639 0.00347533306 0.00308353357 0.0025765465 0.00273321578 0.00263395277 0.00180195551 0.250707334
640 0.00346675754 0.00307557058 0.00257042523 0.00272586564 0.00262721712 0.00179702722 0.250704255
641 0.00345820877 0.00306763245 0.00256432307 0.00271853843 0.00262050249 0.00179211436 0.250701186
642 0.00344968664 0.00305971904 0.00255823991 0.00271123405 0.00261380877 0.00178721685 0.250698126
643 0.00344119101 0.00305183025 0.00255217568 0.00270395239 0.00260713588 0.00178233463 0.250695076
644 0.00343272177 0.00304396595 0.00254613028 0.00269669335 0.0026004837 0.00177746761 0.250692035
645 0.00342427879 0.00303612604 0.00254010362 0.00268945681 0.00259385216 0.00177261574 0.250689004
646 0.00341586194 0.0030283104 0.00253409562 0.00268224268 0.00258724114 0.00176777893 0.250685983
647 0.00340747112 0.00302051893 0.00252810619 0.00267505085 0.00258065057 0.00176295712 0.25068297
648 0.00339910619 0.0030127515 0.00252213525 0.00266788121 0.00257408033 0.00175815024 0.250679967
649 0.00339076705 0.003005008 0.00251618271 0.00266073367 0.00256753034 0.00175335821 0.250676973
650 0.00338245356 0.00299728834 0.00251024849 0.00265360812 0.0025610005 0.00174858098 0.250673989
651 0.00337416561 0.00298959239 0.00250433249 0.00264650446 0.00255449073 0.00174381847 0.250671013
652 0.00336590308 0.00298192004 0.00249843465 0.0026394226 0.00254800092 0.00173907062 0.250668047
653 0.00335766586 0.0029742712 0.00249255487 0.00263236242 0.00254153099 0.00173433735 0.25066509
654 0.00334945383 0.00296664574 0.00248669306 0.00262532383 0.00253508085 0.0017296186 0.250662142
655 0.00334126688 0.00295904357 0.00248084916 0.00261830674 0.0025286504 0.00172491431 0.250659203
656 0.00333310489 0.00295146458 0.00247502308 0.00261131104 0.00252223955 0.0017202244 0.250656273
657 0.00332496774 0.00294390866 0.00246921473 0.00260433664 0.00251584823 0.00171554881 0.250653352
658 0.00331685532 0.00293637571 0.00246342403 0.00259738343 0.00250947632 0.00171088748 0.25065044
659 0.00330876753 0.00292886561 0.00245765091 0.00259045133 0.00250312376 0.00170624034 0.250647536
660 0.00330070424 0.00292137828 0.00245189528 0.00258354023 0.00249679045 0.00170160732 0.250644642
661 0.00329266536 0.0029139136 0.00244615707 0.00257665004 0.0024904763 0.00169698837 0.250641756
662 0.00328465075 0.00290647147 0.00244043619 0.00256978067 0.00248418122 0.00169238341 0.250638879
663 0.00327666033 0.00289905179 0.00243473257 0.00256293202 0.00247790514 0.00168779239 0.250636011
664 0.00326869397 0.00289165446 0.00242904613 0.00255610401 0.00247164796 0.00168321523 0.250633151
665 0.00326075157 0.00288427938 0.00242337679 0.00254929652 0.00246540959 0.00167865189 0.2506303
666 0.00325283303 0.00287692644 0.00241772448 0.00254250948 0.00245918996 0.00167410229 0.250627458
667 0.00324493822 0.00286959555 0.00241208912 0.00253574279 0.00245298898 0.00166956637 0.250624624
668 0.00323706706 0.00286228662 0.00240647063 0.00252899636 0.00244680657 0.00166504408 0.250621799
669 0.00322921942 0.00285499953 0.00240086893 0.0025222701 0.00244064264 0.00166053535 0.250618982
670 0.00322139521 0.00284773419 0.00239528396 0.00251556391 0.00243449711 0.00165604011 0.250616173
671 0.00321359432 0.00284049051 0.00238971563 0.00250887772 0.0024283699 0.00165155832 0.250613373
672 0.00320581665 0.00283326839 0.00238416388 0.00250221142 0.00242226092 0.0016470899 0.250610582
673 0.00319806209 0.00282606773 0.00237862862 0.00249556494 0.00241617009 0.0016426348 0.250607798
674 0.00319033054 0.00281888844 0.00237310979 0.00248893818 0.00241009735 0.00163819297 0.250605023
675 0.0031826219 0.00281173042 0.00236760731 0.00248233105 0.00240404259 0.00163376433 0.250602256
676 0.00317493607 0.00280459357 0.00236212111 0.00247574347 0.00239800575 0.00162934883 0.250599498
677 0.00316727294 0.00279747781 0.00235665112 0.00246917535 0.00239198674 0.00162494642 0.250596747
678 0.00315963242 0.00279038304 0.00235119726 0.00246262661 0.00238598548 0.00162055704 0.250594005
679 0.00315201441 0.00278330917 0.00234575947 0.00245609715 0.00238000191 0.00161618062 0.250591271
680 0.00314441879 0.00277625611 0.00234033767 0.0024495869 0.00237403593 0.00161181711 0.250588544
681 0.00313684549 0.00276922375 0.0023349318 0.00244309577 0.00236808747 0.00160746645 0.250585826
682 0.0031292944 0.00276221203 0.00232954178 0.00243662368 0.00236215646 0.0016031286 0.250583116
683 0.00312176541 0.00275522083 0.00232416754 0.00243017054 0.00235624281 0.00159880348 0.250580414
684 0.00311425844 0.00274825007 0.00231880901 0.00242373626 0.00235034646 0.00159449104 0.25057772
685 0.00310677339 0.00274129967 0.00231346613 0.00241732077 0.00234446732 0.00159019124 0.250575033
686 0.00309931017 0.00273436953 0.00230813883 0.00241092399 0.00233860532 0.001585904 0.250572355
687 0.00309186866 0.00272745957 0.00230282704 0.00240454583 0.00233276039 0.00158162929 0.250569684
688 0.0030844488 0.00272056969 0.00229753069 0.00239818621 0.00232693245 0.00157736704 0.250567021
689 0.00307705047 0.00271369982 0.00229224971 0.00239184505 0.00232112143 0.00157311719 0.250564366
690 0.00306967358 0.00270684985 0.00228698404 0.00238552227 0.00231532725 0.0015688797 0.250561718
691 0.00306231804 0.00270001971 0.00228173361 0.00237921779 0.00230954984 0.00156465452 0.250559079
692 0.00305498377 0.00269320932 0.00227649835 0.00237293153 0.00230378912 0.00156044157 0.250556447
693 0.00304767066 0.00268641857 0.0022712782 0.00236666342 0.00229804504 0.00155624083 0.250553822
694 0.00304037862 0.0026796474 0.0022660731 0.00236041336 0.0022923175 0.00155205222 0.250551205
695 0.00303310757 0.00267289571 0.00226088298 0.0023541813 0.00228660645 0.00154787571 0.250548596
696 0.00302585742 0.00266616343 0.00225570777 0.00234796714 0.00228091181 0.00154371123 0.250545994
697 0.00301862807 0.00265945046 0.00225054741 0.00234177081 0.00227523351 0.00153955873 0.250543399
698 0.00301141943 0.00265275672 0.00224540183 0.00233559224 0.00226957148 0.00153541817 0.250540812
699 0.00300423142 0.00264608214 0.00224027098 0.00232943135 0.00226392565 0.00153128949 0.250538233
700 0.00299706394 0.00263942663 0.00223515479 0.00232328805 0.00225829596 0.00152717264 0.250535661
701 0.00298991692 0.00263279011 0.00223005319 0.00231716229 0.00225268232 0.00152306757 0.250533096
702 0.00298279025 0.00262617249 0.00222496613 0.00231105398 0.00224708468 0.00151897422 0.250530539
703 0.00297568386 0.00261957371 0.00221989355 0.00230496304 0.00224150296 0.00151489256 0.250527989
704 0.00296859766 0.00261299366 0.00221483537 0.00229888941 0.0022359371 0.00151082253 0.250525446
705 0.00296153157 0.00260643229 0.00220979154 0.00229283301 0.00223038703 0.00150676407 0.25052291
706 0.00295448548 0.0025998895 0.002204762 0.00228679377 0.00222485268 0.00150271715 0.250520382
707 0.00294745934 0.00259336522 0.00219974669 0.00228077161 0.00221933398 0.00149868171 0.25051786
708 0.00294045304 0.00258685938 0.00219474555 0.00227476646 0.00221383088 0.0014946577 0.250515346
709 0.0029334665 0.00258037188 0.00218975851 0.00226877825 0.0022083433 0.00149064507 0.250512839
710 0.00292649965 0.00257390266 0.00218478552 0.00226280691 0.00220287118 0.00148664378 0.250510339
711 0.00291955239 0.00256745163 0.00217982652 0.00225685237 0.00219741445 0.00148265377 0.250507846
712 0.00291262464 0.00256101873 0.00217488145 0.00225091456 0.00219197305 0.00147867501 0.25050536
713 0.00290571633 0.00255460387 0.00216995025 0.0022449934 0.00218654691 0.00147470744 0.250502881
714 0.00289882737 0.00254820698 0.00216503287 0.00223908882 0.00218113597 0.00147075101 0.25050041
715 0.00289195768 0.00254182798 0.00216012924 0.00223320076 0.00217574017 0.00146680568 0.250497945
716 0.00288510718 0.00253546681 0.0021552393 0.00222732915 0.00217035944 0.00146287141 0.250495486
717 0.00287827579 0.00252912337 0.00215036301 0.00222147392 0.00216499372 0.00145894813 0.250493035
718 0.00287146343 0.00252279761 0.0021455003 0.002215635 0.00215964294 0.00145503582 0.250490591
719 0.00286467001 0.00251648944 0.00214065111 0.00220981231 0.00215430705 0.00145113442 0.250488153
720 0.00285789547 0.00251019879 0.0021358154 0.00220400581 0.00214898598 0.00144724389 0.250485723
721 0.00285113972 0.0025039256 0.0021309931 0.00219821541 0.00214367967 0.00144336418 0.250483299
722 0.00284440268 0.00249766978 0.00212618416 0.00219244105 0.00213838806 0.00143949525 0.250480881
723 0.00283768428 0.00249143126 0.00212138852 0.00218668266 0.00213311109 0.00143563705 0.250478471
724 0.00283098444 0.00248520998 0.00211660612 0.00218094018 0.00212784869 0.00143178954 0.250476067
725 0.00282430308 0.00247900587 0.00211183692 0.00217521354 0.00212260081 0.00142795268 0.25047367
726 0.00281764013 0.00247281884 0.00210708086 0.00216950268 0.00211736739 0.00142412641 0.250471279
727 0.0028109955 0.00246664883 0.00210233789 0.00216380753 0.00211214837 0.0014203107 0.250468895
728 0.00280436913 0.00246049578 0.00209760794 0.00215812802 0.00210694368 0.0014165055 0.250466517
729 0.00279776094 0.0024543596 0.00209289097 0.0021524641 0.00210175328 0.00141271077 0.250464146
730 0.00279117086 0.00244824024 0.00208818692 0.00214681569 0.00209657709 0.00140892646 0.250461782
731 0.0027845988 0.00244213762 0.00208349575 0.00214118274 0.00209141506 0.00140515254 0.250459424
732 0.00277804471 0.00243605167 0.00207881739 0.00213556517 0.00208626714 0.00140138895 0.250457073
733 0.00277150849 0.00242998233 0.00207415179 0.00212996294 0.00208113327 0.00139763567 0.250454728
734 0.00276499009 0.00242392953 0.00206949891 0.00212437597 0.00207601338 0.00139389263 0.250452389
735 0.00275848942 0.00241789319 0.00206485869 0.0021188042 0.00207090743 0.00139015982 0.250450057
736 0.00275200641 0.00241187326 0.00206023108 0.00211324758 0.00206581535 0.00138643717 0.250447731
737 0.002745541 0.00240586967 0.00205561603 0.00210770603 0.00206073709 0.00138272465 0.250445411
738 0.00273909311 0.00239988235 0.00205101348 0.0021021795 0.00205567259 0.00137902223 0.250443098
739 0.00273266268 0.00239391123 0.00204642339 0.00209666793 0.00205062179 0.00137532985 0.250440791
740 0.00272624962 0.00238795624 0.0020418457 0.00209117125 0.00204558465 0.00137164747 0.25043849
741 0.00271985387 0.00238201733 0.00203728037 0.00208568941 0.00204056111 0.00136797507 0.250436196
742 0.00271347536 0.00237609443 0.00203272735 0.00208022234 0.0020355511 0.00136431258 0.250433907
743 0.00270711401 0.00237018747 0.00202818658 0.00207476999 0.00203055458 0.00136065999 0.250431625
744 0.00270076977 0.0023642964 0.00202365802 0.0020693323 0.00202557149 0.00135701724 0.250429349
745 0.00269444256 0.00235842113 0.00201914162 0.00206390921 0.00202060178 0.00135338429 0.250427079
746 0.00268813232 0.00235256162 0.00201463732 0.00205850065 0.00201564539 0.00134976112 0.250424815
747 0.00268183897 0.00234671779 0.00201014508 0.00205310658 0.00201070228 0.00134614767 0.250422558
748 0.00267556244 0.00234088959 0.00200566486 0.00204772693 0.00200577238 0.0013425439 0.250420306
749 0.00266930268 0.00233507696 0.0020011966 0.00204236164 0.00200085564 0.00133894979 0.25041806
750 0.00266305961 0.00232927982 0.00199674025 0.00203701066 0.00199595202 0.00133536528 0.250415821
751 0.00265683316 0.00232349812 0.00199229577 0.00203167393 0.00199106145 0.00133179035 0.250413587
752 0.00265062328 0.0023177318 0.00198786311 0.0020263514 0.00198618389 0.00132822495 0.250411359
753 0.00264442988 0.00231198079 0.00198344223 0.002021043 0.00198131929 0.00132466905 0.250409138
754 0.00263825292 0.00230624504 0.00197903307 0.00201574868 0.00197646758 0.0013211226 0.250406922
755 0.00263209232 0.00230052449 0.00197463559 0.00201046839 0.00197162874 0.00131758558 0.250404712
756 0.00262594801 0.00229481906 0.00197024975 0.00200520206 0.00196680269 0.00131405793 0.250402508
757 0.00261981994 0.00228912871 0.00196587549 0.00199994965 0.00196198939 0.00131053964 0.250400309
758 0.00261370804 0.00228345338 0.00196151277 0.0019947111 0.00195718879 0.00130703065 0.250398117
759 0.00260761225 0.002277793 0.00195716155 0.00198948635 0.00195240085 0.00130353093 0.25039593
760 0.00260153249 0.00227214751 0.00195282178 0.00198427535 0.0019476255 0.00130004044 0.250393749
761 0.00259546872 0.00226651686 0.00194849342 0.00197907805 0.0019428627 0.00129655915 0.250391574
762 0.00258942086 0.002260901 0.00194417642 0.00197389439 0.00193811241 0.00129308703 0.250389405
763 0.00258338885 0.00225529985 0.00193987073 0.00196872431 0.00193337456 0.00128962403 0.250387241
764 0.00257737263 0.00224971336 0.00193557631 0.00196356777 0.00192864912 0.00128617012 0.250385083
765 0.00257137214 0.00224414148 0.00193129312 0.00195842471 0.00192393603 0.00128272526 0.250382931
766 0.00256538732 0.00223858415 0.00192702112 0.00195329508 0.00191923525 0.00127928942 0.250380784
767 0.00255941811 0.0022330413 0.00192276025 0.00194817882 0.00191454672 0.00127586257 0.250378643
768 0.00255346444 0.0022275129 0.00191851048 0.00194307589 0.00190987041 0.00127244466 0.250376507
769 0.00254752625 0.00222199887 0.00191427176 0.00193798623 0.00190520626 0.00126903566 0.250374377
770 0.00254160349 0.00221649916 0.00191004405 0.00193290979 0.00190055422 0.00126563555 0.250372253
771 0.00253569609 0.00221101372 0.00190582731 0.00192784652 0.00189591425 0.00126224427 0.250370134
772 0.00252980399 0.00220554249 0.0019016215 0.00192279637 0.0018912863 0.00125886181 0.25036802
773 0.00252392714 0.00220008542 0.00189742656 0.00191775928 0.00188667032 0.00125548812 0.250365912
774 0.00251806548 0.00219464244 0.00189324247 0.0019127352 0.00188206627 0.00125212316 0.25036381
775 0.00251221894 0.00218921352 0.00188906917 0.0019077241 0.00187747411 0.00124876692 0.250361713
776 0.00250638747 0.00218379858 0.00188490663 0.00190272591 0.00187289378 0.00124541935 0.250359621
777 0.00250057101 0.00217839759 0.0018807548 0.00189774058 0.00186832523 0.00124208042 0.250357535
778 0.00249476951 0.00217301048 0.00187661365 0.00189276807 0.00186376844 0.00123875009 0.250355454
779 0.00248898289 0.00216763719 0.00187248312 0.00188780832 0.00185922334 0.00123542834 0.250353379
780 0.00248321112 0.00216227769 0.00186836319 0.0018828613 0.00185468989 0.00123211512 0.250351308
781 0.00247745413 0.00215693191 0.00186425381 0.00187792694 0.00185016806 0.00122881042 0.250349244
782 0.00247171186 0.00215159981 0.00186015494 0.0018730052 0.00184565779 0.00122551418 0.250347184
783 0.00246598425 0.00214628132 0.00185606654 0.00186809603 0.00184115904 0.00122222639 0.25034513
784 0.00246027126 0.0021409764 0.00185198857 0.00186319939 0.00183667177 0.00121894701 0.250343081
785 0.00245457283 0.00213568499 0.00184792098 0.00185831522 0.00183219592 0.001215676 0.250341037
786 0.00244888889 0.00213040706 0.00184386375 0.00185344348 0.00182773147 0.00121241334 0.250338998
787 0.0024432194 0.00212514253 0.00183981683 0.00184858412 0.00182327837 0.00120915899 0.250336965
788 0.0024375643 0.00211989136 0.00183578018 0.00184373709 0.00181883656 0.00120591292 0.250334937
789 0.00243192353 0.00211465351 0.00183175376 0.00183890235 0.00181440602 0.0012026751 0.250332914
790 0.00242629704 0.00210942892 0.00182773754 0.00183407985 0.00180998669 0.0011994455 0.250330896
791 0.00242068478 0.00210421753 0.00182373147 0.00182926954 0.00180557854 0.00119622409 0.250328883
792 0.00241508669 0.00209901931 0.00181973552 0.00182447139 0.00180118151 0.00119301083 0.250326875
793 0.00240950272 0.00209383419 0.00181574964 0.00181968533 0.00179679558 0.0011898057 0.250324872
794 0.00240393282 0.00208866214 0.00181177381 0.00181491132 0.0017924207 0.00118660866 0.250322875
795 0.00239837693 0.0020835031 0.00180780797 0.00181014933 0.00178805682 0.00118341968 0.250320882
796 0.002392835 0.00207835702 0.00180385211 0.0018053993 0.0017837039 0.00118023874 0.250318895
797 0.00238730697 0.00207322386 0.00179990616 0.0018006612 0.00177936191 0.0011770658 0.250316912
798 0.0023817928 0.00206810356 0.00179597011 0.00179593496 0.0017750308 0.00117390083 0.250314935
799 0.00237629243 0.00206299607 0.00179204391 0.00179122056 0.00177071053 0.00117074381 0.250312962
800 0.00237080582 0.00205790136 0.00178812753 0.00178651794 0.00176640107 0.00116759469 0.250310994
801 0.0023653329 0.00205281937 0.00178422092 0.00178182707 0.00176210236 0.00116445347 0.250309032
802 0.00235987363 0.00204775005 0.00178032406 0.00177714789 0.00175781437 0.00116132009 0.250307074
803 0.00235442796 0.00204269335 0.0017764369 0.00177248037 0.00175353707 0.00115819454 0.250305121
804 0.00234899583 0.00203764924 0.00177255942 0.00176782446 0.0017492704 0.00115507678 0.250303173
805 0.0023435772 0.00203261765 0.00176869156 0.00176318011 0.00174501433 0.00115196679 0.250301229
806 0.00233817202 0.00202759855 0.0017648333 0.00175854729 0.00174076883 0.00114886453 0.250299291
807 0.00233278023 0.00202259189 0.00176098461 0.00175392595 0.00173653384 0.00114576998 0.250297357
808 0.00232740179 0.00201759763 0.00175714544 0.00174931605 0.00173230934 0.00114268311 0.250295429
809 0.00232203664 0.00201261571 0.00175331576 0.00174471755 0.00172809528 0.0011396039 0.250293505
810 0.00231668474 0.00200764609 0.00174949554 0.0017401304 0.00172389163 0.0011365323 0.250291585
811 0.00231134604 0.00200268873 0.00174568474 0.00173555457 0.00171969835 0.0011334683 0.250289671
812 0.00230602049 0.00199774357 0.00174188333 0.00173099 0.00171551539 0.00113041186 0.250287761
813 0.00230070804 0.00199281059 0.00173809127 0.00172643666 0.00171134272 0.00112736296 0.250285856
814 0.00229540865 0.00198788972 0.00173430852 0.00172189451 0.00170718031 0.00112432157 0.250283956
815 0.00229012225 0.00198298093 0.00173053506 0.00171736351 0.00170302811 0.00112128766 0.25028206
816 0.00228484882 0.00197808417 0.00172677085 0.00171284361 0.00169888608 0.00111826121 0.250280169
817 0.00227958829 0.00197319939 0.00172301585 0.00170833478 0.0016947542 0.00111524219 0.250278282
818 0.00227434063 0.00196832656 0.00171927003 0.00170383697 0.00169063242 0.00111223056 0.250276401
819 0.00226910578 0.00196346563 0.00171553336 0.00169935015 0.0016865207 0.00110922631 0.250274524
820 0.0022638837 0.00195861656 0.0017118058 0.00169487427 0.00168241901 0.0011062294 0.250272651
821 0.00225867434 0.0019537793 0.00170808733 0.00169040929 0.00167832732 0.00110323981 0.250270783
822 0.00225347765 0.0019489538 0.0017043779 0.00168595517 0.00167424558 0.00110025751 0.250268919
823 0.00224829359 0.00194414004 0.00170067748 0.00168151188 0.00167017376 0.00109728248 0.25026706
824 0.00224312212 0.00193933795 0.00169698605 0.00167707938 0.00166611182 0.00109431469 0.250265206
825 0.00223796318 0.00193454751 0.00169330356 0.00167265762 0.00166205973 0.00109135411 0.250263356
826 0.00223281674 0.00192976867 0.00168963 0.00166824656 0.00165801745 0.00108840072 0.250261511
827 0.00222768274 0.00192500139 0.00168596531 0.00166384618 0.00165398494 0.00108545448 0.25025967
828 0.00222256114 0.00192024562 0.00168230948 0.00165945642 0.00164996218 0.00108251538 0.250257833
829 0.0022174519 0.00191550132 0.00167866247 0.00165507725 0.00164594912 0.00107958339 0.250256001
830 0.00221235496 0.00191076846 0.00167502425 0.00165070864 0.00164194573 0.00107665848 0.250254174
831 0.0022072703 0.00190604699 0.00167139478 0.00164635054 0.00163795198 0.00107374062 0.25025235
832 0.00220219786 0.00190133686 0.00166777404 0.00164200291 0.00163396783 0.0010708298 0.250250532
833 0.0021971376 0.00189663805 0.00166416199 0.00163766573 0.00162999324 0.00106792599 0.250248717
834 0.00219208947 0.0018919505 0.0016605586 0.00163333894 0.00162602819 0.00106502915 0.250246907
835 0.00218705343 0.00188727418 0.00165696384 0.00162902252 0.00162207263 0.00106213927 0.250245101
836 0.00218202944 0.00188260905 0.00165337769 0.00162471643 0.00161812653 0.00105925632 0.2502433
837 0.00217701746 0.00187795507 0.0016498001 0.00162042062 0.00161418987 0.00105638028 0.250241503
838 0.00217201744 0.00187331219 0.00164623105 0.00161613507 0.00161026259 0.00105351111 0.25023971
839 0.00216702933 0.00186868038 0.00164267051 0.00161185973 0.00160634469 0.0010506488 0.250237922
840 0.00216205311 0.0018640596 0.00163911844 0.00160759457 0.0016024361 0.00104779333 0.250236137
841 0.00215708871 0.00185944981 0.00163557483 0.00160333956 0.00159853682 0.00104494466 0.250234357
842 0.00215213611 0.00185485097 0.00163203963 0.00159909465 0.0015946468 0.00104210277 0.250232582
843 0.00214719526 0.00185026304 0.00162851281 0.00159485981 0.001590766 0.00103926765 0.25023081
844 0.00214226612 0.00184568598 0.00162499436 0.00159063501 0.0015868944 0.00103643925 0.250229043
845 0.00213734864 0.00184111975 0.00162148423 0.00158642021 0.00158303197 0.00103361757 0.25022728
846 0.00213244279 0.00183656432 0.0016179824 0.00158221537 0.00157917866 0.00103080257 0.250225521
847 0.00212754853 0.00183201964 0.00161448884 0.00157802046 0.00157533446 0.00102799424 0.250223766
848 0.0021226658 0.00182748569 0.00161100352 0.00157383545 0.00157149932 0.00102519255 0.250222015
849 0.00211779458 0.00182296241 0.00160752641 0.00156966029 0.00156767321 0.00102239747 0.250220269
850 0.00211293482 0.00181844978 0.00160405748 0.00156549496 0.00156385611 0.00101960898 0.250218526
851 0.00210808648 0.00181394775 0.0016005967 0.00156133941 0.00156004798 0.00101682707 0.250216788
852 0.00210324953 0.00180945629 0.00159714405 0.00155719362 0.00155624879 0.0010140517 0.250215054
853 0.00209842391 0.00180497536 0.00159369949 0.00155305756 0.00155245851 0.00101128285 0.250213324
854 0.0020936096 0.00180050493 0.001590263 0.00154893117 0.0015486771 0.0010085205 0.250211598
855 0.00208880654 0.00179604495 0.00158683455 0.00154481444 0.00154490454 0.00100576463 0.250209876
856 0.00208401471 0.00179159539 0.00158341411 0.00154070733 0.00154114079 0.00100301521 0.250208158
857 0.00207923406 0.00178715622 0.00158000165 0.00153660981 0.00153738583 0.00100027223 0.250206444
858 0.00207446456 0.0017827274 0.00157659715 0.00153252183 0.00153363962 0.00099753565 0.250204734
859 0.00206970616 0.00177830888 0.00157320057 0.00152844337 0.00152990213 0.000994805461 0.250203028
860 0.00206495882 0.00177390065 0.00156981189 0.0015243744 0.00152617333 0.000992081635 0.250201326
861 0.00206022252 0.00176950265 0.00156643108 0.00152031488 0.0015224532 0.000989364152 0.250199628
862 0.0020554972 0.00176511485 0.00156305812 0.00151626478 0.00151874169 0.000986652989 0.250197933
863 0.00205078283 0.00176073723 0.00155969297 0.00151222406 0.00151503879 0.000983948123 0.250196243
864 0.00204607938 0.00175636974 0.00155633562 0.0015081927 0.00151134446 0.000981249534 0.250194557
865 0.0020413868 0.00175201234 0.00155298602 0.00150417066 0.00150765867 0.000978557199 0.250192875
866 0.00203670506 0.00174766501 0.00154964416 0.00150015791 0.00150398139 0.000975871096 0.250191196
867 0.00203203412 0.00174332771 0.00154631001 0.00149615441 0.0015003126 0.000973191204 0.250189522
868 0.00202737394 0.0017390004 0.00154298355 0.00149216014 0.00149665226 0.000970517501 0.250187851
869 0.00202272449 0.00173468306 0.00153966474 0.00148817506 0.00149300034 0.000967849966 0.250186184
870 0.00201808572 0.00173037563 0.00153635355 0.00148419915 0.00148935682 0.000965188578 0.250184521
871 0.00201345761 0.0017260781 0.00153304998 0.00148023236 0.00148572166 0.000962533316 0.250182862
872 0.00200884011 0.00172179042 0.00152975398 0.00147627467 0.00148209485 0.000959884157 0.250181207
873 0.00200423319 0.00171751257 0.00152646552 0.00147232605 0.00147847634 0.000957241082 0.250179555
874 0.00199963681 0.00171324451 0.0015231846 0.00146838646 0.00147486611 0.000954604069 0.250177907
875 0.00199505094 0.0017089862 0.00151991117 0.00146445588 0.00147126413 0.000951973097 0.250176263
876 0.00199047554 0.00170473761 0.00151664522 0.00146053427 0.00146767038 0.000949348146 0.250174623
877 0.00198591057 0.00170049871 0.00151338672 0.0014566216 0.00146408482 0.000946729195 0.250172987
878 0.001981356 0.00169626947 0.00151013563 0.00145271785 0.00146050744 0.000944116224 0.250171354
879 0.0019768118 0.00169204985 0.00150689195 0.00144882298 0.00145693819 0.000941509212 0.250169725
880 0.00197227792 0.00168783982 0.00150365564 0.00144493696 0.00145337705 0.000938908139 0.250168099
881 0.00196775433 0.00168363935 0.00150042667 0.00144105977 0.00144982399 0.000936312984 0.250166478
882 0.001963241 0.00167944841 0.00149720503 0.00143719136 0.001446279 0.000933723727 0.25016486
883 0.0019587379 0.00167526695 0.00149399068 0.00143333172 0.00144274203 0.000931140348 0.250163246
884 0.00195424498 0.00167109496 0.0014907836 0.00142948081 0.00143921306 0.000928562828 0.250161635
885 0.00194976222 0.00166693239 0.00148758378 0.0014256386 0.00143569207 0.000925991146 0.250160028
886 0.00194528957 0.00166277922 0.00148439117 0.00142180507 0.00143217903 0.000923425282 0.250158425
887 0.00194082701 0.00165863542 0.00148120577 0.00141798018 0.00142867391 0.000920865217 0.250156825
888 0.0019363745 0.00165450095 0.00147802754 0.0014141639 0.00142517669 0.000918310931 0.250155229
889 0.00193193201 0.00165037578 0.00147485646 0.00141035621 0.00142168733 0.000915762405 0.250153636
890 0.0019274995 0.00164625988 0.0014716925 0.00140655708 0.00141820581 0.000913219619 0.250152047
891 0.00192307694 0.00164215321 0.00146853565 0.00140276647 0.00141473211 0.000910682554 0.250150462
892 0.0019186643 0.00163805576 0.00146538587 0.00139898437 0.00141126619 0.00090815119 0.25014888
893 0.00191426154 0.00163396748 0.00146224315 0.00139521073 0.00140780804 0.000905625508 0.250147302
894 0.00190986863 0.00162988835 0.00145910747 0.00139144554 0.00140435763 0.000903105489 0.250145727
895 0.00190548553 0.00162581834 0.00145597878 0.00138768876 0.00140091492 0.000900591115 0.250144156
896 0.00190111222 0.00162175741 0.00145285708 0.00138394036 0.0013974799 0.000898082366 0.250142589
897 0.00189674866 0.00161770553 0.00144974235 0.00138020032 0.00139405254 0.000895579223 0.250141024
898 0.00189239482 0.00161366268 0.00144663454 0.00137646862 0.00139063281 0.000893081667 0.250139464
899 0.00188805066 0.00160962882 0.00144353366 0.00137274521 0.00138722069 0.000890589681 0.250137907
900 0.00188371616 0.00160560393 0.00144043966 0.00136903008 0.00138381615 0.000888103245 0.250136353
901 0.00187939128 0.00160158797 0.00143735253 0.0013653232 0.00138041917 0.00088562234 0.250134803
902 0.00187507599 0.00159758091 0.00143427225 0.00136162453 0.00137702973 0.000883146949 0.250133256
903 0.00187077026 0.00159358273 0.00143119879 0.00135793406 0.00137364778 0.000880677052 0.250131712
904 0.00186647405 0.0015895934 0.00142813212 0.00135425175 0.00137027333 0.000878212633 0.250130173
905 0.00186218734 0.00158561288 0.00142507224 0.00135057758 0.00136690632 0.000875753671 0.250128636
906 0.00185791009 0.00158164115 0.00142201911 0.00134691152 0.00136354675 0.000873300151 0.250127103
907 0.00185364227 0.00157767818 0.00141897271 0.00134325354 0.00136019459 0.000870852052 0.250125573
908 0.00184938385 0.00157372393 0.00141593303 0.00133960362 0.00135684982 0.000868409358 0.250124047
909 0.0018451348 0.00156977839 0.00141290003 0.00133596173 0.0013535124 0.00086597205 0.250122524
910 0.00184089509 0.00156584151 0.00140987369 0.00133232785 0.00135018232 0.000863540111 0.250121004
911 0.00183666469 0.00156191329 0.001406854 0.00132870194 0.00134685954 0.000861113523 0.250119488
912 0.00183244357 0.00155799367 0.00140384094 0.00132508399 0.00134354406 0.000858692268 0.250117975
913 0.00182823169 0.00155408264 0.00140083447 0.00132147396 0.00134023584 0.000856276329 0.250116465
914 0.00182402903 0.00155018017 0.00139783458 0.00131787183 0.00133693485 0.000853865689 0.250114959
915 0.00181983555 0.00154628623 0.00139484125 0.00131427757 0.00133364108 0.000851460329 0.250113456
916 0.00181565123 0.00154240079 0.00139185446 0.00131069116 0.00133035451 0.000849060232 0.250111956
917 0.00181147604 0.00153852383 0.00138887417 0.00130711258 0.0013270751 0.000846665382 0.250110459
918 0.00180730994 0.00153465531 0.00138590039 0.00130354179 0.00132380283 0.000844275761 0.250108966
919 0.00180315291 0.00153079521 0.00138293307 0.00129997877 0.00132053769 0.000841891353 0.250107476
920 0.00179900492 0.0015269435 0.0013799722 0.00129642349 0.00131727965 0.000839512139 0.250105989
921 0.00179486593 0.00152310016 0.00137701777 0.00129287594 0.00131402868 0.000837138103 0.250104506
922 0.00179073592 0.00151926515 0.00137406974 0.00128933608 0.00131078476 0.000834769228 0.250103026
923 0.00178661487 0.00151543846 0.0013711281 0.0012858039 0.00130754787 0.000832405497 0.250101549
924 0.00178250273 0.00151162004 0.00136819283 0.00128227935 0.00130431799 0.000830046894 0.250100075
925 0.00177839948 0.00150780989 0.0013652639 0.00127876243 0.00130109509 0.000827693402 0.250098604
926 0.0017743051 0.00150400796 0.0013623413 0.00127525311 0.00129787915 0.000825345004 0.250097137
927 0.00177021954 0.00150021423 0.00135942501 0.00127175135 0.00129467016 0.000823001684 0.250095672
928 0.0017661428 0.00149642868 0.001356515 0.00126825715 0.00129146807 0.000820663425 0.250094211
929 0.00176207483 0.00149265128 0.00135361126 0.00126477046 0.00128827288 0.000818330211 0.250092753
930 0.00175801561 0.00148888201 0.00135071376 0.00126129128 0.00128508456 0.000816002026 0.250091298
931 0.00175396511 0.00148512083 0.00134782248 0.00125781956 0.00128190309 0.000813678853 0.250089847
932 0.0017499233 0.00148136772 0.00134493741 0.0012543553 0.00127872845 0.000811360676 0.250088398
933 0.00174589015 0.00147762266 0.00134205853 0.00125089847 0.00127556062 0.00080904748 0.250086953
934 0.00174186564 0.00147388562 0.00133918581 0.00124744903 0.00127239956 0.000806739248 0.25008551
935 0.00173784974 0.00147015657 0.00133631923 0.00124400698 0.00126924527 0.000804435963 0.250084071
936 0.00173384242 0.00146643549 0.00133345878 0.00124057228 0.00126609772 0.000802137611 0.250082635
937 0.00172984366 0.00146272235 0.00133060443 0.00123714491 0.00126295689 0.000799844176 0.250081202
938 0.00172585342 0.00145901712 0.00132775617 0.00123372484 0.00125982275 0.000797555641 0.250079771
939 0.00172187168 0.0014553198 0.00132491398 0.00123031207 0.00125669529 0.000795271991 0.250078344
940 0.00171789841 0.00145163033 0.00132207783 0.00122690655 0.00125357448 0.00079299321 0.25007692
941 0.00171393358 0.00144794871 0.00131924771 0.00122350827 0.00125046031 0.000790719283 0.250075499
942 0.00170997718 0.00144427491 0.0013164236 0.00122011721 0.00124735275 0.000788450195 0.250074082
943 0.00170602916 0.00144060889 0.00131360549 0.00121673334 0.00124425177 0.000786185929 0.250072667
944 0.00170208951 0.00143695065 0.00131079334 0.00121335664 0.00124115737 0.000783926471 0.250071255
945 0.0016981582 0.00143330014 0.00130798714 0.00120998708 0.00123806952 0.000781671805 0.250069846
946 0.0016942352 0.00142965736 0.00130518687 0.00120662465 0.0012349882 0.000779421916 0.25006844
947 0.00169032048 0.00142602226 0.00130239252 0.00120326932 0.00123191338 0.000777176788 0.250067037
948 0.00168641402 0.00142239484 0.00129960407 0.00119992107 0.00122884505 0.000774936408 0.250065637
949 0.0016825158 0.00141877506 0.00129682149 0.00119657988 0.00122578319 0.000772700759 0.25006424
950 0.00167862578 0.0014151629 0.00129404477 0.00119324572 0.00122272777 0.000770469827 0.250062846
951 0.00167474394 0.00141155834 0.00129127389 0.00118991857 0.00121967878 0.000768243597 0.250061455
952 0.00167087026 0.00140796135 0.00128850883 0.00118659841 0.00121663619 0.000766022053 0.250060066
953 0.00166700471 0.00140437191 0.00128574957 0.00118328522 0.00121359999 0.000763805182 0.250058681
954 0.00166314726 0.00140078999 0.0012829961 0.00117997897 0.00121057016 0.000761592968 0.250057299
955 0.00165929789 0.00139721558 0.00128024839 0.00117667965 0.00120754667 0.000759385397 0.250055919
956 0.00165545658 0.00139364864 0.00127750643 0.00117338723 0.0012045295 0.000757182454 0.250054543
957 0.00165162329 0.00139008916 0.00127477021 0.00117010169 0.00120151864 0.000754984125 0.250053169
958 0.001647798 0.00138653711 0.00127203969 0.00116682301 0.00119851407 0.000752790395 0.250051798
959 0.00164398069 0.00138299247 0.00126931487 0.00116355117 0.00119551576 0.00075060125 0.25005043
960 0.00164017134 0.00137945521 0.00126659573 0.00116028615 0.0011925237 0.000748416675 0.250049065
961 0.00163636991 0.00137592531 0.00126388224 0.00115702792 0.00118953786 0.000746236656 0.250047703
962 0.00163257638 0.00137240275 0.0012611744 0.00115377646 0.00118655824 0.000744061179 0.250046343
963 0.00162879074 0.00136888751 0.00125847218 0.00115053176 0.0011835848 0.000741890229 0.250044987
964 0.00162501294 0.00136537956 0.00125577556 0.00114729379 0.00118061753 0.000739723793 0.250043633
965 0.00162124298 0.00136187888 0.00125308454 0.00114406253 0.00117765641 0.000737561857 0.250042282
966 0.00161748082 0.00135838545 0.00125039909 0.00114083796 0.00117470142 0.000735404406 0.250040934
967 0.00161372645 0.00135489925 0.00124771919 0.00113762005 0.00117175254 0.000733251427 0.250039588
968 0.00160997983 0.00135142024 0.00124504482 0.0011344088 0.00116880976 0.000731102905 0.250038246
969 0.00160624094 0.00134794842 0.00124237598 0.00113120418 0.00116587305 0.000728958827 0.250036906
970 0.00160250976 0.00134448376 0.00123971264 0.00112800616 0.00116294239 0.000726819179 0.250035569
971 0.00159878627 0.00134102623 0.00123705479 0.00112481473 0.00116001777 0.000724683948 0.250034234
972 0.00159507044 0.00133757582 0.0012344024 0.00112162986 0.00115709917 0.000722553119 0.250032903
973 0.00159136225 0.0013341325 0.00123175547 0.00111845155 0.00115418657 0.000720426679 0.250031574
974 0.00158766167 0.00133069625 0.00122911397 0.00111527976 0.00115127994 0.000718304615 0.250030248
975 0.00158396868 0.00132726704 0.00122647789 0.00111211447 0.00114837928 0.000716186913 0.250028925
976 0.00158028326 0.00132384487 0.00122384722 0.00110895567 0.00114548457 0.000714073559 0.250027604
977 0.00157660539 0.0013204297 0.00122122192 0.00110580334 0.00114259578 0.000711964541 0.250026286
978 0.00157293503 0.00131702151 0.001218602 0.00110265745 0.0011397129 0.000709859844 0.250024971
979 0.00156927218 0.00131362029 0.00121598743 0.001099518 0.0011368359 0.000707759456 0.250023658
980 0.0015656168 0.00131022601 0.00121337819 0.00109638494 0.00113396478 0.000705663364 0.250022348
981 0.00156196887 0.00130683865 0.00121077428 0.00109325828 0.00113109951 0.000703571554 0.250021041
982 0.00155832837 0.00130345819 0.00120817567 0.00109013798 0.00112824008 0.000701484012 0.250019737
983 0.00155469528 0.0013000846 0.00120558234 0.00108702404 0.00112538647 0.000699400727 0.250018435
984 0.00155106957 0.00129671787 0.00120299429 0.00108391642 0.00112253865 0.000697321685 0.250017136
985 0.00154745122 0.00129335798 0.00120041149 0.00108081511 0.00111969662 0.000695246873 0.250015839
986 0.00154384022 0.00129000491 0.00119783393 0.00107772009 0.00111686035 0.000693176279 0.250014545
987 0.00154023653 0.00128665862 0.00119526159 0.00107463134 0.00111402983 0.000691109888 0.250013254
988 0.00153664013 0.00128331912 0.00119269446 0.00107154885 0.00111120504 0.00068904769 0.250011965
989 0.00153305101 0.00127998636 0.00119013252 0.00106847259 0.00110838596 0.00068698967 0.250010679
990 0.00152946914 0.00127666034 0.00118757576 0.00106540254 0.00110557258 0.000684935816 0.250009396
991 0.0015258945 0.00127334103 0.00118502415 0.00106233869 0.00110276488 0.000682886116 0.250008115
992 0.00152232706 0.00127002841 0.00118247769 0.00105928102 0.00109996283 0.000680840557 0.250006837
993 0.00151876681 0.00126672247 0.00117993636 0.00105622951 0.00109716643 0.000678799126 0.250005561
994 0.00151521373 0.00126342317 0.00117740015 0.00105318413 0.00109437566 0.000676761811 0.250004288
995 0.00151166778 0.00126013051 0.00117486903 0.00105014488 0.00109159049 0.000674728599 0.250003017
996 0.00150812896 0.00125684446 0.00117234299 0.00104711173 0.00108881092 0.000672699479 0.250001749
997 0.00150459723 0.001253565 0.00116982202 0.00104408466 0.00108603692 0.000670674437 0.250000484
998 0.00150107259 0.00125029211 0.0011673061 0.00104106366 0.00108326849 0.000668653462 0.249999221
999 0.001497555 0.00124702578 0.00116479522 0.00103804871 0.00108050559 0.000666636541 0.24999796
1000 0.00149404444 0.00124376598 0.00116228936 0.00103503979 0.00107774822 0.000664623662 0.249996702
