1000 -7.984 63.936 3.996 15.976 3.996 15.992
10900 -7.97504587 63.8062385 3.99137615 15.9577982 -1.38697248 15.9592661
20800 -7.98423077 63.8769231 8.16596154 82.6280769 8.16596154 82.6288462
30700 -7.98618893 63.8915961 8.17283388 82.7422801 8.17283388 82.7428013
40600 -7.98600985 63.8896552 8.23881773 83.7980296 8.23881773 83.7984236
50500 -7.97370297 63.7908911 8.78134653 92.4583762 8.78134653 92.4586931
60400 -7.98331126 63.8675497 3.99427152 15.9718543 -0.579370861 15.9721192
70300 -7.98611664 63.8898435 3.99536273 15.9768421 -0.261650071 15.9770697
80200 -7.9844389 63.8763092 7.60780549 73.6985037 7.60780549 73.6987032
90100 -7.98526082 63.8827969 8.51209767 88.1687902 8.51209767 88.1689678
100000 -7.9848 63.87904 3.99474 15.97428 1.2211 15.97444
