Analytical eigenvalues:
2.99953
7.00086
11.072
15.5705
21.0293
27.6942
35.5948
44.7175
55.0467
66.5676
79.2664
93.1289
108.14
124.285
141.547
159.909
179.353
199.858
221.405
243.973
267.539
292.08
317.571
343.988
371.304
399.492
428.525
458.375
489.01
520.402
552.52
585.331
618.803
652.904
687.599
722.855
758.636
794.908
831.635
868.78
906.306
944.177
982.356
1020.8
1059.48
1098.36
1137.39
1176.53
1215.76
1255.02
1294.28
1333.51
1372.66
1411.69
1450.57
1489.26
1527.71
1565.9
1603.78
1641.32
1678.48
1715.21
1751.5
1787.3
1822.57
1857.28
1891.4
1924.89
1957.72
1989.85
2021.26
2051.92
2081.79
2110.84
2139.05
2166.38
2192.82
2218.33
2242.89
2266.47
2289.06
2310.62
2331.15
2350.61
2368.98
2386.26
2402.42
2417.44
2431.32
2444.03
2455.56
2465.89
2475.02
2482.92
2489.58
2494.93
2498.91
2502.33
2507.45
Computed eigenvalues:
2.99956
7.00089
11.0721
15.5706
21.0293
27.6941
35.5948
44.7176
55.0467
66.5676
79.2664
93.1289
108.14
124.285
141.547
159.909
179.353
199.858
221.405
243.973
267.539
292.08
317.571
343.988
371.304
399.492
428.525
458.375
489.01
520.402
552.52
585.331
618.803
652.904
687.599
722.855
758.636
794.908
831.635
868.78
906.306
944.177
982.356
1020.8
1059.48
1098.36
1137.39
1176.53
1215.76
1255.02
1294.28
1333.51
1372.66
1411.69
1450.57
1489.26
1527.71
1565.9
1603.78
1641.32
1678.48
1715.21
1751.5
1787.3
1822.57
1857.28
1891.4
1924.89
1957.72
1989.85
2021.26
2051.92
2081.79
2110.84
2139.05
2166.38
2192.82
2218.33
2242.89
2266.47
2289.06
2310.62
2331.15
2350.61
2368.98
2386.26
2402.42
2417.44
2431.32
2444.03
2455.56
2465.89
2475.02
2482.92
2489.58
2494.93
2498.91
2502.33
2507.45
