2 -1.7454 0.911243 0.384152 0.727816
2.01 -1.73853 0.908142 0.417247 0.743459
2.02 -1.73049 0.90426 0.454807 0.762073
2.03 -1.72288 0.900747 0.478213 0.782525
2.04 -1.71484 0.896695 0.539028 0.811539
2.05 -1.7069 0.892857 0.584188 0.829109
2.06 -1.69851 0.888846 0.597239 0.847078
2.07 -1.68976 0.884126 0.685171 0.879779
2.08 -1.68083 0.87927 0.753532 0.91413
2.09 -1.67127 0.873814 0.850505 0.932966
2.1 -1.66193 0.868598 0.997648 0.972172
2.11 -1.65251 0.863212 1.07497 0.989711
2.12 -1.64253 0.857236 1.16844 1.02489
2.13 -1.63094 0.849434 1.43631 1.0648
2.14 -1.62053 0.842642 1.60209 1.10723
2.15 -1.61036 0.837006 1.58386 1.1057
2.16 -1.59779 0.826916 2.28348 1.19614
2.17 -1.58585 0.81778 2.74274 1.2372
2.18 -1.5723 0.805628 3.69025 1.31466
2.19 -1.56026 0.797844 3.37349 1.33629
2.2 -1.54553 0.78295 5.25617 1.45302
2.21 -1.53311 0.77372 5.33041 1.457
2.22 -1.51634 0.753348 7.76356 1.55649
2.23 -1.4984 0.719012 36.941 1.86701
2.24 -1.48556 0.717832 12.6717 1.76541
2.25 -1.46351 0.670329 43.1453 2.00396
2.26 -1.43312 0.576271 96.143 2.39745
2.27 -1.42354 0.603166 45.7456 2.13142
2.28 -1.39121 0.484025 102.131 2.29259
2.29 -1.37423 0.450319 103.771 2.30177
2.3 -1.3539 0.408495 94.9309 2.14755
2.31 -1.3323 0.32923 104.705 2.05162
2.32 -1.31119 0.262305 84.1325 1.72244
2.33 -1.29325 0.226286 62.356 1.51724
2.34 -1.28034 0.202546 52.0727 1.41252
2.35 -1.26692 0.196087 46.8157 1.39431
2.36 -1.25247 0.177569 39.1117 1.31163
2.37 -1.23904 0.156458 30.5174 1.22903
2.38 -1.22565 0.141215 26.0332 1.19235
2.39 -1.21402 0.124537 22.6101 1.12633
