2 -1.74552 0.911348 0.379428 0.718469
2.01 -1.73786 0.90765 0.417893 0.742888
2.02 -1.73075 0.904504 0.450704 0.759371
2.03 -1.72312 0.900981 0.472137 0.790614
2.04 -1.71483 0.896739 0.55024 0.808929
2.05 -1.70644 0.89245 0.592164 0.840895
2.06 -1.69826 0.888164 0.680735 0.868441
2.07 -1.6898 0.884026 0.740749 0.883429
2.08 -1.68078 0.879257 0.767002 0.900829
2.09 -1.67151 0.873818 0.897358 0.928733
2.1 -1.66221 0.868758 1.03043 0.978101
2.11 -1.65206 0.863016 1.00492 0.977384
2.12 -1.64271 0.857643 1.1605 1.02406
2.13 -1.63157 0.849911 1.42801 1.06751
2.14 -1.62042 0.842945 1.52359 1.111
2.15 -1.60933 0.835474 1.70883 1.14414
2.16 -1.59735 0.826157 2.27605 1.19891
2.17 -1.58677 0.819938 2.36864 1.2158
2.18 -1.57467 0.811109 2.49412 1.24411
2.19 -1.55941 0.794144 5.22059 1.35555
2.2 -1.54607 0.78112 8.01597 1.48371
2.21 -1.53317 0.772301 5.54709 1.47822
2.22 -1.51589 0.749411 12.9664 1.57952
2.23 -1.50174 0.740888 7.78027 1.60153
2.24 -1.48047 0.701912 17.4888 1.86353
2.25 -1.46406 0.678124 24.4162 1.88426
2.26 -1.44984 0.669402 20.4913 1.92008
2.27 -1.42092 0.59358 42.5445 2.12811
2.28 -1.39918 0.547871 48.338 2.17559
2.29 -1.37335 0.472757 65.438 2.16843
2.3 -1.35837 0.445381 69.523 2.16832
2.31 -1.33699 0.40018 62.5969 1.98605
2.32 -1.31767 0.358599 58.7731 1.89062
2.33 -1.29889 0.309711 53.9219 1.72399
2.34 -1.28189 0.271586 48.2214 1.56818
2.35 -1.2694 0.256745 42.4353 1.47671
2.36 -1.25633 0.234765 37.4312 1.40598
2.37 -1.24044 0.208887 30.9036 1.27485
2.38 -1.22948 0.201853 29.0287 1.28116
2.39 -1.21651 0.182046 23.8281 1.17923
