2 -1.74586 0.911523 0.377549 0.71961
2.01 -1.73803 0.907806 0.427218 0.750189
2.02 -1.73143 0.904799 0.459875 0.761444
2.03 -1.72318 0.900944 0.467509 0.780485
2.04 -1.71519 0.896962 0.535281 0.806211
2.05 -1.70639 0.892666 0.579481 0.840656
2.06 -1.69894 0.889064 0.618898 0.859323
2.07 -1.68985 0.884005 0.758222 0.879103
2.08 -1.68145 0.87975 0.744503 0.904012
2.09 -1.67121 0.873625 0.891915 0.934613
2.1 -1.66237 0.869086 0.892846 0.95244
2.11 -1.6519 0.861963 1.38256 1.00833
2.12 -1.64272 0.857334 1.15017 1.03376
2.13 -1.63237 0.851614 1.2497 1.04826
2.14 -1.61985 0.841293 1.85847 1.13582
2.15 -1.61045 0.837175 1.5639 1.11447
2.16 -1.59788 0.825628 2.67704 1.22077
2.17 -1.5876 0.820623 2.256 1.21577
2.18 -1.57139 0.803411 4.15377 1.31993
2.19 -1.55995 0.793169 5.8232 1.42645
2.2 -1.54414 0.77854 7.17201 1.50662
2.21 -1.53251 0.770354 6.6029 1.49701
2.22 -1.5182 0.755519 7.75118 1.5187
2.23 -1.50156 0.737792 8.61827 1.64159
2.24 -1.48431 0.716734 10.6805 1.7109
2.25 -1.46749 0.693967 13.8554 1.7784
2.26 -1.44659 0.66373 16.4981 1.88847
2.27 -1.43642 0.661145 14.4003 1.81409
2.28 -1.40424 0.579613 29.7591 2.0565
2.29 -1.38863 0.570634 25.6953 2.03041
2.3 -1.36531 0.520996 29.7123 2.03952
2.31 -1.35168 0.503156 30.3818 1.96565
2.32 -1.33109 0.467698 28.7798 1.88385
2.33 -1.31156 0.429576 29.0714 1.76546
2.34 -1.29449 0.395659 29.4877 1.68676
2.35 -1.27952 0.377212 26.4517 1.57386
2.36 -1.259 0.321918 25.911 1.45538
2.37 -1.24858 0.32241 24.9033 1.45181
2.38 -1.23143 0.281075 21.9014 1.32767
2.39 -1.21667 0.259217 19.3736 1.23534
