2 -1.74537 0.911243 0.386071 0.728505
2.01 -1.73832 0.908095 0.407595 0.747314
2.02 -1.73073 0.904512 0.451871 0.772651
2.03 -1.723 0.900782 0.483613 0.784093
2.04 -1.71492 0.896882 0.522431 0.802057
2.05 -1.70671 0.892757 0.589392 0.840229
2.06 -1.69814 0.888192 0.663579 0.869743
2.07 -1.68949 0.88383 0.703488 0.884063
2.08 -1.68067 0.879112 0.81987 0.911647
2.09 -1.67153 0.874116 0.842001 0.925718
2.1 -1.66228 0.869085 0.956346 0.960295
2.11 -1.65238 0.862856 1.12102 0.986486
2.12 -1.64194 0.856716 1.17047 1.02794
2.13 -1.63176 0.850108 1.48403 1.07621
2.14 -1.6212 0.843952 1.45073 1.08441
2.15 -1.60944 0.834783 2.24359 1.17481
2.16 -1.59861 0.82859 1.94572 1.19316
2.17 -1.58605 0.817819 3.18784 1.25371
2.18 -1.57425 0.809 3.25795 1.28729
2.19 -1.55908 0.794722 5.26176 1.35907
2.2 -1.54634 0.784943 4.64624 1.43421
2.21 -1.53241 0.771577 6.26549 1.475
2.22 -1.51701 0.756278 6.77968 1.53956
2.23 -1.50121 0.736016 11.0786 1.67398
2.24 -1.48147 0.702468 28.0477 1.97907
2.25 -1.46151 0.654194 76.6659 2.21416
2.26 -1.44042 0.624162 60.7073 2.21436
2.27 -1.4208 0.580448 80.3955 2.28465
2.28 -1.39591 0.487408 154.937 2.49669
2.29 -1.37211 0.425806 143.395 2.35876
2.3 -1.34717 0.323863 143.566 2.01267
2.31 -1.32898 0.285527 104.476 1.76683
2.32 -1.31138 0.242809 99.881 1.76307
2.33 -1.29358 0.183698 68.4495 1.49713
2.34 -1.27956 0.170121 58.9699 1.43106
2.35 -1.2663 0.149992 49.2884 1.32186
2.36 -1.25173 0.131569 38.6118 1.30379
2.37 -1.23901 0.131873 37.6223 1.26995
2.38 -1.22638 0.115128 30.4046 1.14833
2.39 -1.21492 0.108053 26.5078 1.13051
