2 -1.74843 0.911769 0.397026 0.710703
2.01 -1.73856 0.908515 0.366693 0.771955
2.02 -1.73694 0.90897 0.33704 0.714136
2.03 -1.7173 0.897873 0.505478 0.827265
2.04 -1.71072 0.893401 0.55038 0.850319
2.05 -1.69991 0.886404 0.767416 0.802842
2.06 -1.70212 0.889135 0.953618 0.863015
2.07 -1.68632 0.87947 0.878957 0.970453
2.08 -1.67572 0.871756 1.12897 0.909298
2.09 -1.67114 0.871665 0.916679 0.841833
2.1 -1.66372 0.869824 0.817319 0.874685
2.11 -1.64927 0.862406 1.08931 1.0495
2.12 -1.64186 0.854481 1.1857 0.962616
2.13 -1.62671 0.842323 1.96554 1.18433
2.14 -1.62891 0.852902 0.941614 0.883054
2.15 -1.60965 0.835248 1.56949 1.08906
2.16 -1.60475 0.835337 1.24414 1.00375
2.17 -1.58418 0.822503 1.39655 1.0747
2.18 -1.57455 0.815034 1.52808 1.06211
2.19 -1.56728 0.807859 2.48325 1.33719
2.2 -1.54878 0.789791 1.71571 1.06928
2.21 -1.54702 0.793735 2.44685 1.27893
2.22 -1.51074 0.754492 4.12905 1.48474
2.23 -1.50626 0.750586 3.40621 1.32381
2.24 -1.48796 0.717076 11.7949 1.80874
2.25 -1.45743 0.692793 10.0745 1.66057
2.26 -1.45704 0.693663 7.60484 1.72883
2.27 -1.44286 0.692962 8.94801 1.68741
2.28 -1.41728 0.644805 19.4466 2.07802
2.29 -1.3906 0.600743 17.5595 1.79728
2.3 -1.37406 0.572086 14.4881 1.85384
2.31 -1.36864 0.543232 31.5447 2.31782
2.32 -1.33829 0.470355 29.7137 2.11329
2.33 -1.30887 0.376299 48.3831 1.52429
2.34 -1.28557 0.301098 40.6824 1.35296
2.35 -1.27778 0.27503 51.2303 2.00501
2.36 -1.24168 0.209664 22.0943 1.17111
2.37 -1.23416 0.188306 40.6867 2.03425
2.38 -1.24114 0.233863 29.945 1.06372
2.39 -1.2162 0.224903 22.0184 1.25014
