2 -1.74857 0.910383 0.568544 0.715363
2.01 -1.73845 0.909477 0.31676 0.663341
2.02 -1.73267 0.906159 0.424314 0.849585
2.03 -1.7184 0.898605 0.528575 0.896198
2.04 -1.71152 0.894965 0.490938 0.7996
2.05 -1.71181 0.897652 0.498707 0.858072
2.06 -1.6997 0.890215 0.39034 0.645079
2.07 -1.6914 0.885123 0.768543 0.970952
2.08 -1.68559 0.883595 0.542149 0.864452
2.09 -1.67939 0.877854 0.796486 0.933287
2.1 -1.66065 0.868953 0.639829 0.880334
2.11 -1.64779 0.844446 3.95403 1.09941
2.12 -1.63019 0.846019 1.27714 1.10197
2.13 -1.6301 0.850873 0.957016 0.952715
2.14 -1.62697 0.852357 0.943789 1.09002
2.15 -1.59944 0.815217 2.58784 1.19232
2.16 -1.61113 0.845044 0.972601 1.15015
2.17 -1.58061 0.818737 1.47156 1.15546
2.18 -1.57624 0.813164 1.93203 1.14778
2.19 -1.57736 0.826091 1.28103 1.22951
2.2 -1.54875 0.796539 1.90635 1.14095
2.21 -1.53739 0.782891 2.08441 1.19091
2.22 -1.52215 0.776033 3.11176 1.43421
2.23 -1.50824 0.76425 2.71531 1.32787
2.24 -1.50707 0.771018 3.63225 1.65333
2.25 -1.48263 0.709232 15.9333 1.47216
2.26 -1.45634 0.681019 10.6494 1.66836
2.27 -1.426 0.637852 17.627 1.57192
2.28 -1.38906 0.521464 37.4849 1.83166
2.29 -1.38075 0.566455 18.0185 2.27843
2.3 -1.38992 0.576884 23.3089 1.89365
2.31 -1.36654 0.579013 12.0099 1.4824
2.32 -1.34455 0.518612 18.487 1.86914
2.33 -1.317 0.500837 21.5324 1.23762
2.34 -1.30965 0.456571 24.905 1.45815
2.35 -1.28132 0.430614 20.7314 1.50991
2.36 -1.27181 0.398379 18.9721 1.63588
2.37 -1.24702 0.318011 19.4866 1.13767
2.38 -1.21556 0.226488 14.4402 1.09942
2.39 -1.22345 0.300625 23.8555 1.36346
