2 -1.74465 0.910346 0.343701 0.683953
2.01 -1.73893 0.908245 0.477477 0.714641
2.02 -1.73329 0.905936 0.447796 0.732121
2.03 -1.72387 0.90152 0.390975 0.702196
2.04 -1.71793 0.899581 0.379673 0.729902
2.05 -1.70811 0.893273 0.515106 0.784759
2.06 -1.69872 0.88728 1.2744 0.974158
2.07 -1.68979 0.884089 0.654381 0.892284
2.08 -1.68022 0.877224 0.783719 0.891706
2.09 -1.67249 0.87434 0.74949 0.847676
2.1 -1.66292 0.868584 0.749555 0.782338
2.11 -1.65082 0.860258 1.46829 0.985511
2.12 -1.64315 0.85695 1.29048 1.03851
2.13 -1.63414 0.851671 1.00585 0.911697
2.14 -1.62319 0.84571 1.45248 1.16705
2.15 -1.614 0.838553 1.34494 0.943909
2.16 -1.60091 0.829405 2.8895 1.31989
2.17 -1.58397 0.818354 1.22748 1.06704
2.18 -1.57808 0.813736 2.19386 1.20625
2.19 -1.5594 0.795239 4.30161 1.45788
2.2 -1.54611 0.785863 2.53318 1.20445
2.21 -1.53111 0.762502 4.42224 1.37631
2.22 -1.51905 0.75933 3.76203 1.50939
2.23 -1.50698 0.748945 6.02355 1.64646
2.24 -1.47979 0.710124 11.9543 1.75804
2.25 -1.46862 0.706989 7.0685 1.58867
2.26 -1.45052 0.681003 6.89794 1.41151
2.27 -1.45086 0.69081 7.98746 1.55742
2.28 -1.42473 0.644703 15.8122 1.50575
2.29 -1.40144 0.595496 19.961 1.76848
2.3 -1.38455 0.572093 25.0226 1.95005
2.31 -1.3538 0.506136 17.4736 1.91659
2.32 -1.33352 0.448128 38.4682 1.83026
2.33 -1.31315 0.409479 41.9226 1.81816
2.34 -1.29911 0.329898 87.1348 1.25996
2.35 -1.26157 0.173156 44.9868 1.15707
2.36 -1.24676 0.126991 35.4852 1.15489
2.37 -1.24746 0.126581 30.5467 1.18419
2.38 -1.22605 0.120613 18.0681 1.19557
2.39 -1.22131 0.14794 52.5446 1.19725
