2 -1.74465 0.910751 0.348316 0.737569
2.01 -1.73919 0.909266 0.347971 0.781134
2.02 -1.73114 0.905378 0.463831 0.859652
2.03 -1.72289 0.901256 0.490137 0.827179
2.04 -1.71326 0.895399 0.612236 0.890178
2.05 -1.70724 0.893397 0.558015 0.825637
2.06 -1.69747 0.887762 0.458319 0.734898
2.07 -1.69152 0.88614 0.540283 0.886594
2.08 -1.67902 0.877918 0.625431 0.914706
2.09 -1.67105 0.874087 0.683708 0.885895
2.1 -1.6639 0.871678 0.608096 0.872322
2.11 -1.6525 0.863355 1.02447 1.16023
2.12 -1.63818 0.850414 1.29906 0.949767
2.13 -1.63463 0.85475 1.01889 1.15605
2.14 -1.62234 0.845656 1.55974 1.17163
2.15 -1.61139 0.836205 1.58343 0.957186
2.16 -1.59956 0.827954 1.95993 1.03968
2.17 -1.58191 0.813052 3.1219 1.30806
2.18 -1.57727 0.812688 2.10428 1.37034
2.19 -1.5658 0.807222 1.93453 1.21469
2.2 -1.54527 0.786633 2.61339 1.2017
2.21 -1.5361 0.776685 8.42792 1.61654
2.22 -1.52529 0.776251 4.80899 1.9479
2.23 -1.49001 0.718077 6.24557 1.488
2.24 -1.48536 0.730559 7.51425 1.84439
2.25 -1.47175 0.703588 6.1049 1.4429
2.26 -1.44441 0.658387 24.0312 1.99373
2.27 -1.44617 0.689346 5.30201 1.33983
2.28 -1.40985 0.621271 21.0088 2.00194
2.29 -1.38615 0.536738 46.1603 2.27439
2.3 -1.36454 0.481096 49.5198 2.24613
2.31 -1.35488 0.468243 42.1512 1.60913
2.32 -1.32016 0.374856 51.9143 1.44263
2.33 -1.3051 0.262881 79.6631 1.49957
2.34 -1.28278 0.229768 64.6086 1.66774
2.35 -1.26962 0.205942 51.1946 1.56581
2.36 -1.24974 0.144556 30.8716 1.20944
2.37 -1.23924 0.157871 28.0129 1.40361
2.38 -1.23276 0.173427 35.8276 1.21927
2.39 -1.21909 0.123633 12.8718 1.03778
