2 -1.74484 0.909066 1.50904 0.779923
2.001 -1.74483 0.911024 0.380065 0.722548
2.002 -1.74408 0.910689 0.390421 0.728701
2.003 -1.74369 0.910574 0.388948 0.727535
2.004 -1.74274 0.91007 0.396018 0.730802
2.005 -1.74182 0.909608 0.400442 0.734755
2.006 -1.7411 0.909281 0.401676 0.734292
2.007 -1.74016 0.90872 0.415112 0.744591
2.008 -1.7398 0.908676 0.411563 0.74125
2.009 -1.73908 0.908401 0.405506 0.737312
2.01 -1.73823 0.908027 0.406999 0.742416
2.011 -1.73762 0.907751 0.4095 0.743323
2.012 -1.73658 0.907159 0.424694 0.749595
2.013 -1.73604 0.907041 0.41829 0.749114
2.014 -1.73522 0.906558 0.438035 0.752609
2.015 -1.73435 0.906103 0.43643 0.757122
2.016 -1.73392 0.906021 0.43261 0.754925
2.017 -1.73307 0.905648 0.428414 0.756182
2.018 -1.73212 0.905094 0.438342 0.759057
2.019 -1.73146 0.904766 0.449181 0.763777
2.02 -1.73062 0.904415 0.449053 0.765384
2.021 -1.72992 0.904078 0.457855 0.76553
2.022 -1.72935 0.90389 0.451533 0.768278
2.023 -1.72837 0.90321 0.472879 0.772232
2.024 -1.72761 0.903027 0.459388 0.773037
2.025 -1.72671 0.902538 0.474053 0.77299
2.026 -1.72606 0.902195 0.474155 0.777927
2.027 -1.72517 0.901748 0.482093 0.784737
2.028 -1.72457 0.901589 0.467652 0.776036
2.029 -1.72352 0.901012 0.479389 0.779858
2.03 -1.72286 0.900651 0.489233 0.788866
2.031 -1.72218 0.90041 0.4856 0.783746
2.032 -1.72116 0.899811 0.501292 0.793396
2.033 -1.7208 0.899752 0.495425 0.790205
2.034 -1.71988 0.899324 0.495178 0.793563
2.035 -1.7187 0.898669 0.508362 0.800364
2.036 -1.71835 0.89849 0.512015 0.798883
2.037 -1.71729 0.897952 0.515988 0.800268
2.038 -1.71653 0.89764 0.519084 0.80038
2.039 -1.7156 0.89705 0.535848 0.808622
2.04 -1.71501 0.896873 0.530878 0.806479
2.041 -1.71388 0.896151 0.551537 0.817032
2.042 -1.71322 0.89591 0.550297 0.816307
2.043 -1.71277 0.895723 0.551736 0.815988
2.044 -1.7117 0.895333 0.539709 0.815294
2.045 -1.71079 0.894724 0.560224 0.81654
2.046 -1.71011 0.894477 0.559582 0.815881
2.047 -1.70902 0.893744 0.571412 0.825042
2.048 -1.70825 0.893587 0.559449 0.82591
2.049 -1.70773 0.893352 0.562661 0.824769
2.05 -1.70694 0.892847 0.583441 0.833041
2.051 -1.70591 0.89226 0.590019 0.837571
2.052 -1.70532 0.892176 0.580912 0.8339
2.053 -1.70435 0.891657 0.589767 0.836514
2.054 -1.70331 0.891166 0.597434 0.836408
2.055 -1.70234 0.890367 0.627277 0.843439
2.056 -1.70163 0.89005 0.616263 0.846626
2.057 -1.70111 0.889982 0.610167 0.843436
2.058 -1.69987 0.889075 0.634081 0.848419
2.059 -1.69905 0.888662 0.656543 0.85533
2.06 -1.69836 0.888468 0.630539 0.853855
2.061 -1.69741 0.887921 0.640151 0.855147
2.062 -1.69633 0.887365 0.655322 0.86655
2.063 -1.69585 0.887161 0.660551 0.862276
2.064 -1.69491 0.886697 0.64765 0.862617
2.065 -1.69406 0.886358 0.65955 0.865718
2.066 -1.69319 0.885863 0.654237 0.864546
2.067 -1.6924 0.885369 0.675696 0.868772
2.068 -1.69139 0.884861 0.6765 0.874461
2.069 -1.69044 0.884313 0.702699 0.879804
2.07 -1.68976 0.884114 0.675498 0.872535
2.071 -1.6888 0.883538 0.696055 0.884797
2.072 -1.68763 0.882789 0.716515 0.892072
2.073 -1.687 0.88258 0.703022 0.886422
2.074 -1.68626 0.882292 0.702805 0.884861
2.075 -1.68538 0.88165 0.753913 0.892889
2.076 -1.6845 0.881363 0.719799 0.89229
2.077 -1.68387 0.88101 0.732625 0.891627
2.078 -1.68254 0.880082 0.752526 0.901597
2.079 -1.68162 0.879641 0.751751 0.907412
2.08 -1.68056 0.878967 0.778324 0.907088
2.081 -1.67966 0.878453 0.77514 0.912294
2.082 -1.67923 0.878502 0.761131 0.902992
2.083 -1.67767 0.87731 0.819893 0.916019
2.084 -1.67737 0.877308 0.803107 0.916976
2.085 -1.67607 0.876524 0.813499 0.920756
2.086 -1.67532 0.876146 0.840958 0.921709
2.087 -1.67484 0.876184 0.787507 0.918273
2.088 -1.6737 0.875596 0.791716 0.920189
2.089 -1.67272 0.875011 0.808659 0.926236
2.09 -1.67147 0.87402 0.859032 0.938841
2.091 -1.67058 0.87358 0.852957 0.934403
2.092 -1.67003 0.873474 0.852855 0.9395
2.093 -1.66857 0.872142 0.934397 0.949545
2.094 -1.66762 0.871784 0.906498 0.950161
2.095 -1.66715 0.871794 0.863626 0.941768
2.096 -1.6659 0.870814 0.970832 0.957468
2.097 -1.66472 0.870167 0.928101 0.956753
2.098 -1.66378 0.86969 0.911603 0.952129
2.099 -1.66281 0.869059 0.948445 0.962322
2.1 -1.66207 0.868807 0.934451 0.95948
2.101 -1.66148 0.868564 0.946654 0.963691
2.102 -1.66045 0.867975 0.941214 0.962225
2.103 -1.65895 0.866952 0.98208 0.974971
2.104 -1.65815 0.866371 1.01522 0.97679
2.105 -1.65743 0.866063 0.986453 0.975624
2.106 -1.65593 0.865066 1.06209 0.989163
2.107 -1.65523 0.864648 1.05217 0.989281
2.108 -1.65433 0.864128 1.05662 0.990175
2.109 -1.65342 0.863747 1.05664 0.99046
2.11 -1.65267 0.863551 0.999048 0.989151
2.111 -1.65108 0.862294 1.05585 0.999463
2.112 -1.65007 0.861559 1.1687 1.00833
2.113 -1.64943 0.861344 1.1181 1.00395
2.114 -1.64818 0.860498 1.14774 1.00777
2.115 -1.64724 0.859572 1.41635 1.01444
2.116 -1.64616 0.859368 1.11157 1.01255
2.117 -1.64546 0.859095 1.13891 1.01369
2.118 -1.64418 0.858178 1.17448 1.0238
2.119 -1.64332 0.85733 1.40727 1.0275
2.12 -1.64228 0.857087 1.19846 1.02912
2.121 -1.64083 0.856142 1.1824 1.02926
2.122 -1.64047 0.856062 1.16415 1.02028
2.123 -1.63883 0.854653 1.25677 1.03346
2.124 -1.63786 0.854252 1.23657 1.04569
2.125 -1.63714 0.853968 1.25539 1.0309
2.126 -1.63572 0.852418 1.419 1.05613
2.127 -1.63481 0.852037 1.35889 1.05757
2.128 -1.63389 0.851614 1.47447 1.05752
2.129 -1.63305 0.851553 1.27037 1.04943
2.13 -1.63154 0.850244 1.35487 1.06416
2.131 -1.63061 0.849748 1.36142 1.06329
2.132 -1.6297 0.848989 1.43972 1.07039
2.133 -1.62815 0.847824 1.4595 1.07487
2.134 -1.62764 0.84793 1.39023 1.07415
2.135 -1.6265 0.847124 1.44538 1.08075
2.136 -1.62534 0.845784 1.84975 1.095
2.137 -1.62447 0.84599 1.42911 1.08775
2.138 -1.62355 0.845559 1.41576 1.08421
2.139 -1.62219 0.844433 1.47316 1.0841
2.14 -1.62088 0.843143 1.59924 1.10159
2.141 -1.61985 0.842396 1.66532 1.11253
2.142 -1.61879 0.841644 1.62609 1.11391
2.143 -1.61759 0.840931 1.69369 1.11432
2.144 -1.61635 0.839707 1.96387 1.12499
2.145 -1.61555 0.839788 1.69311 1.12066
2.146 -1.61495 0.84001 1.55846 1.10867
2.147 -1.61315 0.83804 1.77916 1.12573
2.148 -1.61254 0.838123 1.63421 1.1253
2.149 -1.61093 0.836519 1.78653 1.13548
2.15 -1.60967 0.835588 1.85791 1.13983
2.151 -1.60813 0.834344 1.89762 1.15002
2.152 -1.60775 0.834599 1.80098 1.14154
2.153 -1.60636 0.833791 1.75279 1.15197
2.154 -1.6051 0.831805 2.34154 1.17014
2.155 -1.60372 0.8307 2.34409 1.17173
2.156 -1.60282 0.830903 1.98544 1.16405
2.157 -1.60188 0.830507 1.87717 1.16243
2.158 -1.60069 0.829792 1.93523 1.17065
2.159 -1.59956 0.828782 2.02727 1.17944
2.16 -1.59777 0.826904 2.26159 1.19019
2.161 -1.59744 0.82775 1.90718 1.16954
2.162 -1.59587 0.826109 2.08428 1.18937
2.163 -1.59409 0.824475 2.1893 1.20687
2.164 -1.59328 0.823802 2.29723 1.20937
2.165 -1.59201 0.822936 2.29602 1.21029
2.166 -1.59105 0.822125 2.37627 1.21198
2.167 -1.5895 0.821207 2.29583 1.21203
2.168 -1.5886 0.820478 2.44043 1.22236
2.169 -1.58718 0.819123 2.67421 1.23151
2.17 -1.58611 0.819033 2.27003 1.22868
2.171 -1.58489 0.817228 2.68827 1.24494
2.172 -1.58345 0.816261 2.58752 1.24804
2.173 -1.5821 0.814484 3.09059 1.25937
2.174 -1.58141 0.814494 3.04291 1.24984
2.175 -1.58006 0.813602 2.90766 1.25722
2.176 -1.57761 0.81055 3.24612 1.28263
2.177 -1.57655 0.809613 3.48889 1.29647
2.178 -1.57636 0.811524 2.63771 1.25163
2.179 -1.57438 0.808509 3.16538 1.29066
2.18 -1.57289 0.807199 3.36084 1.29035
2.181 -1.57167 0.807291 2.88836 1.28253
2.182 -1.57029 0.806094 2.94679 1.29518
2.183 -1.5691 0.804716 3.16651 1.30876
2.184 -1.56874 0.805303 3.09951 1.29717
2.185 -1.56712 0.803241 3.28404 1.31386
2.186 -1.5654 0.801205 3.62307 1.32691
2.187 -1.56424 0.800062 3.84445 1.33961
2.188 -1.56247 0.798926 3.61776 1.33211
2.189 -1.56116 0.797311 3.85332 1.353
2.19 -1.56 0.796616 3.90091 1.35937
2.191 -1.55926 0.795407 4.30479 1.36895
2.192 -1.55762 0.795765 3.4511 1.34708
2.193 -1.55612 0.793491 4.12579 1.3758
2.194 -1.55546 0.794319 3.61108 1.34301
2.195 -1.55408 0.792606 3.89024 1.36785
2.196 -1.55206 0.79025 3.87128 1.377
2.197 -1.5505 0.788747 4.2408 1.39577
2.198 -1.54861 0.785041 5.23203 1.43121
2.199 -1.5472 0.785092 4.73621 1.41444
2.2 -1.54623 0.783277 5.47388 1.43152
2.201 -1.54526 0.783234 5.20918 1.41851
2.202 -1.54282 0.779348 5.62223 1.43759
2.203 -1.54222 0.780621 5.26697 1.43534
2.204 -1.54076 0.780149 4.46085 1.4199
2.205 -1.53816 0.775874 5.31867 1.46541
2.206 -1.53811 0.775724 6.12697 1.47105
2.207 -1.53764 0.777776 4.79865 1.43364
2.208 -1.53578 0.776114 4.80445 1.44121
2.209 -1.53265 0.770739 5.8606 1.49488
2.21 -1.53267 0.772418 5.08777 1.45616
2.211 -1.53107 0.770831 5.43996 1.46733
2.212 -1.52826 0.765888 6.44029 1.50963
2.213 -1.52782 0.766794 6.17695 1.49553
2.214 -1.52613 0.765934 5.81047 1.50239
2.215 -1.52407 0.761364 7.05993 1.54652
2.216 -1.52255 0.760031 7.15201 1.53977
2.217 -1.52089 0.759274 6.71548 1.52986
2.218 -1.51875 0.753396 8.66242 1.59347
2.219 -1.5189 0.756808 7.30919 1.54783
2.22 -1.5178 0.757326 6.80114 1.53175
2.221 -1.51506 0.754047 6.8243 1.55597
2.222 -1.51422 0.751985 7.79188 1.57694
2.223 -1.51115 0.746709 9.05739 1.61638
2.224 -1.51001 0.745107 9.23159 1.62125
2.225 -1.50934 0.747249 7.62916 1.59478
2.226 -1.50644 0.741258 8.99995 1.64939
2.227 -1.5051 0.739828 9.16881 1.63179
2.228 -1.5045 0.742342 7.98042 1.59553
2.229 -1.50143 0.73585 9.67894 1.64972
2.23 -1.50164 0.738618 8.76769 1.61652
2.231 -1.49993 0.735975 9.34939 1.62185
2.232 -1.49639 0.729504 10.3559 1.67916
2.233 -1.49607 0.730813 9.89623 1.66992
2.234 -1.4935 0.726842 10.3601 1.6887
2.235 -1.49295 0.727589 9.89258 1.67198
2.236 -1.49117 0.724279 10.8845 1.70658
2.237 -1.48873 0.721403 11.0956 1.72081
2.238 -1.48685 0.717703 11.9249 1.744
2.239 -1.48428 0.715039 11.3847 1.72609
2.24 -1.48273 0.711282 12.7185 1.74989
2.241 -1.48125 0.71032 12.4563 1.75926
2.242 -1.48164 0.713416 11.6792 1.72655
2.243 -1.47995 0.711367 11.851 1.72541
2.244 -1.47631 0.701925 14.2738 1.78569
2.245 -1.47679 0.707795 12.3708 1.74082
2.246 -1.47273 0.698123 14.4466 1.8119
2.247 -1.472 0.700989 12.7863 1.77826
2.248 -1.47134 0.700324 12.989 1.78779
2.249 -1.4679 0.69379 14.1411 1.81138
2.25 -1.46508 0.687098 15.4571 1.82949
2.251 -1.46471 0.689922 14.457 1.8171
2.252 -1.46224 0.685188 15.1336 1.84892
2.253 -1.46097 0.684813 14.8196 1.82092
2.254 -1.45667 0.672993 17.1903 1.87163
2.255 -1.4572 0.678462 15.7248 1.85416
2.256 -1.4519 0.665266 18.9369 1.93137
2.257 -1.45404 0.675261 16.0241 1.86739
2.258 -1.45264 0.672845 16.2744 1.8702
2.259 -1.4519 0.674749 15.2696 1.84461
2.26 -1.45089 0.674393 15.4475 1.85047
2.261 -1.44892 0.671029 16.1477 1.86746
2.262 -1.44397 0.659566 17.6172 1.9038
2.263 -1.4416 0.654556 19.0154 1.92571
2.264 -1.44067 0.655527 17.7525 1.88405
2.265 -1.43766 0.647969 19.6511 1.93519
2.266 -1.43721 0.649891 19.0967 1.92015
2.267 -1.43417 0.64268 20.0232 1.94273
2.268 -1.43137 0.638196 20.4402 1.95298
2.269 -1.42985 0.635595 20.9277 1.96809
2.27 -1.42856 0.635338 20.017 1.94055
2.271 -1.4266 0.63151 20.4536 1.95692
2.272 -1.42556 0.630821 21.2105 1.96003
2.273 -1.42037 0.618513 22.5393 2.00007
2.274 -1.41907 0.615888 23.1512 1.99802
2.275 -1.41928 0.619626 22.5402 1.96791
2.276 -1.41839 0.62052 21.9764 1.96494
2.277 -1.41422 0.609844 23.4948 2.02882
2.278 -1.41231 0.606828 23.6757 2.00521
2.279 -1.41239 0.61162 22.1384 1.96131
2.28 -1.40867 0.603216 23.6349 2.04118
2.281 -1.407 0.59708 25.3652 2.01293
2.282 -1.40085 0.584116 25.6142 2.00296
2.283 -1.40102 0.589228 24.5413 2.00631
2.284 -1.39933 0.582744 26.1496 2.03419
2.285 -1.39753 0.578219 26.7206 2.03732
2.286 -1.39702 0.583184 24.9252 2.00484
2.287 -1.39526 0.58011 25.1959 2.00437
2.288 -1.39055 0.566861 27.1984 2.02911
2.289 -1.38971 0.567096 26.5303 2.01033
2.29 -1.38792 0.564047 27.2286 2.03021
2.291 -1.38564 0.559113 27.4287 2.01113
2.292 -1.38392 0.557479 27.2114 2.00605
2.293 -1.38115 0.551145 28.2443 2.01215
2.294 -1.37915 0.548356 27.8126 2.00351
2.295 -1.37689 0.543383 28.516 2.01996
2.296 -1.3774 0.550031 27.4138 2.01051
2.297 -1.37463 0.54178 28.6598 2.02152
2.298 -1.372 0.537387 28.2198 1.98432
2.299 -1.36872 0.527898 29.6 2.00883
2.3 -1.36832 0.532156 28.5192 2.01151
2.301 -1.36799 0.532729 28.3101 1.99578
2.302 -1.36365 0.518914 29.9496 2.01532
2.303 -1.36308 0.523374 28.359 1.97123
2.304 -1.36027 0.51554 29.7425 1.98855
2.305 -1.35889 0.515231 28.9934 1.96488
2.306 -1.35652 0.507603 29.8569 1.9743
2.307 -1.35247 0.49682 30.5352 1.97107
2.308 -1.35192 0.498132 30.1766 1.95647
2.309 -1.35101 0.498855 29.9694 1.94417
2.31 -1.34934 0.497222 30.1461 1.95397
2.311 -1.34547 0.48819 30.2168 1.95073
2.312 -1.3415 0.472637 31.9184 1.94428
2.313 -1.34224 0.483649 29.9202 1.93189
2.314 -1.34111 0.479886 30.4245 1.9464
2.315 -1.33812 0.47051 31.162 1.90986
2.316 -1.33592 0.46746 30.5605 1.87572
2.317 -1.33466 0.466762 30.9026 1.90264
2.318 -1.33352 0.466554 30.3795 1.89213
2.319 -1.33063 0.458417 30.8567 1.88045
2.32 -1.32746 0.450908 30.7037 1.86013
2.321 -1.32602 0.449458 30.551 1.86999
2.322 -1.32765 0.458017 30.5602 1.87135
2.323 -1.32283 0.444044 30.7521 1.85717
2.324 -1.32238 0.446214 30.8343 1.8678
2.325 -1.32084 0.442067 30.8815 1.82616
2.326 -1.32072 0.447385 30.2006 1.84727
2.327 -1.31692 0.435693 30.4815 1.82967
2.328 -1.31263 0.423974 30.6975 1.80838
2.329 -1.31371 0.430722 29.9656 1.79377
2.33 -1.31072 0.422519 30.7758 1.80149
2.331 -1.31006 0.422216 30.3359 1.77748
2.332 -1.30843 0.420437 30.3988 1.79172
2.333 -1.30328 0.404226 30.3678 1.74758
2.334 -1.30289 0.406212 30.0991 1.74682
2.335 -1.30297 0.410021 30.1714 1.74243
2.336 -1.30148 0.410326 29.6519 1.74076
2.337 -1.29669 0.39161 29.5467 1.69828
2.338 -1.2962 0.394419 29.4097 1.68945
2.339 -1.29526 0.397038 29.2979 1.70531
2.34 -1.29335 0.388837 29.9658 1.70273
2.341 -1.29307 0.391713 29.8348 1.70547
2.342 -1.29006 0.385225 28.7517 1.66132
2.343 -1.288 0.380313 29.0462 1.66535
2.344 -1.28868 0.385573 28.7315 1.65833
2.345 -1.28516 0.375431 29.1198 1.65125
2.346 -1.28321 0.373118 28.2419 1.62242
2.347 -1.28056 0.363771 28.7829 1.63139
2.348 -1.28056 0.368379 28.1801 1.60691
2.349 -1.27835 0.36374 28.1041 1.60802
2.35 -1.27732 0.36371 27.9891 1.61298
2.351 -1.27516 0.358148 27.4855 1.58718
2.352 -1.27418 0.357248 27.3727 1.57246
2.353 -1.27425 0.360423 28.0626 1.59092
2.354 -1.27031 0.352881 26.8839 1.56752
2.355 -1.26772 0.342566 26.9403 1.53343
2.356 -1.26712 0.344634 26.8304 1.5407
2.357 -1.26651 0.346514 26.7851 1.54658
2.358 -1.26371 0.336261 26.4867 1.52387
2.359 -1.26318 0.337754 26.3019 1.51064
2.36 -1.262 0.33946 26.2211 1.51734
2.361 -1.26121 0.337964 25.6213 1.4883
2.362 -1.25757 0.326421 25.4438 1.47581
2.363 -1.25734 0.329664 25.751 1.48176
2.364 -1.25472 0.322329 25.4083 1.46745
2.365 -1.25491 0.326348 25.4547 1.46847
2.366 -1.25277 0.323283 24.9542 1.47322
2.367 -1.25018 0.314016 24.9516 1.44301
2.368 -1.24958 0.316463 24.8126 1.44752
2.369 -1.24801 0.314611 24.6216 1.43451
2.37 -1.24699 0.311198 24.644 1.42854
2.371 -1.24599 0.312252 24.0976 1.41378
2.372 -1.24397 0.308746 23.8195 1.39916
2.373 -1.24163 0.302342 23.4667 1.37962
2.374 -1.24052 0.299633 23.2564 1.35931
2.375 -1.2415 0.307728 23.8896 1.40474
2.376 -1.23909 0.302576 23.3559 1.38968
2.377 -1.2381 0.30109 23.2521 1.37937
2.378 -1.23493 0.290875 22.2633 1.34546
2.379 -1.23486 0.292779 22.569 1.34123
2.38 -1.23176 0.285836 22.2187 1.34625
2.381 -1.23169 0.291671 22.0823 1.33638
2.382 -1.23046 0.28784 22.0307 1.33126
2.383 -1.22883 0.284472 22.0604 1.33039
2.384 -1.22833 0.284736 22.085 1.32106
2.385 -1.22644 0.279826 21.4161 1.30965
2.386 -1.22419 0.274285 21.1209 1.29484
2.387 -1.22383 0.2774 21.0658 1.28469
2.388 -1.22276 0.276866 21.0081 1.28594
2.389 -1.22115 0.271917 20.9474 1.27397
2.39 -1.22037 0.27246 21.0429 1.28906
2.391 -1.21845 0.267714 20.1797 1.26136
2.392 -1.21638 0.264647 19.9773 1.25098
2.393 -1.21603 0.265134 20.1401 1.25637
2.394 -1.21442 0.262394 19.8121 1.24427
2.395 -1.21416 0.264202 19.9145 1.24907
2.396 -1.21261 0.263065 19.7349 1.24924
2.397 -1.21074 0.258258 19.1453 1.2357
2.398 -1.2106 0.260532 19.3365 1.22084
2.399 -1.20904 0.258289 19.0068 1.21679
