2 -1.74424 0.910609 3.34246 6.11975
2.01 -1.99367 0.995939 4.22563 8.12336
2.02 -1.98356 0.991521 3.99731 7.91832
2.03 -1.99439 0.997074 4.36313 8.38389
2.04 -1.9967 0.997742 4.42076 8.47061
2.05 -1.99116 0.993646 4.30009 8.09503
2.06 -1.99751 0.99596 4.41362 8.45199
2.07 -1.9897 0.994941 4.80847 8.15331
2.08 -1.99331 0.993319 4.63088 8.01538
2.09 -1.9884 0.994546 5.02835 7.7824
2.1 -1.98812 0.989793 4.81488 7.92941
2.11 -1.98995 0.993525 5.00225 7.81373
2.12 -1.98816 0.995691 5.61242 8.40062
2.13 -1.98516 0.993625 7.02991 8.88008
2.14 -1.99389 0.991119 5.42605 8.3744
2.15 -1.98002 0.986129 6.10426 8.35457
2.16 -1.99048 1.00044 8.57615 8.74083
2.17 -1.97646 0.97816 6.39021 7.88735
2.18 -1.98825 0.993273 9.06079 8.36773
2.19 -1.97767 0.980087 10.0284 8.42706
2.2 -1.99555 1.00792 17.2556 8.55348
2.21 -1.97904 0.975867 14.4554 7.68828
2.22 -1.9929 0.997888 21.9211 11.0704
2.23 -1.985 0.984478 18.6525 7.94395
2.24 -1.97104 0.967768 18.4826 7.8706
2.25 -1.96102 0.938608 40.2668 8.13383
2.26 -1.97634 1.00087 293 11.6825
2.27 -1.98094 0.85436 299.228 9.22084
2.28 -1.96043 0.837683 212.189 8.74396
2.29 -1.97981 0.85162 770.56 8.68022
2.3 -1.97958 0.84802 994.11 9.13455
2.31 -1.98891 0.864593 724.652 7.65615
2.32 -1.97944 1.15027 699.683 7.61006
2.33 -1.99254 0.882628 448.456 9.16375
2.34 -2.00567 1.10172 363.96 9.0621
2.35 -1.9668 1.01365 354.584 8.10409
2.36 -1.99779 1.08385 320.442 7.87553
2.37 -1.99209 1.0937 213.686 7.65609
2.38 -1.98739 1.06691 171.842 7.49491
2.39 -1.98998 0.965483 154.025 7.64868
