2 -1.7439 0.902925 10.9845 0.922396
2.001 -1.7447 0.910881 0.39316 0.728252
2.002 -1.74414 0.910692 0.38934 0.728758
2.003 -1.74333 0.910292 0.395515 0.735375
2.004 -1.74269 0.910018 0.393183 0.732452
2.005 -1.74177 0.909589 0.398374 0.735752
2.006 -1.74116 0.909313 0.409895 0.736095
2.007 -1.74036 0.908929 0.404783 0.737276
2.008 -1.73977 0.90871 0.40792 0.742102
2.009 -1.73885 0.908232 0.410324 0.743301
2.01 -1.73823 0.907933 0.41925 0.744632
2.011 -1.73746 0.907614 0.418232 0.746976
2.012 -1.73679 0.907306 0.430277 0.750278
2.013 -1.73603 0.906988 0.419489 0.747946
2.014 -1.73531 0.906618 0.422573 0.749324
2.015 -1.73444 0.906214 0.431291 0.754796
2.016 -1.73366 0.905781 0.436808 0.757745
2.017 -1.73291 0.905494 0.438025 0.75939
2.018 -1.73218 0.905122 0.440165 0.75866
2.019 -1.73124 0.904667 0.448381 0.765279
2.02 -1.73063 0.90445 0.44204 0.762673
2.021 -1.72989 0.90413 0.445639 0.763747
2.022 -1.72918 0.903733 0.460671 0.76931
2.023 -1.72843 0.903404 0.455607 0.76806
2.024 -1.72748 0.902834 0.473812 0.773295
2.025 -1.72667 0.902507 0.468814 0.776587
2.026 -1.726 0.9022 0.473582 0.776157
2.027 -1.72517 0.901827 0.47006 0.776115
2.028 -1.72434 0.901407 0.478579 0.779753
2.029 -1.72356 0.901001 0.485866 0.78463
2.03 -1.72294 0.900766 0.478869 0.77988
2.031 -1.72211 0.900362 0.489155 0.789884
2.032 -1.72143 0.90006 0.494247 0.793191
2.033 -1.72055 0.89958 0.498419 0.788112
2.034 -1.71967 0.899214 0.499654 0.793003
2.035 -1.71897 0.898852 0.508977 0.797119
2.036 -1.71832 0.898561 0.506732 0.799725
2.037 -1.71732 0.898001 0.51574 0.801591
2.038 -1.71666 0.897701 0.521375 0.802953
2.039 -1.71569 0.897175 0.530302 0.80814
2.04 -1.71487 0.896743 0.538313 0.809608
2.041 -1.71422 0.896526 0.536526 0.811821
2.042 -1.71321 0.896002 0.536497 0.809355
2.043 -1.71256 0.895747 0.536577 0.811135
2.044 -1.71158 0.895143 0.552706 0.81743
2.045 -1.71095 0.894897 0.554961 0.814342
2.046 -1.71009 0.894504 0.550671 0.816993
2.047 -1.70917 0.894008 0.560154 0.823156
2.048 -1.70856 0.893722 0.569427 0.825812
2.049 -1.70762 0.89324 0.573326 0.826706
2.05 -1.70676 0.892875 0.569887 0.829146
2.051 -1.70605 0.892553 0.567267 0.827748
2.052 -1.70509 0.891864 0.596606 0.834919
2.053 -1.70422 0.891414 0.59911 0.835291
2.054 -1.70337 0.891032 0.597428 0.839106
2.055 -1.70239 0.890462 0.613878 0.842244
2.056 -1.70195 0.890404 0.607685 0.842144
2.057 -1.70101 0.889851 0.616036 0.84819
2.058 -1.69998 0.889277 0.630285 0.851663
2.059 -1.69923 0.888956 0.626275 0.853958
2.06 -1.69849 0.888671 0.616676 0.851767
2.061 -1.69758 0.888081 0.636797 0.854019
2.062 -1.69642 0.887346 0.663648 0.856204
2.063 -1.69579 0.887116 0.65205 0.863058
2.064 -1.69483 0.886593 0.671344 0.865889
2.065 -1.69411 0.886285 0.667512 0.86392
2.066 -1.69331 0.885899 0.662522 0.868608
2.067 -1.69226 0.885333 0.676105 0.872666
2.068 -1.69146 0.884917 0.685397 0.873672
2.069 -1.6903 0.884259 0.695713 0.880747
2.07 -1.68967 0.883953 0.689556 0.880836
2.071 -1.68851 0.883165 0.726897 0.885102
2.072 -1.68798 0.883146 0.703126 0.885785
2.073 -1.6869 0.882442 0.720047 0.885377
2.074 -1.68588 0.881802 0.738059 0.890769
2.075 -1.68529 0.881687 0.716608 0.88949
2.076 -1.68432 0.881145 0.727257 0.894869
2.077 -1.68335 0.880567 0.749435 0.895838
2.078 -1.68247 0.88004 0.760543 0.903078
2.079 -1.68159 0.879594 0.763328 0.90505
2.08 -1.68078 0.879291 0.753234 0.900044
2.081 -1.67984 0.87866 0.786027 0.910645
2.082 -1.67894 0.878247 0.778106 0.904696
2.083 -1.67792 0.877595 0.791653 0.913304
2.084 -1.67719 0.87725 0.801795 0.91551
2.085 -1.67615 0.876662 0.813674 0.916982
2.086 -1.67524 0.876214 0.803207 0.917588
2.087 -1.67432 0.875604 0.833832 0.927789
2.088 -1.67345 0.875247 0.82396 0.923224
2.089 -1.67245 0.874575 0.845092 0.930479
2.09 -1.67153 0.874149 0.840786 0.931648
2.091 -1.67061 0.873561 0.860254 0.933701
2.092 -1.66932 0.872827 0.877118 0.940002
2.093 -1.66877 0.872577 0.873277 0.937394
2.094 -1.66797 0.872227 0.878852 0.941868
2.095 -1.66674 0.871408 0.887921 0.945552
2.096 -1.66588 0.870895 0.900002 0.950167
2.097 -1.665 0.870399 0.924163 0.955228
2.098 -1.66391 0.869638 1.01581 0.960208
2.099 -1.66315 0.869425 0.933652 0.959391
2.1 -1.66192 0.868599 0.945365 0.95988
2.101 -1.66097 0.868044 0.975027 0.969258
2.102 -1.66012 0.867621 0.991873 0.967519
2.103 -1.65904 0.866979 0.975598 0.966877
2.104 -1.65814 0.866546 0.973039 0.969735
2.105 -1.65735 0.865915 1.04234 0.986218
2.106 -1.65638 0.865588 0.976312 0.969132
2.107 -1.65535 0.864925 1.02059 0.980144
2.108 -1.65423 0.86422 1.03809 0.982547
2.109 -1.65338 0.863641 1.08193 0.990794
2.11 -1.65213 0.862858 1.06938 0.993278
2.111 -1.65147 0.862608 1.06363 0.995693
2.112 -1.65036 0.862084 1.054 0.996794
2.113 -1.64944 0.86154 1.06053 0.99846
2.114 -1.64841 0.860771 1.10586 1.00221
2.115 -1.64725 0.859913 1.15353 1.01214
2.116 -1.6463 0.8596 1.14147 1.00977
2.117 -1.6453 0.858795 1.18447 1.01994
2.118 -1.64427 0.858148 1.18846 1.01758
2.119 -1.64328 0.857727 1.16486 1.01896
2.12 -1.64198 0.85679 1.20779 1.02618
2.121 -1.64125 0.856264 1.2922 1.03837
2.122 -1.63986 0.855328 1.29924 1.03637
2.123 -1.63916 0.855049 1.29704 1.03935
2.124 -1.63809 0.854507 1.24165 1.03856
2.125 -1.63707 0.853893 1.26228 1.03985
2.126 -1.63604 0.853158 1.30611 1.0472
2.127 -1.63462 0.852213 1.30338 1.04829
2.128 -1.63373 0.851449 1.41172 1.05486
2.129 -1.63262 0.850812 1.39478 1.06135
2.13 -1.63178 0.850375 1.41742 1.06667
2.131 -1.63048 0.849659 1.35829 1.0633
2.132 -1.62947 0.848914 1.41844 1.06792
2.133 -1.62844 0.848311 1.39008 1.06743
2.134 -1.62768 0.847876 1.47763 1.07421
2.135 -1.62661 0.847359 1.40765 1.07156
2.136 -1.62505 0.846133 1.45312 1.08755
2.137 -1.62426 0.845651 1.47851 1.08397
2.138 -1.62307 0.844919 1.50835 1.08527
2.139 -1.62185 0.843678 1.58387 1.09701
2.14 -1.62096 0.843425 1.55437 1.10506
2.141 -1.6196 0.84237 1.59711 1.10751
2.142 -1.61873 0.842073 1.53052 1.10225
2.143 -1.61789 0.841663 1.5576 1.1086
2.144 -1.61648 0.840348 1.64604 1.11383
2.145 -1.61539 0.839814 1.64943 1.11676
2.146 -1.61414 0.838958 1.64215 1.12212
2.147 -1.61314 0.838143 1.68134 1.12396
2.148 -1.61161 0.836682 1.88318 1.1371
2.149 -1.61082 0.836305 1.86203 1.13831
2.15 -1.60959 0.83554 1.84617 1.14653
2.151 -1.60843 0.834675 1.94131 1.15359
2.152 -1.6076 0.834278 1.8494 1.14783
2.153 -1.60612 0.833295 1.88843 1.15355
2.154 -1.60536 0.832707 1.98319 1.1528
2.155 -1.60385 0.831512 1.98907 1.16633
2.156 -1.60273 0.830709 2.03172 1.16379
2.157 -1.60188 0.830271 2.03735 1.16956
2.158 -1.60066 0.829522 2.04151 1.17023
2.159 -1.59978 0.829121 2.01824 1.17223
2.16 -1.59777 0.826898 2.19158 1.18815
2.161 -1.59703 0.826897 2.09174 1.1855
2.162 -1.59577 0.825831 2.15445 1.19149
2.163 -1.59429 0.824367 2.30399 1.19913
2.164 -1.59339 0.82398 2.28326 1.20035
2.165 -1.59219 0.822993 2.32797 1.20325
2.166 -1.59094 0.822299 2.2818 1.21534
2.167 -1.58984 0.821467 2.33829 1.20985
2.168 -1.58884 0.821216 2.28982 1.21167
2.169 -1.58715 0.819067 2.59948 1.232
2.17 -1.58582 0.818094 2.58598 1.23679
2.171 -1.58504 0.818119 2.42058 1.22887
2.172 -1.58331 0.816 2.72576 1.25147
2.173 -1.58218 0.81534 2.74356 1.25859
2.174 -1.58145 0.815499 2.45295 1.23904
2.175 -1.58028 0.814407 2.73473 1.25098
2.176 -1.57842 0.81236 2.94443 1.26701
2.177 -1.57715 0.81179 2.72161 1.25734
2.178 -1.57599 0.810384 2.92198 1.27958
2.179 -1.57443 0.809482 2.894 1.27894
2.18 -1.57305 0.808191 3.09102 1.29453
2.181 -1.5725 0.807742 3.15877 1.28745
2.182 -1.57089 0.806654 3.15421 1.30084
2.183 -1.56943 0.804942 3.40365 1.31505
2.184 -1.56803 0.803721 3.35364 1.31699
2.185 -1.56737 0.803809 3.26718 1.31139
2.186 -1.56578 0.802582 3.23495 1.31783
2.187 -1.56361 0.799473 3.90696 1.33822
2.188 -1.56263 0.798902 3.79807 1.33359
2.189 -1.56129 0.797753 4.15127 1.34941
2.19 -1.56018 0.797474 3.60466 1.34197
2.191 -1.55893 0.79566 4.32089 1.35311
2.192 -1.55705 0.793592 4.8257 1.37067
2.193 -1.55684 0.794856 4.24664 1.35438
2.194 -1.55518 0.793658 3.68182 1.34867
2.195 -1.5531 0.7909 4.29035 1.38213
2.196 -1.55315 0.792364 3.86557 1.36018
2.197 -1.55001 0.787194 4.72921 1.3992
2.198 -1.54909 0.787112 4.96242 1.40545
2.199 -1.5487 0.787985 3.93614 1.37361
2.2 -1.54627 0.783881 5.91821 1.41712
2.201 -1.54553 0.785028 4.23604 1.40042
2.202 -1.54337 0.781253 5.63044 1.44797
2.203 -1.54216 0.781317 4.55121 1.41332
2.204 -1.54142 0.780888 4.56013 1.4171
2.205 -1.53959 0.778574 5.30749 1.42435
2.206 -1.53768 0.775751 6.09781 1.45846
2.207 -1.53645 0.77483 6.87852 1.46796
2.208 -1.53429 0.771753 6.58738 1.47746
2.209 -1.53309 0.771555 5.99832 1.48545
2.21 -1.53134 0.767133 9.72606 1.52512
2.211 -1.5306 0.769121 6.08457 1.4884
2.212 -1.52927 0.767463 7.44845 1.4998
2.213 -1.52669 0.762767 8.89336 1.55092
2.214 -1.52675 0.766443 6.06893 1.49941
2.215 -1.52401 0.761792 7.32741 1.53797
2.216 -1.5222 0.759922 6.99931 1.53608
2.217 -1.52051 0.757198 8.30681 1.57003
2.218 -1.51916 0.753572 11.7372 1.61293
2.219 -1.51868 0.757493 7.05162 1.55226
2.22 -1.51611 0.752258 9.26452 1.60832
2.221 -1.51446 0.74941 10.2084 1.62393
2.222 -1.51334 0.749511 9.67227 1.58445
2.223 -1.51144 0.748068 8.56044 1.60995
2.224 -1.50952 0.744866 9.7654 1.61153
2.225 -1.5073 0.739306 13.1192 1.68566
2.226 -1.50684 0.740911 11.9358 1.6415
2.227 -1.50521 0.738096 13.3374 1.68828
2.228 -1.50379 0.737702 11.1443 1.65493
2.229 -1.50167 0.734267 13.0057 1.70383
2.23 -1.49928 0.730008 14.0372 1.73257
2.231 -1.49759 0.726776 15.9791 1.745
2.232 -1.49646 0.72796 13.1498 1.72145
2.233 -1.49666 0.732362 11.0131 1.66824
2.234 -1.49381 0.726363 12.498 1.70883
2.235 -1.49132 0.722105 13.3479 1.73822
2.236 -1.4889 0.717349 14.4925 1.77034
2.237 -1.48898 0.719498 14.41 1.74115
2.238 -1.4872 0.718445 13.4918 1.72831
2.239 -1.48521 0.715311 14.1886 1.74969
2.24 -1.4817 0.706306 17.9632 1.81383
2.241 -1.4814 0.708784 15.831 1.79801
2.242 -1.47778 0.696532 23.1996 1.90734
2.243 -1.47842 0.706236 15.5685 1.81053
2.244 -1.47479 0.695982 20.8102 1.89671
2.245 -1.47458 0.700355 17.3438 1.81723
2.246 -1.47031 0.684817 27.1171 1.98323
2.247 -1.46992 0.689101 22.8256 1.919
2.248 -1.46815 0.687089 21.9 1.8867
2.249 -1.46667 0.685887 21.6418 1.90863
2.25 -1.46333 0.679243 23.3948 1.95013
2.251 -1.4626 0.678925 22.9943 1.93868
2.252 -1.46012 0.673145 26.1171 1.93971
2.253 -1.45803 0.670272 24.7837 1.96121
2.254 -1.45389 0.65621 32.5395 2.0487
2.255 -1.45436 0.66437 26.3677 1.99505
2.256 -1.45317 0.66526 25.0899 2.00139
2.257 -1.45176 0.659499 29.7979 2.00501
2.258 -1.44889 0.657116 26.2268 1.96755
2.259 -1.44723 0.653328 29.4794 2.05203
2.26 -1.44411 0.644899 31.9721 2.07215
2.261 -1.44099 0.636127 36.9117 2.11089
2.262 -1.44119 0.64345 30.2759 2.03276
2.263 -1.43764 0.630175 36.7409 2.10664
2.264 -1.43619 0.633512 31.9379 2.05997
2.265 -1.43362 0.625548 35.8608 2.11206
2.266 -1.43159 0.617584 40.2374 2.14145
2.267 -1.42768 0.607308 42.6518 2.16333
2.268 -1.42667 0.607591 42.2889 2.17427
2.269 -1.42369 0.601621 41.454 2.13563
2.27 -1.42237 0.598616 44.8936 2.17004
2.271 -1.42028 0.591366 47.6259 2.188
2.272 -1.41775 0.589997 44.4411 2.19865
2.273 -1.41603 0.586285 46.9305 2.20256
2.274 -1.41227 0.572784 51.6862 2.23317
2.275 -1.41335 0.586416 43.8167 2.19891
2.276 -1.40916 0.572306 47.6998 2.19918
2.277 -1.40924 0.576312 44.9543 2.14413
2.278 -1.40594 0.570351 46.3251 2.19635
2.279 -1.4045 0.566597 46.9497 2.18305
2.28 -1.40093 0.553115 51.9227 2.21073
2.281 -1.39849 0.546643 53.4172 2.24401
2.282 -1.3965 0.54212 53.4761 2.21199
2.283 -1.39337 0.533337 55.9385 2.21409
2.284 -1.39274 0.539884 51.3524 2.2016
2.285 -1.39036 0.529929 56.0361 2.22105
2.286 -1.3878 0.52477 55.1328 2.20688
2.287 -1.38958 0.538649 50.8754 2.17334
2.288 -1.38512 0.52091 55.5554 2.18904
2.289 -1.3803 0.502304 59.9136 2.19886
2.29 -1.3786 0.498614 62.2652 2.24628
2.291 -1.37701 0.498275 58.7049 2.18285
2.292 -1.37435 0.491256 59.8662 2.21615
2.293 -1.36975 0.47465 62.0217 2.17332
2.294 -1.37058 0.48472 59.0094 2.16271
2.295 -1.36553 0.465076 60.3739 2.11828
2.296 -1.36466 0.46401 62.8662 2.17184
2.297 -1.36646 0.480404 59.2537 2.15986
2.298 -1.35931 0.446891 65.5865 2.16246
2.299 -1.35846 0.448386 62.6722 2.12687
2.3 -1.35748 0.450936 63.7378 2.15378
2.301 -1.35542 0.445544 62.3459 2.11994
2.302 -1.35257 0.437715 62.5213 2.08397
2.303 -1.35204 0.439183 62.1092 2.06872
2.304 -1.34761 0.42025 65.6038 2.09155
2.305 -1.34713 0.426174 61.924 2.05231
2.306 -1.34411 0.415566 62.9178 2.04149
2.307 -1.3405 0.404967 62.646 2.01639
2.308 -1.33986 0.406416 61.656 1.99153
2.309 -1.33857 0.400438 63.3635 2.0057
2.31 -1.33734 0.403529 60.0415 1.98326
2.311 -1.33458 0.396976 60.3597 1.94908
2.312 -1.33313 0.39485 59.4762 1.96273
2.313 -1.3305 0.384043 59.053 1.92878
2.314 -1.32952 0.382794 60.3338 1.92658
2.315 -1.32664 0.373262 59.9917 1.91585
2.316 -1.32553 0.373489 59.8863 1.90312
2.317 -1.32445 0.375028 59.671 1.88309
2.318 -1.32062 0.357949 60.2985 1.85838
2.319 -1.31892 0.353979 59.6826 1.85619
2.32 -1.31693 0.351365 57.5074 1.83193
2.321 -1.31594 0.350454 58.7364 1.83933
2.322 -1.31382 0.347878 56.3235 1.80116
2.323 -1.31165 0.338632 57.8949 1.80739
2.324 -1.31037 0.337638 58.3158 1.81403
2.325 -1.30914 0.338794 55.3375 1.77338
2.326 -1.30763 0.335969 54.9326 1.75781
2.327 -1.30495 0.330299 53.3068 1.71941
2.328 -1.30364 0.324756 53.5946 1.73266
2.329 -1.30162 0.320271 54.2385 1.73116
2.33 -1.30033 0.324358 52.231 1.70937
2.331 -1.29818 0.313258 51.765 1.66595
2.332 -1.29616 0.30433 51.7824 1.68265
2.333 -1.29499 0.307105 50.8789 1.65398
2.334 -1.29307 0.300191 51.3437 1.64648
2.335 -1.29018 0.291331 48.8857 1.62158
2.336 -1.29063 0.300098 50.741 1.65315
2.337 -1.28817 0.290987 48.9611 1.61032
2.338 -1.28699 0.288299 48.2931 1.59923
2.339 -1.28452 0.281093 48.1363 1.59371
2.34 -1.2834 0.28177 46.5988 1.55326
2.341 -1.28166 0.27906 46.2011 1.55958
2.342 -1.28043 0.277793 45.2991 1.55003
2.343 -1.2771 0.260745 44.0617 1.49684
2.344 -1.27677 0.270229 45.0124 1.52466
2.345 -1.275 0.261354 43.6107 1.49053
2.346 -1.27426 0.263735 43.4629 1.49299
2.347 -1.27314 0.26542 43.0785 1.49961
2.348 -1.27124 0.260049 42.9251 1.4831
2.349 -1.27077 0.269297 43.0902 1.50691
2.35 -1.26782 0.254887 40.7423 1.44801
2.351 -1.26625 0.251518 39.8974 1.44422
2.352 -1.26615 0.252957 41.8098 1.45661
2.353 -1.26383 0.246099 40.287 1.45915
2.354 -1.26363 0.249899 40.7639 1.44449
2.355 -1.26137 0.245814 38.9735 1.40888
2.356 -1.2594 0.239486 38.3185 1.41167
2.357 -1.25801 0.236236 37.4519 1.38539
2.358 -1.25689 0.236686 37.1252 1.38225
2.359 -1.25452 0.22796 35.6353 1.37526
2.36 -1.25367 0.227595 36.6304 1.37528
2.361 -1.2529 0.22729 36.2898 1.35734
2.362 -1.251 0.224537 35.274 1.36309
2.363 -1.24916 0.219235 34.5478 1.34038
2.364 -1.24876 0.224148 35.0785 1.34021
2.365 -1.24718 0.221242 33.3353 1.32571
2.366 -1.24601 0.21951 33.8608 1.33259
2.367 -1.24465 0.215288 32.6316 1.30716
2.368 -1.24432 0.221651 33.0812 1.31311
2.369 -1.24197 0.214226 32.714 1.31042
2.37 -1.24064 0.210004 31.9254 1.29321
2.371 -1.2391 0.207114 31.0529 1.28284
2.372 -1.23854 0.212186 31.8141 1.2962
2.373 -1.23653 0.205329 30.1028 1.2759
2.374 -1.23513 0.20279 29.5133 1.25781
2.375 -1.23409 0.201986 29.2886 1.26319
2.376 -1.23278 0.197449 29.0581 1.25722
2.377 -1.23214 0.200608 29.1197 1.25978
2.378 -1.23025 0.198446 28.4776 1.24617
2.379 -1.22945 0.200224 28.6035 1.24623
2.38 -1.22796 0.195143 27.4025 1.23118
2.381 -1.22659 0.193034 27.5916 1.22608
2.382 -1.22516 0.18948 27.046 1.22112
2.383 -1.22474 0.195201 27.854 1.22391
2.384 -1.22343 0.191388 27.2456 1.23136
2.385 -1.22195 0.190024 26.3774 1.21742
2.386 -1.22056 0.185074 25.7921 1.19821
2.387 -1.21927 0.188405 26.0297 1.20684
2.388 -1.21874 0.187044 25.6995 1.20448
2.389 -1.21791 0.185645 25.9301 1.20768
2.39 -1.21631 0.182782 25.3158 1.18905
2.391 -1.21489 0.182587 25.2359 1.19015
2.392 -1.2138 0.181293 24.5581 1.17932
2.393 -1.21274 0.181497 24.6596 1.18318
2.394 -1.21137 0.177193 23.6463 1.16648
2.395 -1.20989 0.176024 23.5714 1.16153
2.396 -1.20941 0.177216 23.5498 1.16511
2.397 -1.20728 0.170244 22.5423 1.15039
2.398 -1.20638 0.171314 22.6811 1.14882
2.399 -1.20607 0.173938 22.6693 1.14997
