2 -1.74504 0.911089 1.18611 2.20086
2.01 -1.99471 0.999312 1.7014 3.74576
2.02 -1.98367 0.992696 1.63545 3.19206
2.03 -1.98988 0.997095 2.10844 3.53008
2.04 -1.99799 0.999302 1.81294 3.32103
2.05 -2.00381 1.00179 1.86761 3.14589
2.06 -1.99779 0.999113 1.96577 3.08141
2.07 -1.99869 0.997271 2.00138 2.83964
2.08 -1.9982 0.997126 2.80688 4.74884
2.09 -1.99957 1.00172 3.47677 4.36471
2.1 -1.99711 0.998162 2.65618 4.42835
2.11 -1.99742 1.00071 3.80226 3.31151
2.12 -1.98717 0.99309 2.38696 2.96166
2.13 -1.99475 0.992657 4.15866 3.55664
2.14 -1.9741 0.979472 2.84144 3.17508
2.15 -1.99579 0.991317 3.52539 3.70312
2.16 -1.9909 0.987419 4.14003 4.24803
2.17 -1.96451 0.977686 5.23194 3.95553
2.18 -1.97387 0.979803 5.57007 3.64125
2.19 -2.00107 1.00915 6.62399 4.12055
2.2 -1.98113 0.973284 7.42116 4.21075
2.21 -1.98526 0.993134 13.9407 5.27032
2.22 -1.98662 0.98126 8.12509 4.20031
2.23 -1.96574 0.947208 17.3538 4.70395
2.24 -1.99163 0.991867 22.0223 3.82399
2.25 -1.97603 0.966338 23.8954 4.218
2.26 -1.98253 0.858704 158.183 6.20429
2.27 -1.97809 0.876889 443.833 7.11252
2.28 -2.0043 1.07587 558.912 6.14403
2.29 -1.9537 0.765316 731.704 5.37475
2.3 -1.98735 1.01789 846.357 5.21418
2.31 -1.97631 1.20925 592.471 4.26165
2.32 -2.00817 1.0364 534.182 4.01541
2.33 -1.97391 0.967285 504.96 4.4539
2.34 -1.98453 0.784306 273.912 5.33552
2.35 -2.00294 0.957018 300.169 3.54195
2.36 -2.00273 0.936751 230.655 4.14416
2.37 -1.99698 1.07555 156.514 3.32203
2.38 -1.97793 0.882157 146.172 3.50075
2.39 -1.9978 1.01681 122.402 3.67927
