0.09
0.01 0.00244833
0.02 0.0049027
0.03 0.00736915
0.04 0.00985373
0.05 0.0123625
0.06 0.0149014
0.07 0.0174766
0.08 0.020094
0.09 0.0227598
0.1 0.0254799
0.11 0.0282605
0.12 0.0311074
0.13 0.0340268
0.14 0.0370246
0.15 0.0401069
0.16 0.0432796
0.17 0.0465488
0.18 0.0499205
0.19 0.0534005
0.2 0.0569948
0.21 0.0607093
0.22 0.0645499
0.23 0.0685225
0.24 0.0726329
0.25 0.0768868
0.26 0.08129
0.27 0.0858481
0.28 0.0905669
0.29 0.0954517
0.3 0.100508
0.31 0.105742
0.32 0.111157
0.33 0.116761
0.34 0.122557
0.35 0.128551
0.36 0.134748
0.37 0.141152
0.38 0.147768
0.39 0.154601
0.4 0.161655
0.41 0.168935
0.42 0.176443
0.43 0.184185
0.44 0.192164
0.45 0.200384
0.46 0.208847
0.47 0.217557
0.48 0.226516
0.49 0.235728
0.5 0.245195
0.51 0.254919
0.52 0.264901
0.53 0.275144
0.54 0.285649
0.55 0.296416
0.56 0.307447
0.57 0.318742
0.58 0.330301
0.59 0.342125
0.6 0.354212
0.61 0.366562
0.62 0.379174
0.63 0.392046
0.64 0.405177
0.65 0.418564
0.66 0.432206
0.67 0.446099
0.68 0.46024
0.69 0.474625
0.7 0.489252
0.71 0.504116
0.72 0.519212
0.73 0.534536
0.74 0.550082
0.75 0.565845
0.76 0.581819
0.77 0.597998
0.78 0.614376
0.79 0.630946
0.8 0.6477
0.81 0.664632
0.82 0.681734
0.83 0.698998
0.84 0.716416
0.85 0.73398
0.86 0.75168
0.87 0.769509
0.88 0.787457
0.89 0.805515
0.9 0.823673
0.91 0.841922
0.92 0.860253
0.93 0.878655
0.94 0.897118
0.95 0.915633
0.96 0.934188
0.97 0.952775
0.98 0.971382
