0.0005
0.01 1.73472e-18
0.02 3.46945e-18
0.03 3.46945e-18
0.04 0
0.05 0
0.06 -6.93889e-18
0.07 0
0.08 -1.38778e-17
0.09 0
0.1 1.38778e-17
0.11 1.38778e-17
0.12 1.38778e-17
0.13 0
0.14 0
0.15 -2.77556e-17
0.16 -2.77556e-17
0.17 2.77556e-17
0.18 0
0.19 2.77556e-17
0.2 0
0.21 -2.77556e-17
0.22 0
0.23 0
0.24 0
0.25 0
0.26 0
0.27 0
0.28 0
0.29 -1.11022e-16
0.3 -5.55112e-17
0.31 -5.55112e-17
0.32 -5.55112e-17
0.33 -5.55112e-17
0.34 -5.55112e-17
0.35 -1.11022e-16
0.36 -1.66533e-16
0.37 -1.66533e-16
0.38 -2.22045e-16
0.39 -2.22045e-16
0.4 -2.22045e-16
0.41 -2.22045e-16
0.42 -2.22045e-16
0.43 -1.66533e-16
0.44 -1.11022e-16
0.45 -5.55112e-17
0.46 0
0.47 5.55112e-17
0.48 0
0.49 -5.55112e-17
0.5 0
0.51 0
0.52 0
0.53 0
0.54 1.11022e-16
0.55 5.55112e-16
0.56 1.66533e-15
0.57 4.88498e-15
0.58 1.46549e-14
0.59 4.39648e-14
0.6 1.30007e-13
0.61 3.81029e-13
0.62 1.10822e-12
0.63 3.20088e-12
0.64 9.17555e-12
0.65 2.60992e-11
0.66 7.3633e-11
0.67 2.05952e-10
0.68 5.708e-10
0.69 1.56668e-09
0.7 4.25583e-09
0.71 1.14342e-08
0.72 3.03619e-08
0.73 7.9616e-08
0.74 2.05987e-07
0.75 5.25328e-07
0.76 1.31922e-06
0.77 3.25834e-06
0.78 7.90541e-06
0.79 1.88151e-05
0.8 4.38624e-05
0.81 9.99964e-05
0.82 0.000222551
0.83 0.000482645
0.84 0.00101799
0.85 0.00208407
0.86 0.00413305
0.87 0.00792467
0.88 0.0146644
0.89 0.0261479
0.9 0.0448679
0.91 0.0740195
0.92 0.11733
0.93 0.17866
0.94 0.261374
0.95 0.367566
0.96 0.497295
0.97 0.648069
0.98 0.814747
