0.10005
0 0
0.01 0.00292924
0.02 0.0058702
0.03 0.00881116
0.04 0.0117873
0.05 0.0147634
0.06 0.017798
0.07 0.0208327
0.08 0.0239492
0.09 0.0270657
0.1 0.0302873
0.11 0.033509
0.12 0.0368588
0.13 0.0402087
0.14 0.0437097
0.15 0.0472108
0.16 0.0508858
0.17 0.0545608
0.18 0.0584323
0.19 0.0623038
0.2 0.066394
0.21 0.0704843
0.22 0.0748151
0.23 0.079146
0.24 0.0837389
0.25 0.0883319
0.26 0.0932079
0.27 0.098084
0.28 0.103264
0.29 0.108443
0.3 0.113946
0.31 0.119449
0.32 0.125294
0.33 0.13114
0.34 0.137346
0.35 0.143552
0.36 0.150136
0.37 0.15672
0.38 0.163698
0.39 0.170676
0.4 0.178064
0.41 0.185452
0.42 0.193263
0.43 0.201074
0.44 0.209321
0.45 0.217568
0.46 0.226262
0.47 0.234956
0.48 0.244107
0.49 0.253257
0.5 0.262872
0.51 0.272487
0.52 0.282573
0.53 0.292659
0.54 0.303219
0.55 0.313779
0.56 0.324816
0.57 0.335854
0.58 0.347368
0.59 0.358882
0.6 0.370872
0.61 0.382861
0.62 0.395322
0.63 0.407782
0.64 0.420707
0.65 0.433633
0.66 0.447014
0.67 0.460396
0.68 0.474223
0.69 0.488049
0.7 0.502309
0.71 0.516568
0.72 0.531244
0.73 0.54592
0.74 0.560996
0.75 0.576071
0.76 0.591527
0.77 0.606982
0.78 0.622795
0.79 0.638609
0.8 0.654757
0.81 0.670904
0.82 0.68736
0.83 0.703817
0.84 0.720554
0.85 0.737292
0.86 0.754281
0.87 0.771271
0.88 0.788482
0.89 0.805694
0.9 0.823095
0.91 0.840496
0.92 0.858054
0.93 0.875612
0.94 0.893293
0.95 0.910975
0.96 0.928744
0.97 0.946514
0.98 0.964337
0.99 0.982159
1 1
