0.02
0 0
0.01 2.685134850907017e-07
0.02 5.370269701814034e-07
0.03 8.735384613919872e-07
0.04 1.21004995260604e-06
0.05 1.696674727699743e-06
0.06 2.183299502779568e-06
0.07000000000000001 2.932620383908069e-06
0.08 3.681941265015753e-06
0.09 4.858050348610643e-06
0.1 6.034159432233288e-06
0.11 7.881305361848168e-06
0.12 9.728451291449169e-06
0.13 1.261089953163985e-05
0.14 1.549334777184441e-05
0.15 1.995099908738696e-05
0.16 2.440865040295725e-05
0.17 3.123414479330733e-05
0.18 3.805963918360189e-05
0.19 4.840408435693999e-05
0.2 5.874852953027809e-05
0.21 7.426459612350222e-05
0.22 8.978066271672636e-05
0.23 0.0001128135094334848
0.24 0.0001358463561502155
0.25 0.0001696845669279246
0.26 0.0002035227777056337
0.27 0.0002527230328682739
0.28 0.0003019232880309697
0.29 0.0003727236097684772
0.3 0.0004435239315060402
0.31 0.0005443607301918729
0.32 0.0006451975288777612
0.33 0.0007873409562943467
0.34 0.0009294843837109323
0.35 0.001127804249661579
0.36 0.001326124115612171
0.37 0.001599994403808758
0.38 0.0018738646920054
0.39 0.002248208102278548
0.4 0.002622551512551641
0.41 0.003129016125773432
0.42 0.003635480738995167
0.43 0.00431372867099844
0.44 0.004991976603001713
0.45 0.005891049442946883
0.46 0.006790122282891997
0.47 0.007969830575696946
0.48 0.009149538868501894
0.49 0.01068180366257221
0.5 0.01221406845664252
0.51 0.01418412319186091
0.52 0.01615417792707929
0.53 0.01866152031735058
0.54 0.02116886270762175
0.55 0.02432783080383616
0.5600000000000001 0.02748679890005068
0.5700000000000001 0.03142663551442915
0.58 0.0353664721288075
0.59 0.04023073968063728
0.6 0.04509500723246707
0.61 0.05104022312914769
0.62 0.0569854390258282
0.63 0.064178821795845
0.64 0.0713722045658618
0.65 0.0799884542574204
0.66 0.0886047039489789
0.67 0.09882178691656474
0.68 0.1090388698841506
0.6900000000000001 0.1210328368460991
0.7000000000000001 0.1330268038080477
0.71 0.1469657383854472
0.72 0.1609046729628469
0.73 0.1769419417777045
0.74 0.1929792105925622
0.75 0.2112462600982556
0.76 0.229513309603949
0.77 0.2501123228763267
0.78 0.2707113361487045
0.79 0.2937081181617822
0.8 0.31670490017486
0.8100000000000001 0.3421223960840512
0.8200000000000001 0.3675398919932424
0.8300000000000001 0.395352754009059
0.84 0.4231656160248755
0.85 0.4532962165420101
0.86 0.4834268170591448
0.87 0.51574305699203
0.88 0.5480592969249154
0.89 0.5823744795340616
0.9 0.6166896621432079
0.91 0.6527645977066694
0.92 0.6888395332701308
0.93 0.7263869151831213
0.9400000000000001 0.7639342970961118
0.9500000000000001 0.8026252540927467
0.96 0.8413162110893814
0.97 0.8807888035808977
0.98 0.9202613960724142
0.99 0.9601306980362071
1 1
