0.10005
0 0
0.01 0.002932899539433337
0.02 0.005871650979015609
0.03 0.008822104764119227
0.04 0.01179010841591763
0.05 0.01478150503274041
0.06 0.01780213174776794
0.07000000000000001 0.02085781812883493
0.08 0.02395438450638752
0.09 0.02709764021598129
0.1 0.03029338174211664
0.11 0.03354739075068144
0.12 0.03686543199780902
0.13 0.04025325110355776
0.14 0.04371657217947844
0.15 0.04726109529985272
0.16 0.05089249380715802
0.17 0.05461641144314039
0.18 0.05843845929775313
0.19 0.06236421256914285
0.2 0.06639920712883232
0.21 0.07054893588725997
0.22 0.0748188449558827
0.23 0.07921432960313068
0.24 0.08374073000261489
0.25 0.08840332677312773
0.26 0.09320733631113673
0.27 0.09815790591765314
0.28 0.1032601087225498
0.29 0.1085189384106052
0.3 0.1139393037547611
0.31 0.1195260229632865
0.32 0.1252838178487474
0.33 0.1312173078278758
0.34 0.13733100376261
0.35 0.1436293016537439
0.36 0.1501164761997557
0.37 0.1567966742345
0.38 0.163673908058518
0.39 0.1707520486797595
0.4 0.1780348189805022
0.41 0.1855257868281985
0.42 0.1932283581488712
0.43 0.2011457699825155
0.44 0.2092810835407349
0.45 0.2176371772875485
0.46 0.2262167400649397
0.47 0.2350222642852859
0.48 0.2440560392132853
0.49 0.2533201443604123
0.5 0.2628164430152447
0.51 0.2725465759332483
0.52 0.2825119552097448
0.53 0.2927137583598464
0.54 0.3031529226291012
0.55 0.3138301395584614
0.5600000000000001 0.324745849826957
0.5700000000000001 0.3359002383951351
0.58 0.3472932299719026
0.59 0.3589244848268957
0.6 0.3707933949698826
0.61 0.3828990807180058
0.62 0.3952403876708616
0.63 0.4078158841125292
0.64 0.4206238588586764
0.65 0.4336623195658031
0.66 0.4469289915185327
0.67 0.4604213169096282
0.68 0.4741364546261063
0.6900000000000001 0.4880712805534402
0.7000000000000001 0.5022223884083987
0.71 0.5165860911095602
0.72 0.5311584226929763
0.73 0.5459351407788439
0.74 0.5609117295933846
0.75 0.5760834035484348
0.76 0.5914451113795113
0.77 0.6069915408413729
0.78 0.6227171239583117
0.79 0.6386160428246346
0.8 0.6546822359489941
0.8100000000000001 0.6709094051344529
0.8200000000000001 0.6872910228843808
0.8300000000000001 0.7038203403225357
0.84 0.7204903956139366
0.85 0.7372940228714504
0.86 0.7542238615313431
0.87 0.7712723661794445
0.88 0.7884318168080102
0.89 0.8056943294818717
0.9 0.8230518673910354
0.91 0.8404962522655344
0.92 0.8580191761270617
0.93 0.8756122133507231
0.9400000000000001 0.8932668330091461
0.9500000000000001 0.9109744114701777
0.96 0.9287262452184987
0.97 0.9465135638706821
0.98 0.9643275433525265
0.99 0.9821593192069178
1 1
