0.02
0 0
0.01 3.644030702829731e-07
0.02 7.492755617413693e-07
0.03 1.176046131382003e-06
0.04 1.668096846665912e-06
0.05 2.251828072029338e-06
0.06 2.957831513869524e-06
0.07000000000000001 3.822211392071062e-06
0.08 4.888097087749066e-06
0.09 6.207394874002681e-06
0.1 7.8428314834178e-06
0.11 9.870348317120303e-06
0.12 1.238191206560935e-05
0.13 1.548881539265023e-05
0.14 1.932555012468251e-05
0.15 2.405434506555504e-05
0.16 2.987047108143903e-05
0.17 3.700842740625432e-05
0.18 4.574913511803946e-05
0.19 5.64282762970103e-05
0.2 6.944593033747504e-05
0.21 8.527767203850289e-05
0.22 0.0001044873091766707
0.23 0.0001277414499593066
0.24 0.0001558261026906593
0.25 0.0001896655207161424
0.26 0.0002303435147417154
0.27 0.0002791274613813677
0.28 0.0003374952406296483
0.29 0.0004071653351913063
0.3 0.0004901303204615792
0.31 0.0005886939646420619
0.32 0.0007055121431461253
0.33 0.000843637749234627
0.34 0.001006569752858399
0.35 0.001198306521120074
0.36 0.001423403465807271
0.37 0.001687035025369488
0.38 0.001995060919900815
0.39 0.002354096537697248
0.4 0.002771587220503413
0.41 0.003255886111620088
0.42 0.003816335116838265
0.43 0.004463348403253964
0.44 0.005208497726292505
0.45 0.006064598732042348
0.46 0.007045797231947537
0.47 0.008167654292207449
0.48 0.009447228823464771
0.49 0.01090315620059107
0.5 0.01255572129107801
0.51 0.01442692412764185
0.52 0.01654053633038421
0.53 0.0189221462708401
0.54 0.0215991908792591
0.55 0.02460097193246824
0.5600000000000001 0.02795865462759595
0.5700000000000001 0.03170524625164328
0.58 0.03587555280294907
0.59 0.0405061115121873
0.6 0.04563509735123639
0.61 0.05130220181093958
0.62 0.05754848247535005
0.63 0.06441618222143064
0.64 0.07194851722898532
0.65 0.08018943339420292
0.66 0.08918333119845245
0.67 0.09897475958729129
0.68 0.1096080799568746
0.6900000000000001 0.1211271019183922
0.7000000000000001 0.1335746931066696
0.71 0.1469923659061031
0.72 0.161419844573919
0.73 0.1768946168345713
0.74 0.1934514745863928
0.75 0.2111220488883638
0.76 0.2299343448668967
0.77 0.2499122825858952
0.78 0.2710752502446901
0.79 0.2934376762953785
0.8 0.3170086271926271
0.8100000000000001 0.3417914374959096
0.8200000000000001 0.3677833789292931
0.8300000000000001 0.3949753747625939
0.84 0.4233517655079827
0.85 0.4528901314288228
0.86 0.4835611767365948
0.87 0.5153286796142005
0.88 0.5481495113597725
0.89 0.5819737270073093
0.9 0.6167447287646604
0.91 0.6523995025336892
0.92 0.6888689266619192
0.93 0.7260781509413251
0.9400000000000001 0.7639470427409051
0.9500000000000001 0.8023906960585504
0.96 0.8413199982277055
0.97 0.880642248037946
0.98 0.9202618181471666
0.99 0.9600808538960532
1 1
