Analytical eigenvalues:
3.00814
6.99375
10.9703
14.9413
18.9517
23.1924
27.9647
33.4423
39.6464
46.5478
54.1101
62.2968
71.0717
80.3976
90.2362
100.548
111.291
122.424
133.901
145.678
157.707
169.942
182.332
194.829
207.384
219.946
232.465
244.891
257.174
269.266
281.117
292.68
303.909
314.758
325.182
335.14
344.59
353.492
361.808
369.502
376.536
382.873
388.471
393.274
397.197
400.274
403.551
408.106
414.676
Computed eigenvalues:
3.00814
6.99375
10.9703
14.9413
18.9517
23.1924
27.9647
33.4423
39.6464
46.5478
54.1101
62.2968
71.0717
80.3976
90.2362
100.548
111.291
122.424
133.901
145.678
157.707
169.942
182.332
194.829
207.384
219.946
232.465
244.891
257.174
269.266
281.117
292.68
303.909
314.758
325.182
335.14
344.59
353.492
361.808
369.502
376.536
382.873
388.471
393.274
397.197
400.274
403.551
408.106
414.676
