Analytical eigenvalues:
1.4941
3.53859
6.73274
11.1208
16.7138
23.5134
31.5167
40.718
51.1098
62.6827
75.4261
89.3278
104.375
120.552
137.844
156.234
175.704
196.234
217.806
240.396
263.985
288.547
314.059
340.495
367.831
396.038
425.09
454.956
485.609
517.017
549.15
581.976
615.462
649.577
684.285
719.553
755.345
791.628
828.364
865.518
903.053
940.932
979.117
1017.57
1056.26
1095.13
1134.17
1173.31
1212.54
1251.8
1291.07
1330.29
1369.44
1408.47
1447.34
1486.02
1524.48
1562.66
1600.53
1638.06
1675.21
1711.94
1748.22
1784
1819.26
1853.96
1888.07
1921.54
1954.36
1986.48
2017.88
2048.52
2078.37
2107.41
2135.6
2162.92
2189.34
2214.83
2239.37
2262.94
2285.51
2307.06
2327.56
2347
2365.36
2382.62
2398.77
2413.78
2427.64
2440.33
2451.85
2462.19
2471.32
2479.25
2485.96
2491.44
2495.68
2498.66
2500.3
Computed eigenvalues:
1.4941
3.53859
6.73274
11.1208
16.7138
23.5134
31.5167
40.718
51.1098
62.6827
75.4261
89.3278
104.375
120.552
137.844
156.234
175.704
196.234
217.806
240.396
263.985
288.547
314.059
340.495
367.831
396.038
425.09
454.956
485.609
517.017
549.15
581.976
615.462
649.577
684.285
719.553
755.345
791.628
828.364
865.518
903.053
940.932
979.117
1017.57
1056.26
1095.13
1134.17
1173.31
1212.54
1251.8
1291.07
1330.29
1369.44
1408.47
1447.34
1486.02
1524.48
1562.66
1600.53
1638.06
1675.21
1711.94
1748.22
1784
1819.26
1853.96
1888.07
1921.54
1954.36
1986.48
2017.88
2048.52
2078.37
2107.41
2135.6
2162.92
2189.34
2214.83
2239.37
2262.94
2285.51
2307.06
2327.56
2347
2365.36
2382.62
2398.77
2413.78
2427.64
2440.33
2451.85
2462.19
2471.32
2479.25
2485.96
2491.44
2495.68
2498.66
2500.3
