Analytical eigenvalues:
3.27688
7.23457
11.2869
15.7894
21.264
27.9445
35.8587
44.9935
55.3339
66.8659
79.5761
93.4506
108.475
124.635
141.914
160.294
179.759
200.289
221.864
244.464
268.065
292.647
318.184
344.653
372.026
400.279
429.384
459.312
490.035
521.523
553.745
586.671
620.269
654.505
689.347
724.762
760.715
797.171
834.095
871.451
909.204
947.316
985.751
1024.47
1063.44
1102.62
1141.97
1181.46
1221.04
1260.68
1300.34
1339.99
1379.57
1419.06
1458.42
1497.6
1536.58
1575.31
1613.75
1651.87
1689.63
1727
1763.94
1800.41
1836.37
1871.8
1906.66
1940.91
1974.52
2007.46
2039.7
2071.2
2101.94
2131.88
2161
2189.27
2216.66
2243.14
2268.7
2293.29
2316.91
2339.52
2361.1
2381.64
2401.12
2419.51
2436.79
2452.96
2467.98
2481.86
2494.57
2506.1
2516.43
2525.55
2533.45
2540.09
2545.43
2549.37
2552.71
2557.78
Computed eigenvalues:
3.27688
7.23457
11.2869
15.7894
21.264
27.9445
35.8587
44.9935
55.3339
66.8659
79.5761
93.4506
108.475
124.635
141.914
160.294
179.759
200.289
221.864
244.464
268.065
292.647
318.184
344.653
372.026
400.279
429.384
459.312
490.035
521.523
553.745
586.671
620.269
654.505
689.347
724.762
760.715
797.171
834.095
871.451
909.204
947.316
985.751
1024.47
1063.44
1102.62
1141.97
1181.46
1221.04
1260.68
1300.34
1339.99
1379.57
1419.06
1458.42
1497.6
1536.58
1575.31
1613.75
1651.87
1689.63
1727
1763.94
1800.41
1836.37
1871.8
1906.66
1940.91
1974.52
2007.46
2039.7
2071.2
2101.94
2131.88
2161
2189.27
2216.66
2243.14
2268.7
2293.29
2316.91
2339.52
2361.1
2381.64
2401.12
2419.51
2436.79
2452.96
2467.98
2481.86
2494.57
2506.1
2516.43
2525.55
2533.45
2540.09
2545.43
2549.37
2552.71
2557.78
