2.3625 -1.25177 0.230504 33.6854 1.33617
2.36287 -1.24773 0.239022 34.608 1.28564
2.36325 -1.25454 0.2395 36.3292 1.34712
2.36362 -1.24614 0.196242 32.6299 1.27266
2.364 -1.24889 0.207923 32.3308 1.18402
2.36437 -1.24729 0.215205 30.741 1.30431
2.36475 -1.24677 0.227302 32.6902 1.36931
2.36512 -1.24397 0.186128 30.8744 1.28453
2.3655 -1.24506 0.214599 32.5572 1.29477
2.36587 -1.24101 0.184779 26.6488 1.24234
2.36625 -1.24629 0.200587 33.3545 1.28928
2.36662 -1.24981 0.265599 44.4055 1.58814
2.367 -1.24514 0.23719 34.7414 1.38665
2.36738 -1.24206 0.20342 27.12 1.2482
2.36775 -1.24717 0.222496 34.596 1.33187
2.36813 -1.24265 0.209121 29.3345 1.27052
2.3685 -1.24279 0.207448 28.6054 1.26974
2.36887 -1.23943 0.2238 31.1885 1.32507
2.36925 -1.2441 0.242234 27.2506 1.27358
2.36962 -1.24432 0.235905 35.4334 1.29076
2.37 -1.24256 0.22518 34.0499 1.25288
2.37037 -1.24414 0.251567 38.9763 1.39145
2.37075 -1.23692 0.200979 36.799 1.4331
2.37112 -1.24788 0.271882 34.757 1.33921
2.3715 -1.23777 0.187138 29.1753 1.29489
2.37187 -1.23903 0.197909 26.378 1.3404
2.37225 -1.23542 0.189754 24.9904 1.20065
2.37262 -1.2399 0.231516 42.6518 1.47457
2.373 -1.23828 0.210456 26.4893 1.2626
2.37337 -1.23563 0.186865 32.1968 1.34558
2.37375 -1.23213 0.170151 22.8384 1.2372
2.37412 -1.23449 0.207928 30.443 1.17635
2.3745 -1.23079 0.1951 26.6195 1.21275
2.37487 -1.23149 0.168195 23.7063 1.22842
2.37525 -1.23306 0.209813 31.6251 1.27941
2.37562 -1.23409 0.190767 25.3626 1.22501
2.376 -1.24328 0.246642 32.4805 1.30566
2.37637 -1.23312 0.198576 36.8069 1.35633
2.37675 -1.23025 0.19711 25.6914 1.24665
2.37712 -1.23019 0.209846 29.5693 1.1989
2.3775 -1.23537 0.227106 35.7813 1.334
2.37787 -1.23284 0.221293 28.9277 1.26027
2.37825 -1.22837 0.194098 27.5497 1.25873
2.37862 -1.22756 0.187641 25.3304 1.15937
2.379 -1.23229 0.214611 31.919 1.23143
2.37938 -1.22706 0.197834 29.3859 1.19702
2.37975 -1.23007 0.215619 33.1373 1.3075
2.38013 -1.22472 0.17534 25.7211 1.23814
2.3805 -1.22689 0.183169 28.7813 1.26931
2.38088 -1.231 0.212226 29.7759 1.28436
2.38125 -1.22777 0.195848 29.1626 1.26878
2.38162 -1.22411 0.211406 29.1571 1.17008
2.382 -1.22898 0.196724 32.2696 1.32453
2.38237 -1.22413 0.18208 25.2282 1.19137
2.38275 -1.22801 0.207842 28.1468 1.20787
2.38312 -1.22571 0.187728 28.2559 1.26427
2.3835 -1.22518 0.204374 24.6817 1.24305
2.38387 -1.22688 0.195783 27.4647 1.25162
2.38425 -1.22762 0.201337 28.5777 1.1955
2.38462 -1.22417 0.193669 29.2956 1.23798
2.385 -1.22404 0.204453 31.8083 1.27919
2.38537 -1.22436 0.195038 31.2253 1.30734
2.38575 -1.22223 0.204597 32.7398 1.29896
2.38612 -1.22195 0.211086 27.5003 1.27964
2.3865 -1.22241 0.174001 24.9156 1.2577
2.38687 -1.2132 0.161427 22.3741 1.19194
2.38725 -1.22402 0.210357 29.0607 1.24457
2.38762 -1.21622 0.17271 22.0211 1.18
2.388 -1.21773 0.175899 21.6701 1.20744
2.38837 -1.21585 0.152782 20.417 1.07078
2.38875 -1.21604 0.172473 24.8552 1.13046
2.38912 -1.21245 0.161523 22.1942 1.17642
2.3895 -1.21512 0.166834 21.0592 1.21271
2.38987 -1.21849 0.184981 27.6752 1.18193
2.39025 -1.21671 0.195376 26.5861 1.25289
2.39062 -1.21708 0.174497 22.0344 1.1359
2.391 -1.21071 0.150306 20.9157 1.12855
2.39138 -1.2167 0.195044 25.8145 1.13668
2.39175 -1.21133 0.159148 21.0667 1.18967
2.39213 -1.21456 0.191172 21.3609 1.22278
2.3925 -1.21058 0.168219 23.3309 1.08835
2.39288 -1.21612 0.194984 31.1559 1.19761
2.39325 -1.214 0.181436 24.7452 1.18579
2.39363 -1.20977 0.182613 22.3986 1.17737
2.394 -1.21334 0.178787 22.0933 1.217
2.39437 -1.21277 0.19333 21.7845 1.10666
2.39475 -1.20764 0.162268 21.9213 1.15711
2.39512 -1.21222 0.176369 24.2229 1.17472
2.3955 -1.20881 0.161909 22.3852 1.11331
2.39587 -1.20734 0.174052 22.4791 1.24533
2.39625 -1.21271 0.18713 22.2984 1.1197
2.39662 -1.20534 0.158594 19.8232 1.18184
2.397 -1.20843 0.151963 18.4038 1.0928
2.39737 -1.20662 0.157238 19.0692 1.11975
2.39775 -1.20521 0.183501 20.5653 1.18731
2.39812 -1.21114 0.206094 28.3421 1.16965
2.3985 -1.20698 0.196726 20.4228 1.09907
2.39887 -1.20659 0.184581 29.1022 1.20267
2.39925 -1.20611 0.179703 20.0212 1.09706
2.39962 -1.20143 0.149119 17.3232 1.07477
