2.325 -1.31733 0.406069 46.8951 1.86421
2.32538 -1.30254 0.323752 48.1077 1.50148
2.32575 -1.30392 0.316367 51.4718 1.70587
2.32613 -1.30688 0.340079 60.8296 1.78736
2.3265 -1.30964 0.36304 59.284 2.0386
2.32688 -1.30944 0.338119 52.5959 1.67954
2.32725 -1.30397 0.318518 46.7886 1.56312
2.32763 -1.30169 0.308127 56.9821 1.69833
2.328 -1.30348 0.325314 52.0723 1.61395
2.32838 -1.30092 0.319014 46.7129 1.55739
2.32875 -1.30486 0.330569 51.1457 1.70132
2.32913 -1.29361 0.286886 49.7241 1.62533
2.3295 -1.30127 0.313312 63.3101 1.76456
2.32988 -1.30199 0.324509 46.36 1.52507
2.33025 -1.29665 0.305495 45.5829 1.5996
2.33063 -1.28541 0.22575 34.1009 1.33438
2.331 -1.30192 0.350082 49.7504 1.8056
2.33137 -1.2905 0.278915 45.1236 1.61298
2.33175 -1.29375 0.2899 52.0098 1.60068
2.33213 -1.29669 0.344347 56.8648 1.87013
2.3325 -1.29062 0.28183 45.9187 1.52548
2.33288 -1.29533 0.317437 41.9181 1.51511
2.33325 -1.29377 0.302041 55.8038 1.77796
2.33363 -1.29097 0.309393 40.0536 1.46825
2.334 -1.289 0.2729 47.8418 1.47622
2.33438 -1.29284 0.311745 49.9849 1.67055
2.33475 -1.28392 0.260544 38.3217 1.48032
2.33513 -1.28703 0.248857 43.7524 1.43066
2.3355 -1.28708 0.292924 45.2386 1.56098
2.33588 -1.29757 0.354783 50.8775 1.72703
2.33625 -1.29349 0.312521 42.0036 1.613
2.33663 -1.28984 0.28881 49.7262 1.62912
2.337 -1.28904 0.308987 51.4286 1.73706
2.33738 -1.28495 0.295749 54.0906 1.77297
2.33775 -1.28287 0.251309 44.8241 1.53837
2.33813 -1.28204 0.294503 44.4144 1.68137
2.3385 -1.29328 0.343626 46.0922 1.73224
2.33888 -1.28325 0.265603 40.3327 1.37509
2.33925 -1.291 0.347634 44.7649 1.69231
2.33963 -1.27739 0.212209 39.7026 1.30192
2.34 -1.28366 0.300833 40.8963 1.54762
2.34038 -1.29369 0.35998 47.9116 1.58174
2.34075 -1.28309 0.270958 53.2923 1.71888
2.34113 -1.27769 0.261841 40.3161 1.35701
2.3415 -1.29068 0.333143 61.5125 1.99343
2.34188 -1.27527 0.242529 40.5049 1.49678
2.34225 -1.29137 0.330266 57.8205 1.61222
2.34263 -1.29328 0.343269 55.676 1.83158
2.343 -1.27853 0.262374 43.2816 1.59126
2.34338 -1.27732 0.293998 37.9634 1.3914
2.34375 -1.28062 0.293011 45.3166 1.36695
2.34413 -1.27351 0.264945 44.7637 1.50988
2.3445 -1.27485 0.255741 41.052 1.43739
2.34488 -1.28162 0.292955 48.2562 1.5735
2.34525 -1.27183 0.255288 40.2972 1.34046
2.34563 -1.26707 0.216523 29.1373 1.33852
2.346 -1.26763 0.218398 27.7051 1.2028
2.34638 -1.27881 0.290064 45.4941 1.56009
2.34675 -1.27611 0.313617 39.4473 1.50906
2.34713 -1.26667 0.230546 39.6055 1.41911
2.3475 -1.27329 0.265658 39.0803 1.30603
2.34788 -1.2705 0.264151 39.4769 1.36975
2.34825 -1.26717 0.244625 41.0751 1.45985
2.34863 -1.27577 0.292654 50.103 1.60516
2.349 -1.27132 0.271198 47.0778 1.50897
2.34938 -1.25962 0.183868 28.5156 1.22825
2.34975 -1.26532 0.259029 35.5818 1.39245
2.35013 -1.26258 0.229381 33.3844 1.41645
2.3505 -1.26491 0.242977 40.5597 1.35749
2.35088 -1.26752 0.23601 43.4601 1.56765
2.35125 -1.26375 0.226583 36.4042 1.33975
2.35163 -1.26283 0.241579 39.2423 1.50274
2.352 -1.27209 0.270439 45.3055 1.48745
2.35238 -1.26833 0.246753 38.2158 1.43907
2.35275 -1.26118 0.221735 37.9471 1.44071
2.35313 -1.26436 0.257061 35.0766 1.41109
2.3535 -1.26389 0.252849 38.5059 1.42001
2.35388 -1.25666 0.193991 29.3262 1.2252
2.35425 -1.26057 0.231853 40.9569 1.42127
2.35463 -1.2592 0.240191 35.015 1.23541
2.355 -1.25942 0.236935 33.8145 1.36411
2.35538 -1.25645 0.238603 40.3106 1.41267
2.35575 -1.2609 0.297295 34.817 1.42794
2.35613 -1.25536 0.223314 27.9411 1.15455
2.3565 -1.25207 0.186827 27.6069 1.21443
2.35688 -1.25758 0.242017 34.6033 1.36592
2.35725 -1.26042 0.272176 40.3944 1.50949
2.35763 -1.26052 0.260126 41.8192 1.39727
2.358 -1.25394 0.221401 38.3953 1.42817
2.35838 -1.25072 0.230887 37.1583 1.32862
2.35875 -1.25765 0.244674 37.1586 1.38625
2.35913 -1.2608 0.264272 43.7492 1.53967
2.3595 -1.25649 0.238523 33.19 1.32262
2.35988 -1.25663 0.233781 35.6874 1.33967
2.36025 -1.24454 0.188482 28.0847 1.25655
2.36063 -1.25449 0.265865 30.9757 1.40757
2.361 -1.24831 0.191514 28.1518 1.23137
2.36138 -1.251 0.229089 30.3078 1.2299
2.36175 -1.24745 0.210418 30.8752 1.26292
2.36213 -1.25257 0.262018 33.9479 1.39142
