2.3625 -1.24899 0.187692 46.2101 1.36196
2.36287 -1.24816 0.149453 30.7932 1.25352
2.36325 -1.24685 0.176454 42.6613 1.24547
2.36362 -1.25003 0.192619 43.1375 1.32371
2.364 -1.24195 0.141629 30.0775 1.28838
2.36437 -1.25353 0.231206 47.3446 1.3862
2.36475 -1.2414 0.121225 26.1769 1.21372
2.36512 -1.2418 0.136268 23.7142 1.19957
2.3655 -1.24411 0.147605 26.5725 1.3148
2.36587 -1.24085 0.138747 29.4116 1.21683
2.36625 -1.24591 0.202597 35.1149 1.25565
2.36662 -1.24441 0.157075 41.3864 1.17079
2.367 -1.2398 0.152764 27.7886 1.20319
2.36738 -1.2394 0.131186 36.6931 1.27879
2.36775 -1.24381 0.173841 43.825 1.20931
2.36813 -1.24207 0.157789 39.5795 1.22536
2.3685 -1.23997 0.175811 31.2461 1.22385
2.36887 -1.23745 0.147069 30.5865 1.18539
2.36925 -1.2399 0.133071 21.8592 1.166
2.36962 -1.23945 0.160641 37.9529 1.34401
2.37 -1.23708 0.145835 26.3492 1.19238
2.37037 -1.23376 0.0972554 15.9681 1.16697
2.37075 -1.2371 0.139852 25.841 1.29838
2.37112 -1.2422 0.155444 35.055 1.32056
2.3715 -1.24038 0.15337 38.5845 1.14788
2.37187 -1.23917 0.146056 31.7883 1.22426
2.37225 -1.23519 0.143563 24.346 1.22959
2.37262 -1.2357 0.130613 19.0184 1.25246
2.373 -1.23544 0.132819 20.7829 1.18047
2.37337 -1.23926 0.179312 34.5708 1.20572
2.37375 -1.24078 0.200456 39.1806 1.24265
2.37412 -1.23331 0.171933 36.3819 1.2559
2.3745 -1.23012 0.142677 21.8573 1.17427
2.37487 -1.2338 0.156617 27.1646 1.19805
2.37525 -1.23009 0.126741 19.8205 1.2136
2.37562 -1.22819 0.132192 22.7487 1.16273
2.376 -1.22776 0.131423 18.9507 1.13743
2.37637 -1.23276 0.165028 30.419 1.27833
2.37675 -1.22818 0.129054 18.868 1.07907
2.37712 -1.22936 0.148835 24.8711 1.14039
2.3775 -1.22801 0.145817 28.5343 1.22843
2.37787 -1.22736 0.131704 25.3404 1.17386
2.37825 -1.22942 0.137466 26.8332 1.18855
2.37862 -1.22829 0.130271 22.0312 1.16155
2.379 -1.22843 0.175091 37.2259 1.27972
2.37938 -1.23031 0.1684 38.737 1.20575
2.37975 -1.23027 0.15979 33.0371 1.23678
2.38013 -1.22856 0.13956 36.0953 1.32163
2.3805 -1.22772 0.113622 21.4341 1.20829
2.38088 -1.22486 0.13711 21.4463 1.11533
2.38125 -1.22661 0.145143 24.9648 1.16781
2.38162 -1.22624 0.17355 51.2708 1.41368
2.382 -1.23093 0.176647 45.6618 1.36241
2.38237 -1.22189 0.140914 22.3196 1.236
2.38275 -1.22073 0.122756 26.0909 1.13615
2.38312 -1.22688 0.175257 35.1697 1.24358
2.3835 -1.22137 0.162389 25.8162 1.19489
2.38387 -1.22444 0.155159 30.6453 1.1943
2.38425 -1.22131 0.161627 32.3247 1.22491
2.38462 -1.22208 0.13809 28.175 1.13605
2.385 -1.22246 0.138147 23.2789 1.16664
2.38537 -1.21954 0.156713 28.671 1.1175
2.38575 -1.22389 0.151059 36.6345 1.30058
2.38612 -1.22501 0.161489 37.2873 1.21976
2.3865 -1.22148 0.160944 31.2889 1.1469
2.38687 -1.21939 0.149957 29.8431 1.20937
2.38725 -1.21884 0.127254 21.4999 1.12273
2.38762 -1.21534 0.120811 21.5712 1.08979
2.388 -1.21569 0.120607 24.5812 1.11923
2.38837 -1.2216 0.177642 38.5896 1.23257
2.38875 -1.21672 0.126621 24.7675 1.14853
2.38912 -1.21565 0.128891 19.7192 1.24467
2.3895 -1.21428 0.102706 17.8589 1.09676
2.38987 -1.21383 0.115674 15.4086 1.111
2.39025 -1.21617 0.163375 31.4959 1.16199
2.39062 -1.21472 0.119759 19.8676 1.17577
2.391 -1.21652 0.161323 32.2689 1.18608
2.39138 -1.21514 0.138568 29.9247 1.20775
2.39175 -1.21111 0.117327 18.4018 1.12697
2.39213 -1.2099 0.116097 22.5445 1.15291
2.3925 -1.21342 0.133685 23.2762 1.17096
2.39288 -1.21436 0.157145 25.6109 1.20208
2.39325 -1.21117 0.114745 17.4986 1.05325
2.39363 -1.20856 0.104106 15.1937 1.14663
2.394 -1.20886 0.120693 18.3654 1.16217
2.39437 -1.20749 0.106788 15.1679 1.08507
2.39475 -1.21091 0.131846 24.5533 1.06932
2.39512 -1.20749 0.110748 21.0849 1.16591
2.3955 -1.20898 0.139476 30.4205 1.12415
2.39587 -1.21009 0.116383 18.3492 1.14111
2.39625 -1.21081 0.163003 32.8864 1.16404
2.39662 -1.20712 0.125844 24.6083 1.08151
2.397 -1.20933 0.127149 21.0483 1.09805
2.39737 -1.2064 0.111541 19.5763 1.07155
2.39775 -1.20641 0.119987 23.616 1.11328
2.39812 -1.20649 0.149438 29.7698 1.14555
2.3985 -1.20443 0.125563 19.8935 1.10836
2.39887 -1.20555 0.135217 22.8564 1.11769
2.39925 -1.2036 0.137741 27.817 1.039
2.39962 -1.20432 0.104351 14.9385 0.984378
