2.25 -1.46571 0.689098 22.2837 2.32706
2.25038 -1.46468 0.688864 15.2293 1.72915
2.25075 -1.46838 0.701176 9.69658 1.56793
2.25113 -1.46368 0.680361 25.3809 1.90071
2.2515 -1.46299 0.681297 21.2372 1.94891
2.25188 -1.46442 0.683664 25.5629 1.87886
2.25225 -1.456 0.657886 27.2812 1.96494
2.25263 -1.45417 0.646656 48.6288 2.23785
2.253 -1.46253 0.69024 10.2179 1.65475
2.25338 -1.45592 0.667195 22.1809 1.80446
2.25375 -1.44222 0.586699 119.974 3.01233
2.25413 -1.45966 0.665562 40.2117 2.0704
2.2545 -1.46099 0.687852 16.8544 1.84253
2.25488 -1.44996 0.654675 23.4547 1.88573
2.25525 -1.45582 0.665733 23.8497 1.97348
2.25563 -1.44916 0.660568 11.2189 1.55731
2.256 -1.43953 0.588782 49.4412 2.10981
2.25637 -1.45889 0.692141 9.73031 1.61984
2.25675 -1.44919 0.656097 20.78 1.87614
2.25712 -1.45192 0.676036 10.935 1.62032
2.2575 -1.44943 0.659073 22.5484 2.06555
2.25787 -1.45691 0.690327 7.28602 1.50981
2.25825 -1.44384 0.626456 60.3118 2.62624
2.25862 -1.44734 0.658337 17.5101 1.98992
2.259 -1.43583 0.574933 80.9261 2.45511
2.25937 -1.4429 0.635082 49.7106 2.73875
2.25975 -1.45012 0.669308 19.4081 1.87386
2.26012 -1.44675 0.653792 25.8156 2.07244
2.2605 -1.43743 0.630195 23.818 1.85264
2.26087 -1.44486 0.656793 19.5621 2.27804
2.26125 -1.45112 0.679707 15.3481 1.89164
2.26162 -1.45133 0.677353 12.479 1.70828
2.262 -1.4221 0.494799 86.014 1.90156
2.26238 -1.44191 0.641675 28.0267 2.17426
2.26275 -1.41965 0.530443 102.304 2.72123
2.26313 -1.44006 0.632379 85.2947 2.76408
2.2635 -1.42725 0.496857 219.837 2.34939
2.26388 -1.41584 0.431998 232.095 2.76394
2.26425 -1.44178 0.658302 19.5717 1.95305
2.26463 -1.4452 0.673794 11.4433 1.73995
2.265 -1.43971 0.656023 22.5542 2.10455
2.26538 -1.43929 0.654098 18.0702 1.79661
2.26575 -1.43332 0.622402 29.9692 1.92944
2.26613 -1.42939 0.599661 67.5455 2.77901
2.2665 -1.42875 0.590219 42.9658 2.2509
2.26688 -1.39859 0.381232 169.97 2.06076
2.26725 -1.4168 0.530055 121.347 2.87482
2.26763 -1.43976 0.649682 19.9312 1.84661
2.268 -1.42881 0.629917 14.3964 1.74158
2.26838 -1.42627 0.607645 39.5145 2.06379
2.26875 -1.42736 0.617597 24.9786 1.98417
2.26912 -1.41737 0.591127 36.8893 2.11286
2.2695 -1.42607 0.609504 28.3529 2.06856
2.26987 -1.41702 0.588259 26.69 2.05782
2.27025 -1.42365 0.613116 48.17 2.65614
2.27062 -1.43482 0.661198 13.5756 1.73987
2.271 -1.42994 0.635455 24.1775 1.80363
2.27137 -1.41018 0.538097 40.9177 1.76838
2.27175 -1.3985 0.465245 118.047 1.96063
2.27212 -1.41586 0.559894 84.4706 2.26538
2.2725 -1.41401 0.582187 35.5007 1.95003
2.27287 -1.42466 0.626133 30.168 2.08683
2.27325 -1.43219 0.658723 16.9708 2.08207
2.27363 -1.40295 0.480699 91.7163 2.30894
2.274 -1.41066 0.569618 39.542 2.0105
2.27438 -1.41618 0.605935 23.7749 1.89104
2.27475 -1.41916 0.612687 29.8751 1.89277
2.27513 -1.40066 0.527891 49.003 2.41359
2.2755 -1.40908 0.559445 52.6823 1.90952
2.27588 -1.40873 0.570704 48.3422 2.11162
2.27625 -1.4107 0.555938 56.2256 2.02027
2.27663 -1.41825 0.612767 30.0531 1.62227
2.277 -1.39115 0.420718 176.337 2.80438
2.27738 -1.40918 0.560167 100.392 2.72788
2.27775 -1.41003 0.592627 31.0373 2.18113
2.27813 -1.39094 0.395609 287.12 3.08047
2.2785 -1.37385 0.221493 138.687 1.77027
2.27888 -1.4121 0.588825 43.4936 2.17608
2.27925 -1.36811 0.269727 97.4099 1.97268
2.27963 -1.35773 0.100427 34.4423 1.49125
2.28 -1.38267 0.425172 195.787 2.55702
2.28038 -1.40405 0.583372 38.1362 2.15228
2.28075 -1.39999 0.573038 36.4233 1.95945
2.28113 -1.40951 0.608635 21.6858 1.97311
2.2815 -1.40148 0.516911 201.861 2.97102
2.28187 -1.39226 0.493861 120.031 2.7959
2.28225 -1.37392 0.294231 166.503 1.88772
2.28262 -1.3922 0.521574 55.6457 1.8935
2.283 -1.39342 0.553548 28.1846 1.87508
2.28337 -1.40094 0.589811 27.3542 2.00363
2.28375 -1.37528 0.394742 79.8326 2.03757
2.28412 -1.39927 0.56237 38.0975 1.90115
2.2845 -1.37865 0.408054 205.458 2.70421
2.28487 -1.37934 0.426934 118.775 1.97546
2.28525 -1.37197 0.414754 93.2855 2.22749
2.28563 -1.41421 0.640721 13.8453 1.81353
2.286 -1.3703 0.376987 125.935 2.02168
2.28638 -1.37528 0.374126 118.649 1.55681
2.28675 -1.36767 0.320769 137.071 1.67437
2.28713 -1.3674 0.297746 200.894 2.16861
