<<<<<<< HEAD
2.1 -1.66105 0.868211 0.899242 0.972013
2.10375 -1.65855 0.86725 0.906487 0.944506
2.1075 -1.65344 0.86334 1.02434 1.0083
2.11125 -1.65064 0.861769 1.01856 0.984521
2.115 -1.64815 0.86106 1.10608 1.01512
2.11875 -1.64433 0.85905 1.01832 0.980065
2.1225 -1.6385 0.853751 1.28837 1.04878
2.12625 -1.63467 0.851572 1.28435 1.05297
2.13 -1.63106 0.850039 1.15206 1.0195
2.13375 -1.62704 0.846469 1.44376 1.02585
2.1375 -1.62216 0.842447 1.85931 1.11905
2.14125 -1.61968 0.841827 1.47945 1.07584
2.145 -1.61609 0.84046 1.49411 1.10017
2.14875 -1.61122 0.838089 1.48707 1.12482
2.1525 -1.6098 0.837948 1.36081 1.11444
2.15625 -1.59974 0.824946 3.02357 1.24013
2.16 -1.59624 0.822851 2.64092 1.20679
2.16375 -1.59383 0.820924 3.90594 1.2455
2.1675 -1.58694 0.818122 2.44134 1.21774
2.17125 -1.58026 0.808948 3.79762 1.35018
2.175 -1.57984 0.816847 1.78352 1.14755
2.17875 -1.57739 0.814207 2.21716 1.21097
2.1825 -1.56979 0.807243 2.43056 1.24982
2.18625 -1.56812 0.807762 2.35214 1.21375
2.19 -1.55854 0.794853 2.92079 1.23621
2.19375 -1.55585 0.795101 2.99582 1.31771
2.1975 -1.55131 0.791429 3.56753 1.3121
2.20125 -1.54295 0.778626 4.97657 1.46297
2.205 -1.5367 0.775735 4.27228 1.42992
2.20875 -1.53351 0.773515 3.96654 1.36103
2.2125 -1.53077 0.772095 4.42131 1.41092
2.21625 -1.51756 0.747087 9.36934 1.63378
2.22 -1.52189 0.768199 4.15662 1.36951
2.22375 -1.50969 0.749676 8.34787 1.68491
2.2275 -1.50352 0.743201 6.8929 1.52233
2.23125 -1.49402 0.726385 9.96194 1.58837
2.235 -1.49632 0.732787 10.8944 1.82365
2.23875 -1.49188 0.729985 9.71043 1.69758
2.2425 -1.48047 0.715038 11.7114 1.68715
2.24625 -1.47128 0.694615 15.7581 1.82421
=======
2.2 -1.54584 0.78343 5.0368 1.42234
2.20625 -1.53706 0.774844 6.52953 1.48727
>>>>>>> 8dc16e33635cd2a4d57c39d3001d0c20a59f3124
