2.325 -1.3043 0.210146 107.966 1.90298
2.32538 -1.29552 0.143332 31.5908 1.37798
2.32575 -1.30487 0.256475 92.0004 1.66795
2.32613 -1.29949 0.188458 59.5216 1.50966
2.3265 -1.29327 0.162321 55.7912 1.44446
2.32688 -1.30069 0.204037 57.5219 1.3723
2.32725 -1.29784 0.196117 94.1978 1.60281
2.32763 -1.29879 0.179081 67.1343 1.64472
2.328 -1.29711 0.195742 62.9637 1.46055
2.32838 -1.29672 0.22556 74.5796 1.68772
2.32875 -1.29798 0.203936 45.238 1.31166
2.32913 -1.29962 0.236869 73.8296 1.65975
2.3295 -1.29644 0.228571 57.7578 1.50874
2.32988 -1.29979 0.264769 80.9095 1.59272
2.33025 -1.29333 0.211134 66.2882 1.59003
2.33063 -1.2992 0.294766 64.7605 1.57734
2.331 -1.29293 0.177575 73.8378 1.6335
2.33137 -1.29164 0.183935 59.6517 1.56862
2.33175 -1.29015 0.183411 61.0633 1.35231
2.33213 -1.29355 0.21452 62.1286 1.49147
2.3325 -1.28433 0.163562 50.7189 1.42668
2.33288 -1.28856 0.139305 46.2204 1.32151
2.33325 -1.28959 0.22418 81.7257 1.55503
2.33363 -1.28212 0.121867 37.5054 1.29228
2.334 -1.29005 0.221525 67.6054 1.36205
2.33438 -1.28535 0.154967 37.2229 1.47762
2.33475 -1.28288 0.189678 78.6958 1.55934
2.33513 -1.28531 0.140352 41.4978 1.50074
2.3355 -1.2897 0.197825 105.668 1.52287
2.33588 -1.28975 0.247989 64.41 1.41361
2.33625 -1.2917 0.224702 71.7882 1.37276
2.33663 -1.28636 0.188787 74.4519 1.54644
2.337 -1.28634 0.187661 68.3436 1.64487
2.33738 -1.28169 0.176497 53.2388 1.49193
2.33775 -1.28257 0.136814 35.8592 1.37067
2.33813 -1.27926 0.133733 40.9116 1.44087
2.3385 -1.28067 0.142181 46.0478 1.36789
2.33888 -1.2803 0.116712 29.4928 1.33121
2.33925 -1.28189 0.176703 58.2985 1.51152
2.33963 -1.27804 0.144497 37.27 1.34959
2.34 -1.27719 0.154909 49.6723 1.32294
2.34038 -1.28304 0.162278 29.4514 1.38101
2.34075 -1.27715 0.164235 71.1847 1.53126
2.34113 -1.27854 0.186068 66.3232 1.44382
2.3415 -1.27461 0.149246 39.8419 1.28855
2.34188 -1.27162 0.163528 54.4213 1.54001
2.34225 -1.27229 0.160825 36.2247 1.34472
2.34263 -1.27627 0.153705 42.2509 1.32975
2.343 -1.27193 0.135783 43.9163 1.22293
2.34338 -1.27769 0.263358 66.6161 1.73276
2.34375 -1.276 0.214623 78.6126 1.80046
2.34413 -1.27681 0.210503 40.4606 1.45143
2.3445 -1.27794 0.170045 43.3639 1.34054
2.34488 -1.27342 0.209822 57.9219 1.38023
2.34525 -1.27257 0.145711 45.8731 1.38431
2.34563 -1.27205 0.171741 45.5862 1.30594
2.346 -1.27344 0.201419 85.0834 1.61868
2.34638 -1.27609 0.165376 59.9394 1.34873
2.34675 -1.26984 0.197759 51.3476 1.28318
2.34713 -1.27194 0.176227 53.4363 1.31411
2.3475 -1.2694 0.178534 44.6226 1.31244
2.34788 -1.2706 0.160615 30.5416 1.27171
2.34825 -1.26848 0.155878 44.3881 1.26323
2.34863 -1.2677 0.143138 46.2999 1.29288
2.349 -1.26297 0.116794 32.6744 1.17153
2.34938 -1.26722 0.166018 55.5951 1.41505
2.34975 -1.2655 0.172101 60.5149 1.41549
2.35013 -1.26713 0.18263 55.8841 1.35262
2.3505 -1.26421 0.149869 43.5412 1.24506
2.35088 -1.264 0.147397 43.1015 1.25818
2.35125 -1.26082 0.0857199 19.5492 1.36367
2.35163 -1.26228 0.100593 19.3197 1.36865
2.352 -1.26783 0.220004 49.3282 1.50014
2.35238 -1.26056 0.139871 54.3391 1.37303
2.35275 -1.25946 0.158735 48.3728 1.35226
2.35313 -1.26875 0.182317 52.5745 1.36766
2.3535 -1.26193 0.15413 45.355 1.23661
2.35388 -1.26035 0.125786 30.0097 1.36567
2.35425 -1.25774 0.11237 23.5927 1.26214
2.35463 -1.26276 0.130108 39.9524 1.2299
2.355 -1.2604 0.174291 38.4261 1.29166
2.35538 -1.25673 0.137965 64.157 1.55289
2.35575 -1.26096 0.151221 33.7769 1.23364
2.35613 -1.26167 0.188068 61.6757 1.51807
2.3565 -1.25419 0.139503 47.9488 1.28025
2.35688 -1.25497 0.109616 21.9677 1.29332
2.35725 -1.25453 0.115138 34.3855 1.28442
2.35763 -1.2542 0.128713 35.9848 1.25515
2.358 -1.25223 0.102709 26.9353 1.32084
2.35838 -1.25658 0.136199 52.7313 1.39727
2.35875 -1.2534 0.17165 59.98 1.38998
2.35913 -1.24871 0.11932 44.4403 1.32991
2.3595 -1.25206 0.132122 35.7144 1.27478
2.35988 -1.25387 0.13922 35.3733 1.28626
2.36025 -1.25283 0.17362 59.967 1.22909
2.36063 -1.25422 0.164538 44.1126 1.32466
2.361 -1.25268 0.127358 32.6469 1.31969
2.36138 -1.25038 0.153609 36.5963 1.23974
2.36175 -1.24757 0.121118 40.9092 1.35553
2.36213 -1.24577 0.112127 30.8364 1.18577
