2.3 -1.67987 0.89329 1.50783 0.411476
2.30005 -1.67989 0.893295 1.50763 0.411407
2.3001 -1.67989 0.893295 1.50759 0.411389
2.30015 -1.67989 0.893295 1.50756 0.411371
2.3002 -1.67989 0.893295 1.50753 0.411353
2.30025 -1.67989 0.893295 1.50749 0.411336
2.3003 -1.67989 0.893295 1.50746 0.411318
2.30035 -1.67989 0.893295 1.50743 0.4113
2.3004 -1.67976 0.893253 1.50725 0.411416
2.30045 -1.67976 0.893253 1.50721 0.411398
2.3005 -1.67976 0.893253 1.50718 0.41138
2.30055 -1.67968 0.893225 1.50704 0.411444
2.3006 -1.67968 0.893225 1.50701 0.411426
2.30065 -1.67968 0.893225 1.50698 0.411408
2.3007 -1.67944 0.893138 1.50704 0.411637
2.30075 -1.67944 0.893138 1.50701 0.411619
2.3008 -1.67944 0.893138 1.50698 0.411601
2.30085 -1.67944 0.893138 1.50694 0.411583
2.3009 -1.67944 0.893138 1.50691 0.411565
2.30095 -1.67944 0.893138 1.50688 0.411548
2.301 -1.67944 0.893138 1.50684 0.41153
2.30105 -1.67944 0.893138 1.50681 0.411512
2.3011 -1.67944 0.893138 1.50678 0.411494
2.30115 -1.67944 0.893138 1.50675 0.411476
2.3012 -1.67948 0.89315 1.50674 0.411417
2.30125 -1.67948 0.89315 1.50671 0.411399
2.3013 -1.67948 0.89315 1.50668 0.411381
2.30135 -1.67948 0.89315 1.50664 0.411363
2.3014 -1.67948 0.89315 1.50661 0.411346
2.30145 -1.67932 0.893097 1.50646 0.411492
2.3015 -1.67926 0.89308 1.50404 0.411536
2.30155 -1.67925 0.893077 1.50401 0.411528
2.3016 -1.67926 0.89308 1.50398 0.4115
2.30165 -1.67925 0.893077 1.50394 0.411492
2.3017 -1.67926 0.89308 1.50391 0.411464
2.30175 -1.67925 0.893077 1.50387 0.411456
2.3018 -1.67926 0.89308 1.50385 0.411428
2.30185 -1.67925 0.893077 1.50381 0.411421
2.3019 -1.67926 0.89308 1.50378 0.411393
2.30195 -1.67926 0.89308 1.50375 0.411375
2.302 -1.67926 0.89308 1.50372 0.411357
2.30205 -1.67926 0.89308 1.50368 0.411339
2.3021 -1.67926 0.89308 1.50365 0.411321
2.30215 -1.67926 0.89308 1.50362 0.411303
2.3022 -1.67926 0.89308 1.50359 0.411285
2.30225 -1.67926 0.89308 1.50355 0.411267
2.3023 -1.67926 0.89308 1.50352 0.41125
2.30235 -1.67926 0.89308 1.50349 0.411232
2.3024 -1.67909 0.893025 1.50427 0.411388
2.30245 -1.67909 0.893025 1.50424 0.41137
2.3025 -1.67909 0.893025 1.50421 0.411352
2.30255 -1.67909 0.893025 1.50418 0.411334
2.3026 -1.67911 0.893035 1.50414 0.411296
2.30265 -1.67911 0.893035 1.50411 0.411278
2.3027 -1.67911 0.893035 1.50407 0.41126
2.30275 -1.67909 0.89303 1.50401 0.411263
2.3028 -1.67909 0.89303 1.50398 0.411245
2.30285 -1.67909 0.89303 1.50395 0.411227
2.3029 -1.67909 0.89303 1.50391 0.411209
2.30295 -1.67909 0.89303 1.50388 0.411192
2.303 -1.67909 0.89303 1.50385 0.411174
2.30305 -1.67909 0.89303 1.50382 0.411156
2.3031 -1.67909 0.89303 1.50378 0.411138
2.30315 -1.67909 0.89303 1.50375 0.41112
2.3032 -1.67909 0.89303 1.50372 0.411102
2.30325 -1.67909 0.89303 1.50368 0.411085
2.3033 -1.6789 0.892957 1.50349 0.411261
2.30335 -1.6788 0.892922 1.50339 0.411346
2.3034 -1.6788 0.892922 1.50336 0.411328
2.30345 -1.6788 0.892922 1.50333 0.41131
2.3035 -1.6788 0.892922 1.50329 0.411292
2.30355 -1.67877 0.892912 1.50442 0.411305
2.3036 -1.67847 0.892807 1.50418 0.411594
2.30365 -1.67847 0.892807 1.50415 0.411576
2.3037 -1.67847 0.892807 1.50412 0.411558
2.30375 -1.67849 0.892815 1.50234 0.41152
2.3038 -1.67849 0.892815 1.50231 0.411502
2.30385 -1.67849 0.892815 1.50228 0.411484
2.3039 -1.67849 0.892815 1.50224 0.411466
2.30395 -1.67849 0.892815 1.50221 0.411449
2.304 -1.67849 0.892815 1.50218 0.411431
2.30405 -1.67849 0.892815 1.50215 0.411413
2.3041 -1.67849 0.892815 1.50211 0.411395
2.30415 -1.67846 0.892805 1.50203 0.411408
2.3042 -1.67846 0.892805 1.502 0.41139
2.30425 -1.67846 0.892805 1.50197 0.411372
2.3043 -1.67846 0.892805 1.50194 0.411354
2.30435 -1.67846 0.892805 1.5019 0.411336
2.3044 -1.67846 0.892805 1.50187 0.411319
2.30445 -1.67838 0.89278 1.50179 0.411413
2.3045 -1.67838 0.89278 1.50176 0.411395
2.30455 -1.67838 0.89278 1.50172 0.411377
2.3046 -1.67838 0.89278 1.50169 0.411359
2.30465 -1.67838 0.89278 1.50166 0.411341
2.3047 -1.67838 0.89278 1.50163 0.411323
2.30475 -1.67838 0.89278 1.50159 0.411305
2.3048 -1.67838 0.89278 1.50156 0.411288
2.30485 -1.67817 0.89271 1.50294 0.411484
2.3049 -1.67817 0.89271 1.5029 0.411466
2.30495 -1.67817 0.89271 1.50287 0.411449
2.305 -1.67817 0.89271 1.50284 0.411431
2.30505 -1.67817 0.89271 1.50281 0.411413
2.3051 -1.67792 0.892625 1.49988 0.41165
2.30515 -1.67792 0.892625 1.49985 0.411632
2.3052 -1.67787 0.89261 1.49978 0.411666
2.30525 -1.67787 0.89261 1.49975 0.411648
2.3053 -1.67787 0.89261 1.49972 0.41163
2.30535 -1.67787 0.89261 1.49968 0.411612
2.3054 -1.67787 0.89261 1.49965 0.411594
2.30545 -1.6778 0.89259 1.49957 0.411648
2.3055 -1.67772 0.89256 1.49673 0.411711
2.30555 -1.67772 0.89256 1.4967 0.411694
2.3056 -1.67765 0.892537 1.4966 0.411747
2.30565 -1.67765 0.892537 1.49657 0.411729
2.3057 -1.67765 0.892537 1.49654 0.411711
2.30575 -1.67765 0.892537 1.49651 0.411694
2.3058 -1.67765 0.892537 1.49647 0.411676
2.30585 -1.67777 0.89258 1.5025 0.411536
2.3059 -1.67777 0.89258 1.50246 0.411518
2.30595 -1.67777 0.89258 1.50243 0.4115
2.306 -1.67764 0.892535 1.50107 0.411615
2.30605 -1.67779 0.89259 1.50118 0.411444
2.3061 -1.67772 0.892565 1.50164 0.411497
2.30615 -1.67779 0.89259 1.50165 0.411408
2.3062 -1.67766 0.892545 1.50208 0.411523
2.30625 -1.67765 0.89254 1.50204 0.411515
2.3063 -1.67749 0.892487 1.49947 0.41166
2.30635 -1.67749 0.892487 1.49943 0.411642
2.3064 -1.67749 0.892487 1.4994 0.411625
2.30645 -1.6775 0.89249 1.49938 0.411597
2.3065 -1.67746 0.892478 1.49709 0.411619
2.30655 -1.67741 0.89246 1.49702 0.411653
2.3066 -1.67713 0.892365 1.49808 0.41192
2.30665 -1.67666 0.89221 1.49937 0.41241
2.3067 -1.67646 0.89214 1.4992 0.412596
2.30675 -1.6764 0.892118 1.50089 0.412639
2.3068 -1.67651 0.892158 1.50094 0.412509
2.30685 -1.67643 0.89213 1.50054 0.412573
2.3069 -1.67643 0.89213 1.50051 0.412555
2.30695 -1.67643 0.89213 1.50048 0.412537
2.307 -1.67628 0.892083 1.50034 0.412672
2.30705 -1.67628 0.892083 1.50031 0.412654
2.3071 -1.67627 0.89208 1.50027 0.412646
2.30715 -1.67627 0.89208 1.50024 0.412628
2.3072 -1.67627 0.89208 1.50021 0.41261
2.30725 -1.67623 0.892065 1.50016 0.412633
2.3073 -1.67623 0.892065 1.50013 0.412615
2.30735 -1.67623 0.892065 1.5001 0.412597
2.3074 -1.67622 0.892062 1.50005 0.41259
2.30745 -1.67622 0.892062 1.50002 0.412572
2.3075 -1.67622 0.892062 1.49998 0.412554
2.30755 -1.67622 0.892062 1.49995 0.412536
2.3076 -1.67602 0.891988 1.49975 0.412721
2.30765 -1.67601 0.891983 1.49971 0.412713
2.3077 -1.67601 0.891983 1.49968 0.412696
2.30775 -1.67594 0.891955 1.49958 0.412749
2.3078 -1.67594 0.891955 1.49955 0.412731
2.30785 -1.67594 0.891955 1.49952 0.412713
2.3079 -1.67598 0.89197 1.49951 0.412655
2.30795 -1.67598 0.89197 1.49948 0.412637
2.308 -1.67598 0.89197 1.49945 0.412619
2.30805 -1.67599 0.891975 1.49955 0.412591
2.3081 -1.67587 0.891935 1.49944 0.412695
2.30815 -1.67587 0.891935 1.49941 0.412677
2.3082 -1.67586 0.891933 1.49937 0.412669
2.30825 -1.67586 0.891933 1.49934 0.412651
2.3083 -1.67579 0.891907 1.49925 0.412704
2.30835 -1.67579 0.891907 1.49922 0.412686
2.3084 -1.67579 0.891907 1.49919 0.412669
2.30845 -1.67556 0.891827 1.49543 0.412884
2.3085 -1.67556 0.891827 1.4954 0.412866
2.30855 -1.67556 0.891827 1.49536 0.412848
2.3086 -1.67555 0.891822 1.49532 0.412841
2.30865 -1.67557 0.89183 1.4944 0.412802
2.3087 -1.67557 0.89183 1.49436 0.412784
2.30875 -1.67557 0.89183 1.49791 0.412767
2.3088 -1.67557 0.89183 1.49788 0.412749
2.30885 -1.67533 0.891745 1.49764 0.412974
2.3089 -1.67533 0.891745 1.49761 0.412956
2.30895 -1.67533 0.891745 1.49758 0.412938
2.309 -1.67533 0.891745 1.49755 0.41292
2.30905 -1.6752 0.891705 1.49622 0.413034
2.3091 -1.6752 0.891705 1.49618 0.413016
2.30915 -1.67508 0.891665 1.49608 0.41312
2.3092 -1.67508 0.891665 1.49605 0.413102
2.30925 -1.67508 0.891665 1.49602 0.413084
2.3093 -1.67508 0.891665 1.49599 0.413066
2.30935 -1.67484 0.891585 1.49618 0.413292
2.3094 -1.67484 0.891585 1.49614 0.413274
2.30945 -1.67508 0.89167 1.49731 0.413043
2.3095 -1.67518 0.891705 1.49735 0.412924
2.30955 -1.67518 0.891705 1.49732 0.412906
2.3096 -1.67518 0.891705 1.49729 0.412888
2.30965 -1.67517 0.891702 1.49725 0.41288
2.3097 -1.67517 0.891702 1.49722 0.412862
2.30975 -1.67518 0.891705 1.49719 0.412834
2.3098 -1.67506 0.891665 1.49793 0.412938
2.30985 -1.67506 0.891665 1.49789 0.41292
2.3099 -1.67506 0.891665 1.49786 0.412902
2.30995 -1.67506 0.891665 1.4973 0.412884
2.31 -1.67506 0.891665 1.49727 0.412866
2.31005 -1.67503 0.891655 1.49721 0.412879
2.3101 -1.67502 0.891652 1.49717 0.412871
2.31015 -1.67502 0.891652 1.49714 0.412853
2.3102 -1.67481 0.891582 1.49642 0.413048
2.31025 -1.67481 0.891582 1.49639 0.41303
2.3103 -1.67481 0.891582 1.49636 0.413012
2.31035 -1.67481 0.891582 1.49632 0.412994
2.3104 -1.67481 0.891582 1.49629 0.412976
2.31045 -1.67483 0.891587 1.49715 0.412938
2.3105 -1.67483 0.891587 1.49711 0.41292
2.31055 -1.67483 0.891587 1.49708 0.412902
2.3106 -1.6746 0.891508 1.49689 0.413117
2.31065 -1.6745 0.891475 1.4968 0.41317
2.3107 -1.6745 0.891475 1.49677 0.413152
2.31075 -1.6745 0.891475 1.49674 0.413135
2.3108 -1.6745 0.891475 1.4967 0.413117
2.31085 -1.67401 0.891302 1.49632 0.413594
2.3109 -1.67398 0.891295 1.49626 0.413606
2.31095 -1.67398 0.891295 1.49623 0.413588
2.311 -1.67398 0.891295 1.4962 0.41357
2.31105 -1.67412 0.891345 1.49627 0.413411
2.3111 -1.67412 0.891345 1.49624 0.413393
2.31115 -1.67412 0.891345 1.4962 0.413375
2.3112 -1.67411 0.891343 1.49617 0.413368
2.31125 -1.67389 0.891267 1.49599 0.413572
2.3113 -1.67393 0.89128 1.496 0.413513
2.31135 -1.67372 0.891212 1.49471 0.413737
2.3114 -1.67372 0.891212 1.49468 0.41372
2.31145 -1.67378 0.891232 1.49469 0.413641
2.3115 -1.67378 0.891232 1.49465 0.413623
2.31155 -1.67378 0.891232 1.49462 0.413605
2.3116 -1.67378 0.891232 1.49459 0.413587
2.31165 -1.67378 0.891232 1.49456 0.41357
2.3117 -1.67373 0.891215 1.49452 0.413602
2.31175 -1.67373 0.891215 1.49448 0.413584
2.3118 -1.67376 0.891225 1.4955 0.413536
2.31185 -1.6738 0.89124 1.49573 0.413478
2.3119 -1.67383 0.89125 1.49513 0.41346
2.31195 -1.67383 0.89125 1.49509 0.413442
2.312 -1.67383 0.89125 1.49506 0.413424
2.31205 -1.67383 0.89125 1.49503 0.413406
2.3121 -1.67383 0.89125 1.495 0.413388
2.31215 -1.67383 0.89125 1.49497 0.41337
2.3122 -1.67383 0.89125 1.49493 0.413352
2.31225 -1.67383 0.89125 1.4949 0.413334
2.3123 -1.67407 0.891338 1.49529 0.413075
2.31235 -1.67407 0.891338 1.49542 0.413057
2.3124 -1.67407 0.891338 1.49539 0.413039
2.31245 -1.67407 0.891338 1.49536 0.413021
2.3125 -1.67407 0.891338 1.49533 0.413003
2.31255 -1.67404 0.89133 1.49512 0.413045
2.3126 -1.67405 0.891332 1.49509 0.413017
2.31265 -1.67404 0.89133 1.49505 0.41301
2.3127 -1.67403 0.891328 1.49501 0.413002
2.31275 -1.67402 0.891323 1.49497 0.412994
2.3128 -1.67402 0.891323 1.49494 0.412976
2.31285 -1.67402 0.891323 1.49491 0.412958
2.3129 -1.67385 0.89126 1.49482 0.413112
2.31295 -1.67424 0.891402 1.49531 0.412701
2.313 -1.67424 0.891402 1.49528 0.412683
2.31305 -1.67424 0.891402 1.49524 0.412665
2.3131 -1.67424 0.891402 1.49521 0.412647
2.31315 -1.67423 0.8914 1.49517 0.41264
2.3132 -1.67423 0.8914 1.49514 0.412622
2.31325 -1.67422 0.891397 1.4951 0.412614
2.3133 -1.67411 0.89136 1.49499 0.412707
2.31335 -1.67411 0.89136 1.49496 0.412689
2.3134 -1.67411 0.89136 1.49493 0.412671
2.31345 -1.67402 0.89133 1.49483 0.412744
2.3135 -1.67393 0.891302 1.49446 0.412817
2.31355 -1.67393 0.891302 1.49442 0.412799
2.3136 -1.6737 0.891223 1.49432 0.413013
2.31365 -1.6736 0.891193 1.49422 0.413096
2.3137 -1.67366 0.891215 1.49425 0.413018
2.31375 -1.67366 0.891215 1.49422 0.413
2.3138 -1.67356 0.891185 1.49384 0.413083
2.31385 -1.67356 0.891185 1.49381 0.413065
2.3139 -1.67355 0.891182 1.49377 0.413057
2.31395 -1.67355 0.891182 1.49374 0.413039
2.314 -1.67354 0.89118 1.4937 0.413031
2.31405 -1.67354 0.89118 1.49367 0.413013
2.3141 -1.6737 0.89123 1.49421 0.412805
2.31415 -1.67359 0.89119 1.49342 0.412898
2.3142 -1.67354 0.891173 1.49378 0.41293
2.31425 -1.67354 0.891173 1.49374 0.412912
2.3143 -1.67354 0.891173 1.49371 0.412894
2.31435 -1.67354 0.891173 1.49368 0.412876
2.3144 -1.67355 0.891175 1.49365 0.412849
2.31445 -1.67355 0.891175 1.49362 0.412831
2.3145 -1.67355 0.891175 1.49359 0.412813
2.31455 -1.67355 0.891175 1.49356 0.412795
2.3146 -1.6736 0.891193 1.49356 0.412727
2.31465 -1.6736 0.891193 1.49352 0.412709
2.3147 -1.6736 0.891193 1.49349 0.412691
2.31475 -1.6736 0.891193 1.49346 0.412673
2.3148 -1.6736 0.891193 1.49343 0.412656
2.31485 -1.67358 0.891177 1.49338 0.412628
2.3149 -1.67358 0.891177 1.49335 0.41261
2.31495 -1.67358 0.891177 1.49332 0.412592
2.315 -1.67368 0.891212 1.49351 0.412474
2.31505 -1.67367 0.89121 1.49348 0.412466
2.3151 -1.67367 0.89121 1.49344 0.412448
2.31515 -1.67367 0.89121 1.49341 0.412431
2.3152 -1.67345 0.891132 1.49321 0.412634
2.31525 -1.67345 0.891132 1.49318 0.412616
2.3153 -1.67321 0.891042 1.49276 0.41281
2.31535 -1.6732 0.89104 1.49273 0.412802
2.3154 -1.67297 0.890965 1.49254 0.413015
2.31545 -1.6732 0.891047 1.49199 0.412766
2.3155 -1.6732 0.891047 1.49196 0.412748
2.31555 -1.6732 0.891047 1.49193 0.412731
2.3156 -1.6732 0.891047 1.4919 0.412713
2.31565 -1.6732 0.891047 1.49186 0.412695
2.3157 -1.67297 0.890968 1.49165 0.412908
2.31575 -1.67276 0.8909 1.49245 0.413101
2.3158 -1.67276 0.8909 1.49242 0.413083
2.31585 -1.67276 0.8909 1.49239 0.413065
2.3159 -1.67257 0.890837 1.49222 0.413238
2.31595 -1.67257 0.890837 1.49219 0.41322
2.316 -1.67256 0.890835 1.49215 0.413212
2.31605 -1.67256 0.890835 1.49212 0.413195
2.3161 -1.67256 0.890835 1.49209 0.413177
2.31615 -1.67234 0.890763 1.4919 0.41338
2.3162 -1.67235 0.890765 1.49188 0.413352
2.31625 -1.67227 0.890735 1.49179 0.413414
2.3163 -1.67227 0.890735 1.49175 0.413396
2.31635 -1.67227 0.890735 1.49172 0.413378
2.3164 -1.67223 0.89072 1.49166 0.413401
2.31645 -1.67225 0.89073 1.49015 0.413363
2.3165 -1.67202 0.890652 1.48993 0.413575
2.31655 -1.67183 0.89059 1.48977 0.413748
2.3166 -1.67168 0.890532 1.48961 0.41388
2.31665 -1.67167 0.89053 1.48957 0.413872
2.3167 -1.67175 0.890563 1.49108 0.413774
2.31675 -1.67174 0.89056 1.49104 0.413766
2.3168 -1.67157 0.890498 1.49033 0.413949
2.31685 -1.67157 0.890498 1.4903 0.413931
2.3169 -1.67143 0.890447 1.48659 0.414053
2.31695 -1.67117 0.890358 1.48896 0.414295
2.317 -1.67117 0.890358 1.48893 0.414277
2.31705 -1.67117 0.890358 1.4889 0.414259
2.3171 -1.67117 0.890358 1.48887 0.414242
2.31715 -1.67131 0.890402 1.48894 0.414084
2.3172 -1.67131 0.890402 1.48891 0.414066
2.31725 -1.67112 0.890335 1.49031 0.414238
2.3173 -1.67112 0.890335 1.49027 0.41422
2.31735 -1.67111 0.890332 1.49023 0.414212
2.3174 -1.67118 0.89036 1.48917 0.414124
2.31745 -1.67118 0.89036 1.48914 0.414106
2.3175 -1.67118 0.89036 1.48911 0.414089
2.31755 -1.6711 0.890335 1.48792 0.41418
2.3176 -1.67094 0.890282 1.48778 0.414323
2.31765 -1.67094 0.890282 1.48774 0.414305
2.3177 -1.67094 0.890282 1.48771 0.414287
2.31775 -1.67107 0.890332 1.48985 0.414109
2.3178 -1.67095 0.890297 1.48954 0.414211
2.31785 -1.67095 0.890297 1.48951 0.414193
2.3179 -1.67095 0.890297 1.48948 0.414176
2.31795 -1.67095 0.890297 1.48944 0.414158
2.318 -1.67079 0.890255 1.48937 0.4143
2.31805 -1.67081 0.89026 1.48935 0.414262
2.3181 -1.67026 0.890077 1.48727 0.414793
2.31815 -1.67026 0.890077 1.48724 0.414775
2.3182 -1.67026 0.890077 1.48721 0.414757
2.31825 -1.67026 0.890077 1.48717 0.414739
2.3183 -1.67026 0.890077 1.48714 0.414721
2.31835 -1.67026 0.890077 1.48711 0.414703
2.3184 -1.67026 0.890077 1.48708 0.414686
2.31845 -1.67048 0.890155 1.48719 0.414448
2.3185 -1.67048 0.890155 1.48716 0.41443
2.31855 -1.67048 0.890155 1.48712 0.414412
2.3186 -1.67061 0.8902 1.48908 0.414265
2.31865 -1.67054 0.890177 1.48804 0.414317
2.3187 -1.67054 0.890177 1.48801 0.414299
2.31875 -1.6704 0.890127 1.48746 0.414421
2.3188 -1.67014 0.890035 1.48843 0.414662
2.31885 -1.67018 0.890053 1.48851 0.414634
2.3189 -1.67018 0.890053 1.48848 0.414616
2.31895 -1.66993 0.889965 1.48825 0.414848
2.319 -1.66993 0.889965 1.48822 0.41483
2.31905 -1.66993 0.889965 1.48819 0.414812
2.3191 -1.66993 0.889965 1.48816 0.414794
2.31915 -1.66993 0.889965 1.48812 0.414776
2.3192 -1.66993 0.889965 1.48809 0.414758
2.31925 -1.66988 0.889948 1.48802 0.41479
2.3193 -1.66969 0.889888 1.48759 0.414962
2.31935 -1.66969 0.889888 1.48755 0.414944
2.3194 -1.66969 0.889888 1.48752 0.414926
2.31945 -1.66969 0.889888 1.48749 0.414908
2.3195 -1.66974 0.889905 1.4875 0.41484
2.31955 -1.66967 0.88988 1.48603 0.414892
2.3196 -1.66963 0.889865 1.48761 0.414914
2.31965 -1.66959 0.889857 1.48753 0.414936
2.3197 -1.66959 0.889857 1.4875 0.414918
2.31975 -1.66937 0.88978 1.48723 0.415119
2.3198 -1.66937 0.88978 1.4872 0.415101
2.31985 -1.66937 0.88978 1.48717 0.415083
2.3199 -1.66937 0.88978 1.48714 0.415065
2.31995 -1.66941 0.889792 1.48612 0.415008
2.32 -1.66941 0.889792 1.48609 0.41499
2.32005 -1.66941 0.889792 1.48606 0.414972
2.3201 -1.66947 0.889815 1.48726 0.414894
2.32015 -1.66947 0.889815 1.48722 0.414876
2.3202 -1.66947 0.889815 1.48719 0.414859
2.32025 -1.66948 0.889818 1.48717 0.414831
2.3203 -1.66948 0.889818 1.48713 0.414813
2.32035 -1.66946 0.88981 1.48709 0.414815
2.3204 -1.66946 0.88981 1.48706 0.414797
2.32045 -1.66941 0.889792 1.48557 0.414829
2.3205 -1.66941 0.889792 1.48554 0.414811
2.32055 -1.66941 0.889792 1.48551 0.414793
2.3206 -1.66918 0.889713 1.48614 0.415004
2.32065 -1.66918 0.889713 1.48611 0.414986
2.3207 -1.66918 0.889713 1.48608 0.414968
2.32075 -1.66918 0.889713 1.48605 0.41495
2.3208 -1.66918 0.889713 1.48602 0.414932
2.32085 -1.66918 0.889713 1.48598 0.414914
2.3209 -1.66918 0.889713 1.48595 0.414897
2.32095 -1.66918 0.889713 1.48592 0.414879
2.321 -1.66903 0.889665 1.48642 0.41501
2.32105 -1.66903 0.889665 1.48639 0.414992
2.3211 -1.66903 0.889665 1.48636 0.414974
2.32115 -1.66903 0.889665 1.48633 0.414956
2.3212 -1.66903 0.889665 1.4863 0.414938
2.32125 -1.66903 0.889665 1.48626 0.414921
2.3213 -1.66903 0.889665 1.48623 0.414903
2.32135 -1.66903 0.889665 1.4862 0.414885
2.3214 -1.66903 0.889665 1.48617 0.414867
2.32145 -1.66903 0.889665 1.48614 0.414849
2.3215 -1.66903 0.889665 1.4861 0.414831
2.32155 -1.66903 0.889665 1.48607 0.414813
2.3216 -1.66903 0.889665 1.48604 0.414795
2.32165 -1.66903 0.889665 1.48601 0.414778
2.3217 -1.66903 0.889665 1.48598 0.41476
2.32175 -1.66903 0.889665 1.48594 0.414742
2.3218 -1.66903 0.889665 1.48591 0.414724
2.32185 -1.66903 0.889665 1.48588 0.414706
2.3219 -1.66903 0.889665 1.48585 0.414688
2.32195 -1.66903 0.889665 1.48582 0.41467
2.322 -1.66903 0.889665 1.48578 0.414653
2.32205 -1.66903 0.889665 1.48575 0.414635
2.3221 -1.66903 0.889665 1.48572 0.414617
2.32215 -1.66903 0.889665 1.48569 0.414599
2.3222 -1.66903 0.889665 1.48566 0.414581
2.32225 -1.66903 0.889665 1.48562 0.414563
2.3223 -1.66903 0.889668 1.48508 0.414545
2.32235 -1.66903 0.889668 1.48505 0.414528
2.3224 -1.66903 0.889668 1.48502 0.41451
2.32245 -1.66903 0.889668 1.48499 0.414492
2.3225 -1.66886 0.889607 1.48391 0.414643
2.32255 -1.66893 0.88963 1.48536 0.414555
2.3226 -1.66893 0.88963 1.48533 0.414538
2.32265 -1.66902 0.889657 1.48536 0.41443
2.3227 -1.66892 0.889625 1.48451 0.414512
2.32275 -1.66882 0.889587 1.48443 0.414593
2.3228 -1.66882 0.889587 1.4844 0.414575
2.32285 -1.66882 0.889587 1.48437 0.414557
2.3229 -1.66882 0.889587 1.48433 0.41454
2.32295 -1.66882 0.889587 1.4843 0.414522
2.323 -1.66882 0.889587 1.48427 0.414504
2.32305 -1.66882 0.889587 1.48424 0.414486
2.3231 -1.66882 0.889587 1.48421 0.414468
2.32315 -1.66882 0.889587 1.48418 0.41445
2.3232 -1.66882 0.889587 1.48414 0.414433
2.32325 -1.6688 0.88958 1.48458 0.414434
2.3233 -1.66877 0.88957 1.48453 0.414446
2.32335 -1.66877 0.88957 1.48449 0.414429
2.3234 -1.66909 0.889678 1.48469 0.414093
2.32345 -1.66909 0.889678 1.48466 0.414076
2.3235 -1.66899 0.88965 1.48456 0.414216
2.32355 -1.66899 0.88965 1.48453 0.414198
2.3236 -1.66888 0.889615 1.48454 0.414319
2.32365 -1.6687 0.889552 1.48437 0.41448
2.3237 -1.66862 0.889528 1.48402 0.414541
2.32375 -1.66862 0.889528 1.48398 0.414523
2.3238 -1.66862 0.889528 1.48395 0.414506
2.32385 -1.66862 0.889528 1.48392 0.414488
2.3239 -1.66865 0.889537 1.48431 0.41444
2.32395 -1.66865 0.889537 1.48428 0.414422
2.324 -1.66865 0.889537 1.48424 0.414404
2.32405 -1.66865 0.889537 1.48421 0.414387
2.3241 -1.66865 0.889537 1.48418 0.414369
2.32415 -1.66865 0.889537 1.48415 0.414351
2.3242 -1.66865 0.889537 1.48412 0.414333
2.32425 -1.669 0.889657 1.48391 0.413939
2.3243 -1.669 0.889657 1.48387 0.413921
2.32435 -1.669 0.889657 1.48384 0.413903
2.3244 -1.669 0.889657 1.48381 0.413886
2.32445 -1.66902 0.889665 1.48379 0.413848
2.3245 -1.66902 0.889665 1.48376 0.41383
2.32455 -1.66902 0.889665 1.48373 0.413812
2.3246 -1.669 0.889657 1.48368 0.413814
2.32465 -1.669 0.889657 1.48365 0.413797
2.3247 -1.66905 0.88966 1.48366 0.413759
2.32475 -1.66905 0.889657 1.48363 0.413741
2.3248 -1.66891 0.88961 1.4835 0.413862
2.32485 -1.66886 0.889593 1.48343 0.413894
2.3249 -1.6688 0.889572 1.48336 0.413935
2.32495 -1.6688 0.889572 1.48333 0.413917
2.325 -1.66876 0.88956 1.48327 0.413939
2.32505 -1.6686 0.889505 1.48312 0.41408
2.3251 -1.6686 0.889505 1.48309 0.414062
2.32515 -1.6686 0.889505 1.48306 0.414044
2.3252 -1.66843 0.889443 1.4829 0.414194
2.32525 -1.66843 0.88944 1.48285 0.414177
2.3253 -1.66843 0.88944 1.48282 0.414159
2.32535 -1.66843 0.88944 1.48278 0.414141
2.3254 -1.66843 0.88944 1.48275 0.414123
2.32545 -1.66859 0.8895 1.48285 0.413947
2.3255 -1.66862 0.88951 1.48284 0.4139
2.32555 -1.66862 0.88951 1.48281 0.413882
2.3256 -1.66862 0.88951 1.48278 0.413864
2.32565 -1.66852 0.889478 1.48305 0.413945
2.3257 -1.66857 0.889495 1.48304 0.413878
2.32575 -1.66857 0.889495 1.48301 0.41386
2.3258 -1.66857 0.889495 1.48297 0.413842
2.32585 -1.66857 0.889495 1.48294 0.413825
2.3259 -1.66857 0.889495 1.48291 0.413807
2.32595 -1.66857 0.889495 1.48288 0.413789
2.326 -1.66857 0.889495 1.48285 0.413771
2.32605 -1.66857 0.889495 1.48281 0.413753
2.3261 -1.66857 0.889495 1.48278 0.413736
2.32615 -1.66857 0.889495 1.48275 0.413718
2.3262 -1.66843 0.889447 1.48092 0.413838
2.32625 -1.66842 0.889452 1.48206 0.41386
2.3263 -1.66842 0.889452 1.48202 0.413842
2.32635 -1.66842 0.889452 1.48199 0.413825
2.3264 -1.66842 0.889452 1.48196 0.413807
2.32645 -1.6684 0.889445 1.48132 0.413809
2.3265 -1.6684 0.889445 1.48128 0.413791
2.32655 -1.66858 0.889502 1.48142 0.413595
2.3266 -1.66858 0.889502 1.48139 0.413578
2.32665 -1.66858 0.889502 1.48136 0.41356
2.3267 -1.66858 0.889502 1.48133 0.413542
2.32675 -1.66858 0.889502 1.4813 0.413524
2.3268 -1.66858 0.889502 1.48126 0.413506
2.32685 -1.66858 0.889502 1.48123 0.413489
2.3269 -1.66858 0.889502 1.4812 0.413471
2.32695 -1.66858 0.889502 1.48117 0.413453
2.327 -1.66849 0.88947 1.48107 0.413524
2.32705 -1.66822 0.889375 1.48083 0.413773
2.3271 -1.66822 0.889375 1.4808 0.413755
2.32715 -1.66822 0.889375 1.48076 0.413738
2.3272 -1.66822 0.889375 1.48073 0.41372
2.32725 -1.66822 0.889375 1.4807 0.413702
2.3273 -1.66822 0.889375 1.48067 0.413684
2.32735 -1.66822 0.889375 1.48064 0.413666
2.3274 -1.66822 0.889375 1.48061 0.413649
2.32745 -1.66837 0.889428 1.48067 0.413453
2.3275 -1.66842 0.889447 1.48142 0.413386
2.32755 -1.66842 0.889447 1.48139 0.413368
2.3276 -1.66842 0.889447 1.48136 0.413351
2.32765 -1.66828 0.889405 1.48118 0.413471
2.3277 -1.66828 0.889405 1.48115 0.413453
2.32775 -1.66828 0.889405 1.48112 0.413436
2.3278 -1.66828 0.889405 1.48108 0.413418
2.32785 -1.66828 0.889405 1.48105 0.4134
2.3279 -1.66829 0.889408 1.48103 0.413372
2.32795 -1.66829 0.889408 1.481 0.413355
2.328 -1.6682 0.889375 1.48093 0.413426
2.32805 -1.6682 0.889375 1.4809 0.413408
2.3281 -1.6682 0.889375 1.48087 0.41339
2.32815 -1.66808 0.889332 1.48075 0.413491
2.3282 -1.66799 0.889308 1.48086 0.413562
2.32825 -1.66799 0.889308 1.48083 0.413544
2.3283 -1.66799 0.889308 1.48079 0.413526
2.32835 -1.66799 0.889308 1.48076 0.413508
2.3284 -1.66799 0.889308 1.48073 0.413491
2.32845 -1.66799 0.889308 1.4807 0.413473
2.3285 -1.66799 0.889308 1.48067 0.413455
2.32855 -1.66799 0.889308 1.48064 0.413437
2.3286 -1.66799 0.889308 1.4806 0.41342
2.32865 -1.66785 0.889255 1.48047 0.41354
2.3287 -1.66785 0.889255 1.48044 0.413522
2.32875 -1.66785 0.889255 1.48041 0.413504
2.3288 -1.66778 0.88923 1.4801 0.413556
2.32885 -1.66779 0.889232 1.48007 0.413528
2.3289 -1.66779 0.889232 1.48004 0.41351
2.32895 -1.66779 0.889232 1.48001 0.413492
2.329 -1.66777 0.889225 1.47991 0.413494
2.32905 -1.66792 0.889278 1.47998 0.413329
2.3291 -1.66792 0.889278 1.47995 0.413311
2.32915 -1.66792 0.889278 1.47992 0.413293
2.3292 -1.66793 0.889282 1.4804 0.413266
2.32925 -1.66793 0.889282 1.48037 0.413248
2.3293 -1.66793 0.889282 1.48033 0.41323
2.32935 -1.66793 0.889282 1.4803 0.413213
2.3294 -1.66793 0.889282 1.48027 0.413195
2.32945 -1.66788 0.889267 1.48021 0.413226
2.3295 -1.66788 0.889267 1.48017 0.413209
2.32955 -1.66788 0.889267 1.48014 0.413191
2.3296 -1.66788 0.889267 1.48011 0.413173
2.32965 -1.66775 0.889227 1.47846 0.413313
2.3297 -1.66775 0.889227 1.47843 0.413295
2.32975 -1.66772 0.889217 1.47837 0.413307
2.3298 -1.66773 0.88922 1.47835 0.413279
2.32985 -1.66773 0.88922 1.47832 0.413262
2.3299 -1.66773 0.88922 1.47829 0.413244
2.32995 -1.66773 0.88922 1.47825 0.413226
2.33 -1.66763 0.88919 1.47819 0.413307
2.33005 -1.6674 0.889112 1.47944 0.413545
2.3301 -1.66737 0.889105 1.47939 0.413556
2.33015 -1.66747 0.889142 1.47943 0.41344
2.3302 -1.66747 0.889142 1.4794 0.413423
2.33025 -1.66747 0.889142 1.47937 0.413405
2.3303 -1.66747 0.889142 1.47934 0.413387
2.33035 -1.66747 0.889142 1.47931 0.413369
2.3304 -1.66747 0.889142 1.47927 0.413352
2.33045 -1.66747 0.889142 1.47924 0.413334
2.3305 -1.66747 0.889142 1.47921 0.413316
2.33055 -1.66747 0.889142 1.47918 0.413298
2.3306 -1.66747 0.889142 1.47915 0.413281
2.33065 -1.66747 0.889142 1.47912 0.413263
2.3307 -1.66747 0.889142 1.47908 0.413245
2.33075 -1.66747 0.889142 1.47905 0.413227
2.3308 -1.66747 0.889142 1.47902 0.41321
2.33085 -1.66757 0.889177 1.47907 0.413094
2.3309 -1.66757 0.889177 1.47904 0.413076
2.33095 -1.66757 0.889177 1.47901 0.413058
2.331 -1.66757 0.889177 1.47897 0.413041
2.33105 -1.66757 0.889177 1.47894 0.413023
2.3311 -1.66757 0.889177 1.47891 0.413005
2.33115 -1.66757 0.889177 1.47888 0.412987
2.3312 -1.66757 0.889177 1.47885 0.41297
2.33125 -1.66757 0.889177 1.47882 0.412952
2.3313 -1.66757 0.889177 1.47878 0.412934
2.33135 -1.66757 0.889177 1.47875 0.412917
2.3314 -1.66757 0.889177 1.47872 0.412899
2.33145 -1.66757 0.889177 1.47869 0.412881
2.3315 -1.66741 0.889125 1.47826 0.413021
2.33155 -1.66741 0.889125 1.47823 0.413003
2.3316 -1.66741 0.889125 1.4782 0.412985
2.33165 -1.66718 0.889045 1.478 0.413193
2.3317 -1.66718 0.889045 1.47797 0.413176
2.33175 -1.66718 0.889045 1.47794 0.413158
2.3318 -1.66718 0.889045 1.4779 0.41314
2.33185 -1.66718 0.889045 1.47787 0.413122
2.3319 -1.66718 0.889045 1.47784 0.413105
2.33195 -1.66718 0.889045 1.47781 0.413087
2.332 -1.66718 0.889045 1.47778 0.413069
2.33205 -1.66721 0.889055 1.47789 0.413022
2.3321 -1.66721 0.889055 1.47786 0.413004
2.33215 -1.66721 0.889055 1.47783 0.412987
2.3322 -1.66721 0.889055 1.4778 0.412969
2.33225 -1.66695 0.888968 1.47765 0.413206
2.3323 -1.66678 0.888912 1.47649 0.413355
2.33235 -1.66678 0.888912 1.47646 0.413338
2.3324 -1.6668 0.88892 1.47644 0.41333
2.33245 -1.6667 0.888888 1.47636 0.41341
2.3325 -1.6667 0.888888 1.47633 0.413392
2.33255 -1.6667 0.888888 1.4763 0.413375
2.3326 -1.66677 0.888912 1.47631 0.413288
2.33265 -1.66677 0.888912 1.47628 0.413271
2.3327 -1.66677 0.888912 1.47625 0.413253
2.33275 -1.66677 0.888912 1.47622 0.413235
2.3328 -1.66677 0.888912 1.47619 0.413217
2.33285 -1.66668 0.888888 1.4761 0.413288
2.3329 -1.66668 0.888888 1.47607 0.41327
2.33295 -1.66668 0.888888 1.47603 0.413253
2.333 -1.66668 0.888888 1.476 0.413235
2.33305 -1.66668 0.888888 1.47597 0.413217
2.3331 -1.66667 0.888885 1.47593 0.413209
2.33315 -1.66667 0.888885 1.4759 0.413191
2.3332 -1.66667 0.888885 1.47587 0.413174
2.33325 -1.66667 0.888885 1.47584 0.413156
2.3333 -1.66666 0.88888 1.4758 0.413148
2.33335 -1.66666 0.88888 1.47576 0.41313
2.3334 -1.66666 0.88888 1.47573 0.413113
2.33345 -1.66666 0.88888 1.4757 0.413095
2.3335 -1.66666 0.88888 1.47567 0.413077
2.33355 -1.66648 0.888813 1.47646 0.413236
2.3336 -1.66648 0.888813 1.47642 0.413218
2.33365 -1.66648 0.888813 1.47639 0.4132
2.3337 -1.66648 0.888813 1.47636 0.413183
2.33375 -1.66648 0.888813 1.47633 0.413165
2.3338 -1.66648 0.888813 1.4763 0.413147
2.33385 -1.66648 0.888813 1.47627 0.41313
2.3339 -1.66629 0.888752 1.47612 0.413298
2.33395 -1.66629 0.888752 1.47609 0.41328
2.334 -1.66608 0.888678 1.47551 0.413468
2.33405 -1.66628 0.888745 1.47558 0.413284
2.3341 -1.66628 0.888745 1.47555 0.413266
2.33415 -1.66666 0.888877 1.47579 0.412877
2.3342 -1.66666 0.888877 1.47576 0.412859
2.33425 -1.66666 0.888877 1.47573 0.412841
2.3343 -1.66666 0.888877 1.4757 0.412824
2.33435 -1.66656 0.888848 1.47595 0.412933
2.3344 -1.66653 0.88884 1.4759 0.412945
2.33445 -1.66652 0.888835 1.47586 0.412937
2.3345 -1.66652 0.888835 1.47582 0.412919
2.33455 -1.66643 0.888803 1.47572 0.41299
2.3346 -1.66643 0.888803 1.47569 0.412972
2.33465 -1.66657 0.88885 1.47573 0.412817
2.3347 -1.66633 0.88876 1.47552 0.413005
2.33475 -1.66633 0.88876 1.47549 0.412987
2.3348 -1.66633 0.88876 1.47546 0.41297
2.33485 -1.66637 0.888777 1.47545 0.412913
2.3349 -1.66637 0.888777 1.47542 0.412895
2.33495 -1.66641 0.888792 1.47519 0.412838
2.335 -1.66641 0.888792 1.47516 0.412821
2.33505 -1.66641 0.888792 1.47512 0.412803
2.3351 -1.66641 0.888792 1.47509 0.412785
2.33515 -1.66641 0.888792 1.47506 0.412768
2.3352 -1.66641 0.888792 1.47503 0.41275
2.33525 -1.66641 0.888792 1.475 0.412732
2.3353 -1.66641 0.888792 1.47497 0.412715
2.33535 -1.66641 0.888792 1.47493 0.412697
2.3354 -1.66615 0.888705 1.47516 0.412933
2.33545 -1.66615 0.888705 1.47513 0.412916
2.3355 -1.66587 0.88861 1.4749 0.413201
2.33555 -1.66587 0.88861 1.47487 0.413183
2.3356 -1.66587 0.88861 1.47484 0.413165
2.33565 -1.66586 0.888613 1.47464 0.413157
2.3357 -1.66582 0.888598 1.47412 0.413179
2.33575 -1.66555 0.88851 1.47391 0.413425
2.3358 -1.66554 0.888505 1.47431 0.413417
2.33585 -1.66554 0.888505 1.47428 0.413399
2.3359 -1.66554 0.888505 1.47425 0.413381
2.33595 -1.66555 0.888508 1.47422 0.413354
2.336 -1.66555 0.888508 1.47419 0.413336
2.33605 -1.66555 0.888508 1.47416 0.413319
2.3361 -1.66555 0.888508 1.47413 0.413301
2.33615 -1.66555 0.888508 1.4741 0.413283
2.3362 -1.66557 0.888515 1.47421 0.413246
2.33625 -1.66556 0.888513 1.47417 0.413238
2.3363 -1.66556 0.888513 1.47414 0.41322
2.33635 -1.66556 0.888513 1.47411 0.413203
2.3364 -1.66556 0.888513 1.47408 0.413185
2.33645 -1.66556 0.888513 1.47405 0.413167
2.3365 -1.66544 0.888467 1.47393 0.413267
2.33655 -1.66546 0.888475 1.47391 0.413229
2.3366 -1.66557 0.888513 1.47396 0.413104
2.33665 -1.66564 0.888537 1.47407 0.413019
2.3367 -1.66564 0.888537 1.47404 0.413001
2.33675 -1.66543 0.88846 1.47381 0.413159
2.3368 -1.66542 0.888452 1.47343 0.413151
2.33685 -1.66542 0.888452 1.4734 0.413133
2.3369 -1.66542 0.888452 1.47337 0.413115
2.33695 -1.66541 0.88845 1.47333 0.413107
2.337 -1.66541 0.88845 1.4733 0.41309
2.33705 -1.66541 0.88845 1.47327 0.413072
2.3371 -1.66541 0.88845 1.47323 0.413054
2.33715 -1.66541 0.88845 1.4732 0.413037
2.3372 -1.66542 0.888452 1.47318 0.413009
2.33725 -1.66542 0.888452 1.47315 0.412992
2.3373 -1.66542 0.888452 1.47312 0.412974
2.33735 -1.6653 0.888415 1.47326 0.413102
2.3374 -1.66542 0.888458 1.47331 0.412968
2.33745 -1.66542 0.888458 1.47328 0.41295
2.3375 -1.66542 0.888458 1.47325 0.412933
2.33755 -1.66542 0.888458 1.47322 0.412915
2.3376 -1.66542 0.888458 1.47319 0.412897
2.33765 -1.66542 0.888458 1.47315 0.41288
2.3377 -1.6654 0.88845 1.47311 0.412881
2.33775 -1.6654 0.88845 1.47308 0.412864
2.3378 -1.6654 0.88845 1.47304 0.412846
2.33785 -1.6654 0.88845 1.47301 0.412828
2.3379 -1.6654 0.88845 1.47298 0.412811
2.33795 -1.6654 0.88845 1.47295 0.412793
2.338 -1.6654 0.88845 1.47292 0.412775
2.33805 -1.6654 0.88845 1.47289 0.412758
2.3381 -1.6654 0.88845 1.47285 0.41274
2.33815 -1.6654 0.88845 1.47282 0.412722
2.3382 -1.66541 0.888458 1.47294 0.412695
2.33825 -1.66541 0.888458 1.47291 0.412677
2.3383 -1.66541 0.888458 1.47288 0.41266
2.33835 -1.66541 0.888458 1.47285 0.412642
2.3384 -1.66529 0.888417 1.47273 0.412741
2.33845 -1.66529 0.888417 1.4727 0.412724
2.3385 -1.66529 0.888417 1.47267 0.412706
2.33855 -1.66524 0.888397 1.47258 0.412737
2.3386 -1.66524 0.888397 1.47254 0.412719
2.33865 -1.66524 0.888397 1.47251 0.412702
2.3387 -1.66524 0.888397 1.47248 0.412684
2.33875 -1.66524 0.888397 1.47245 0.412666
2.3388 -1.66524 0.888397 1.47242 0.412649
2.33885 -1.66524 0.888397 1.47239 0.412631
2.3389 -1.66535 0.888435 1.47244 0.412507
2.33895 -1.66519 0.888375 1.47229 0.412615
2.339 -1.66519 0.888375 1.47226 0.412598
2.33905 -1.66519 0.888375 1.47223 0.41258
2.3391 -1.66519 0.888375 1.4722 0.412562
2.33915 -1.66519 0.888375 1.47216 0.412545
2.3392 -1.66519 0.888375 1.47213 0.412527
2.33925 -1.66519 0.888375 1.4721 0.412509
2.3393 -1.66519 0.888375 1.47207 0.412492
2.33935 -1.66519 0.888375 1.47204 0.412474
2.3394 -1.66519 0.888375 1.47201 0.412457
2.33945 -1.66519 0.888375 1.47198 0.412439
2.3395 -1.66519 0.888375 1.47194 0.412421
2.33955 -1.66509 0.888347 1.47182 0.412501
2.3396 -1.66509 0.888347 1.47179 0.412483
2.33965 -1.66509 0.888347 1.47176 0.412466
2.3397 -1.66509 0.888347 1.47173 0.412448
2.33975 -1.66509 0.888347 1.4717 0.41243
2.3398 -1.66509 0.888347 1.47167 0.412413
2.33985 -1.66515 0.888367 1.47171 0.412337
2.3399 -1.66515 0.888367 1.47168 0.412319
2.33995 -1.66515 0.888367 1.47165 0.412302
2.34 -1.66515 0.888367 1.47162 0.412284
2.34005 -1.66515 0.888367 1.47158 0.412266
2.3401 -1.66515 0.888367 1.47155 0.412249
2.34015 -1.66515 0.888367 1.47152 0.412231
2.3402 -1.66515 0.888367 1.47149 0.412213
2.34025 -1.66515 0.888367 1.47146 0.412196
2.3403 -1.66508 0.888343 1.47138 0.412246
2.34035 -1.66508 0.888343 1.47134 0.412229
2.3404 -1.66477 0.888235 1.47098 0.412512
2.34045 -1.66477 0.888235 1.47095 0.412494
2.3405 -1.66477 0.888235 1.47092 0.412477
2.34055 -1.66477 0.888235 1.47089 0.412459
2.3406 -1.66477 0.888235 1.47086 0.412442
2.34065 -1.66477 0.888235 1.47083 0.412424
2.3407 -1.66508 0.88834 1.47098 0.412047
2.34075 -1.66498 0.888305 1.47088 0.412126
2.3408 -1.66498 0.888305 1.47085 0.412109
2.34085 -1.66498 0.888305 1.47082 0.412091
2.3409 -1.66498 0.888305 1.47079 0.412074
2.34095 -1.66498 0.888305 1.47076 0.412056
2.341 -1.66456 0.88816 1.47043 0.412446
2.34105 -1.66456 0.88816 1.4704 0.412428
2.3411 -1.66435 0.888088 1.47022 0.412614
2.34115 -1.66435 0.888088 1.47019 0.412597
2.3412 -1.66435 0.888088 1.47016 0.412579
2.34125 -1.66435 0.888088 1.47013 0.412562
2.3413 -1.66434 0.888085 1.47009 0.412554
2.34135 -1.66434 0.888085 1.47006 0.412536
2.3414 -1.66433 0.88808 1.47002 0.412528
2.34145 -1.66385 0.88792 1.4695 0.412976
2.3415 -1.66357 0.887827 1.46934 0.413258
2.34155 -1.66355 0.88782 1.46945 0.41326
2.3416 -1.66355 0.88782 1.46942 0.413242
2.34165 -1.66355 0.88782 1.46938 0.413225
2.3417 -1.66364 0.887855 1.46924 0.413149
2.34175 -1.66364 0.887855 1.46921 0.413132
2.3418 -1.66364 0.887855 1.46918 0.413114
2.34185 -1.66364 0.887855 1.46915 0.413096
2.3419 -1.66364 0.887855 1.46912 0.413079
2.34195 -1.66349 0.887803 1.46919 0.413206
2.342 -1.66349 0.887803 1.46916 0.413189
2.34205 -1.66338 0.887765 1.46905 0.413277
2.3421 -1.66338 0.887765 1.46902 0.41326
2.34215 -1.66338 0.887765 1.46899 0.413242
2.3422 -1.66339 0.88777 1.46897 0.413215
2.34225 -1.66315 0.887687 1.46876 0.413429
2.3423 -1.66298 0.887628 1.4686 0.413576
2.34235 -1.66299 0.887633 1.46858 0.413549
2.3424 -1.66299 0.887633 1.46855 0.413531
2.34245 -1.66306 0.88766 1.46857 0.413446
2.3425 -1.66306 0.88766 1.46854 0.413428
2.34255 -1.66306 0.88766 1.46851 0.41341
2.3426 -1.66315 0.887692 1.46842 0.413306
2.34265 -1.66315 0.887692 1.46839 0.413288
2.3427 -1.66315 0.887692 1.46836 0.41327
2.34275 -1.66315 0.887692 1.46833 0.413253
2.3428 -1.66315 0.887692 1.4683 0.413235
2.34285 -1.66307 0.887668 1.46821 0.413295
2.3429 -1.66307 0.887668 1.46818 0.413277
2.34295 -1.66276 0.887565 1.46806 0.413559
2.343 -1.66276 0.887565 1.46803 0.413541
2.34305 -1.66299 0.887648 1.46792 0.413302
2.3431 -1.66299 0.887648 1.46789 0.413284
2.34315 -1.66274 0.88757 1.46792 0.413508
2.3432 -1.66257 0.887513 1.46777 0.413654
2.34325 -1.66258 0.887517 1.46774 0.413627
2.3433 -1.66259 0.88752 1.46772 0.4136
2.34335 -1.66259 0.88752 1.46769 0.413582
2.3434 -1.66259 0.88752 1.46766 0.413564
2.34345 -1.66259 0.88752 1.46763 0.413547
2.3435 -1.66259 0.88752 1.46759 0.413529
2.34355 -1.66259 0.88752 1.46756 0.413511
2.3436 -1.6626 0.887522 1.46754 0.413484
2.34365 -1.6626 0.887522 1.46751 0.413466
2.3437 -1.6626 0.887522 1.46748 0.413449
2.34375 -1.66249 0.88749 1.46737 0.413566
2.3438 -1.66245 0.88748 1.46732 0.413587
2.34385 -1.66241 0.887467 1.46726 0.413608
2.3439 -1.66232 0.88744 1.46717 0.413677
2.34395 -1.66247 0.887495 1.46725 0.413544
2.344 -1.66242 0.88748 1.46718 0.413575
2.34405 -1.66242 0.88748 1.46715 0.413557
2.3441 -1.66223 0.887413 1.46698 0.413723
2.34415 -1.66235 0.88746 1.46704 0.413589
2.3442 -1.66235 0.88746 1.46701 0.413572
2.34425 -1.66235 0.88746 1.46698 0.413554
2.3443 -1.66226 0.887432 1.46689 0.413652
2.34435 -1.66226 0.887432 1.46686 0.413635
2.3444 -1.66226 0.887432 1.46683 0.413617
2.34445 -1.66226 0.887432 1.4668 0.413599
2.3445 -1.66226 0.887432 1.46677 0.413582
2.34455 -1.66224 0.887425 1.46672 0.413583
2.3446 -1.66224 0.887425 1.46669 0.413566
2.34465 -1.66223 0.88742 1.46632 0.413558
2.3447 -1.66223 0.88742 1.46629 0.41354
2.34475 -1.66223 0.88742 1.46626 0.413522
2.3448 -1.66223 0.88742 1.46623 0.413505
2.34485 -1.66223 0.88742 1.4662 0.413487
2.3449 -1.66211 0.88738 1.46635 0.413585
2.34495 -1.66211 0.88738 1.46632 0.413568
2.345 -1.66211 0.88738 1.46629 0.41355
2.34505 -1.66213 0.887387 1.46566 0.413513
2.3451 -1.66216 0.8874 1.46628 0.413496
2.34515 -1.66216 0.8874 1.46625 0.413478
2.3452 -1.66216 0.8874 1.46622 0.41346
2.34525 -1.66216 0.8874 1.46618 0.413443
2.3453 -1.66216 0.8874 1.46615 0.413425
2.34535 -1.66232 0.887458 1.46629 0.413253
2.3454 -1.66235 0.887472 1.4663 0.413265
2.34545 -1.66235 0.887472 1.46627 0.413247
2.3455 -1.66235 0.887472 1.46624 0.41323
2.34555 -1.66235 0.887472 1.4662 0.413212
2.3456 -1.66235 0.887472 1.46617 0.413195
2.34565 -1.66235 0.887472 1.46614 0.413177
2.3457 -1.66235 0.887472 1.46611 0.413159
2.34575 -1.66235 0.887472 1.46608 0.413142
2.3458 -1.66234 0.88747 1.46604 0.413134
2.34585 -1.66234 0.88747 1.46601 0.413116
2.3459 -1.66234 0.88747 1.46598 0.413098
2.34595 -1.66235 0.887475 1.46596 0.413071
2.346 -1.66235 0.887475 1.46592 0.413054
2.34605 -1.66235 0.887475 1.46589 0.413036
2.3461 -1.66235 0.887475 1.46586 0.413018
2.34615 -1.66235 0.887475 1.46583 0.413001
2.3462 -1.66235 0.887475 1.4658 0.412983
2.34625 -1.66235 0.887475 1.46577 0.412966
2.3463 -1.66236 0.88748 1.46574 0.412938
2.34635 -1.66236 0.88748 1.46571 0.412921
2.3464 -1.66236 0.88748 1.46568 0.412903
2.34645 -1.66236 0.88748 1.46565 0.412886
2.3465 -1.66236 0.88748 1.46562 0.412868
2.34655 -1.66232 0.887465 1.46551 0.412889
2.3466 -1.66228 0.887452 1.46548 0.41291
2.34665 -1.66232 0.887467 1.46548 0.412854
2.3467 -1.66232 0.887467 1.46545 0.412836
2.34675 -1.66232 0.887467 1.46542 0.412819
2.3468 -1.66232 0.887467 1.46539 0.412801
2.34685 -1.66232 0.887467 1.46536 0.412783
2.3469 -1.66232 0.887467 1.46533 0.412766
2.34695 -1.66211 0.887402 1.46515 0.412979
2.347 -1.66203 0.887373 1.46506 0.413039
2.34705 -1.66203 0.887373 1.46503 0.413021
2.3471 -1.66203 0.887373 1.465 0.413003
2.34715 -1.66203 0.887373 1.46497 0.412986
2.3472 -1.66203 0.887373 1.46494 0.412968
2.34725 -1.66203 0.887373 1.46491 0.412951
2.3473 -1.66203 0.887373 1.46488 0.412933
2.34735 -1.66203 0.887373 1.46484 0.412915
2.3474 -1.66203 0.887373 1.46481 0.412898
2.34745 -1.66196 0.887347 1.46473 0.412947
2.3475 -1.66196 0.887347 1.4647 0.41293
2.34755 -1.66196 0.887347 1.46467 0.412912
2.3476 -1.66196 0.887347 1.46464 0.412895
2.34765 -1.66186 0.887312 1.46442 0.412973
2.3477 -1.66168 0.887252 1.46425 0.413128
2.34775 -1.66168 0.887252 1.46422 0.413111
2.3478 -1.66168 0.887252 1.46419 0.413093
2.34785 -1.66145 0.887173 1.46399 0.413297
2.3479 -1.66145 0.887173 1.46396 0.413279
2.34795 -1.66143 0.887165 1.46392 0.413281
2.348 -1.66143 0.887165 1.46389 0.413263
2.34805 -1.66143 0.887165 1.46386 0.413245
2.3481 -1.66143 0.887165 1.46383 0.413228
2.34815 -1.66143 0.887165 1.4638 0.41321
2.3482 -1.66143 0.887165 1.46377 0.413193
2.34825 -1.66143 0.887165 1.46374 0.413175
2.3483 -1.66143 0.887165 1.46371 0.413157
2.34835 -1.66143 0.887165 1.46367 0.41314
2.3484 -1.66133 0.887132 1.4636 0.413218
2.34845 -1.66135 0.887138 1.46358 0.413181
2.3485 -1.66134 0.887135 1.46354 0.413173
2.34855 -1.66135 0.887138 1.46352 0.413146
2.3486 -1.66135 0.887138 1.46349 0.413129
2.34865 -1.66125 0.887103 1.46338 0.413207
2.3487 -1.66125 0.887103 1.46335 0.413189
2.34875 -1.66125 0.887103 1.46332 0.413172
2.3488 -1.66125 0.887103 1.46329 0.413154
2.34885 -1.66113 0.88706 1.46295 0.413252
2.3489 -1.66121 0.88709 1.46321 0.413157
2.34895 -1.66121 0.88709 1.46318 0.41314
2.349 -1.66121 0.88709 1.46315 0.413122
2.34905 -1.66097 0.887007 1.46298 0.413335
2.3491 -1.66097 0.887007 1.46295 0.413317
2.34915 -1.66097 0.887007 1.46292 0.413299
2.3492 -1.66097 0.887007 1.46289 0.413282
2.34925 -1.66097 0.887007 1.46286 0.413264
2.3493 -1.66097 0.887007 1.46283 0.413247
2.34935 -1.66097 0.887007 1.4628 0.413229
2.3494 -1.66097 0.887007 1.46276 0.413211
2.34945 -1.66097 0.887007 1.46273 0.413194
2.3495 -1.66087 0.886973 1.46263 0.413272
2.34955 -1.66087 0.886973 1.4626 0.413254
2.3496 -1.66087 0.886973 1.46257 0.413237
2.34965 -1.66087 0.886973 1.46254 0.413219
2.3497 -1.66087 0.886973 1.4625 0.413202
2.34975 -1.66088 0.886973 1.46248 0.413174
2.3498 -1.66088 0.886973 1.46245 0.413157
2.34985 -1.66088 0.886973 1.46242 0.413139
2.3499 -1.66093 0.88699 1.46242 0.413074
2.34995 -1.66091 0.886983 1.46237 0.413075
