2.1 -1.66221 0.868832 0.874756 0.935504
2.10038 -1.663 0.870262 0.803192 0.894422
2.10075 -1.66143 0.868137 0.928497 0.989228
2.10113 -1.6616 0.869056 0.862197 0.947366
2.1015 -1.65867 0.866185 1.00489 1.00216
2.10188 -1.65951 0.866184 1.2459 1.00798
2.10225 -1.65944 0.86667 0.959496 0.918434
2.10263 -1.65832 0.865588 1.26027 1.02483
2.103 -1.65863 0.865778 1.08643 0.955332
2.10338 -1.65937 0.866552 1.05478 0.948518
2.10375 -1.65566 0.862287 1.74741 1.05638
2.10413 -1.65775 0.865877 0.96214 0.996414
2.1045 -1.65643 0.863525 1.16916 0.988547
2.10488 -1.658 0.866466 0.953252 0.971437
2.10525 -1.65553 0.864556 0.973824 0.959191
2.10563 -1.65745 0.865859 0.926421 0.950591
2.106 -1.65732 0.866105 1.02333 1.0077
2.10637 -1.65677 0.865583 1.03472 0.955926
2.10675 -1.65476 0.864473 1.07902 0.992634
2.10712 -1.65554 0.865038 1.00203 0.991961
2.1075 -1.65636 0.866562 0.91142 0.953676
2.10787 -1.65482 0.86472 1.02545 1.02208
2.10825 -1.65699 0.866896 0.818305 0.9196
2.10862 -1.65326 0.863055 1.06111 1.00802
2.109 -1.65271 0.862079 1.19915 1.01091
2.10938 -1.65312 0.863878 0.96909 0.965514
2.10975 -1.65271 0.863379 0.996248 1.0121
2.11013 -1.6526 0.863396 0.934907 0.949933
2.1105 -1.65381 0.864934 0.97912 1.00016
2.11088 -1.65326 0.864004 1.05392 0.993985
2.11125 -1.65083 0.862053 1.13188 0.978232
2.11163 -1.65013 0.860734 1.23174 1.05535
2.112 -1.65123 0.863137 1.00971 0.982127
2.11238 -1.65047 0.860858 1.64451 1.07803
2.11275 -1.64978 0.860817 1.49646 1.05715
2.11313 -1.65093 0.863052 0.969548 0.979345
2.1135 -1.6499 0.862782 0.85668 0.951499
2.11388 -1.64944 0.862339 0.872559 0.963267
2.11425 -1.64869 0.860244 1.11458 0.994511
2.11463 -1.64523 0.857106 1.45555 1.05596
2.115 -1.64592 0.856872 1.60415 1.08063
2.11538 -1.64785 0.86063 1.04829 1.01107
2.11575 -1.64628 0.859462 1.04174 0.987644
2.11613 -1.64817 0.861011 1.05728 1.00289
2.1165 -1.64618 0.859556 1.24353 1.03909
2.11688 -1.64564 0.859456 1.04513 0.999704
2.11725 -1.6434 0.856887 1.14117 1.01469
2.11763 -1.64595 0.859518 1.11266 1.02959
2.118 -1.64327 0.857506 1.10905 1.04058
2.11838 -1.64458 0.859015 1.04303 1.00781
2.11875 -1.64475 0.859057 1.1442 1.06517
2.11912 -1.6426 0.857244 1.21229 1.06964
2.1195 -1.64329 0.858331 1.02055 0.977078
2.11987 -1.6426 0.85538 1.70366 1.06605
2.12025 -1.64311 0.857966 1.0731 1.0114
2.12062 -1.64175 0.856587 1.14378 1.04391
2.121 -1.64133 0.856023 1.21223 0.984426
2.12138 -1.64234 0.857998 1.14719 1.04184
2.12175 -1.64152 0.855918 1.3668 1.05431
2.12213 -1.64118 0.856792 1.15698 1.00507
2.1225 -1.63956 0.855719 1.17979 1.06065
2.12288 -1.64071 0.85602 1.13329 0.963305
2.12325 -1.63947 0.855435 1.1839 1.0321
2.12363 -1.63591 0.851889 1.28701 1.06714
2.124 -1.63802 0.853576 1.35777 1.0278
2.12438 -1.63793 0.854028 1.4238 1.10264
2.12475 -1.63816 0.85437 1.22452 1.0326
2.12513 -1.63587 0.85163 1.39775 1.04202
2.1255 -1.63605 0.853607 1.17308 1.02463
2.12588 -1.63132 0.84354 3.15529 1.21552
2.12625 -1.63494 0.851963 1.33512 1.05495
2.12663 -1.63803 0.855462 1.11372 1.00182
2.127 -1.63425 0.852664 1.19994 1.03073
2.12738 -1.63487 0.851534 1.38021 1.06127
2.12775 -1.63451 0.852126 1.33212 1.09119
2.12813 -1.63292 0.849661 1.6083 1.02655
2.1285 -1.6335 0.851319 1.34492 1.02218
2.12888 -1.63106 0.84956 1.22497 1.0512
2.12925 -1.6316 0.849116 1.40321 1.05041
2.12963 -1.63318 0.851985 1.19205 1.04819
2.13 -1.63128 0.850498 1.17128 1.03127
2.13038 -1.63247 0.85068 1.36073 1.04873
2.13075 -1.63046 0.848875 1.52744 1.08935
2.13113 -1.63012 0.850193 1.17576 1.03652
2.1315 -1.63171 0.851357 1.20984 1.05664
2.13187 -1.62942 0.848944 1.33653 1.07303
2.13225 -1.63136 0.851314 1.1425 1.0152
2.13262 -1.62952 0.84945 1.36545 1.03994
2.133 -1.62612 0.844607 1.91154 1.07375
2.13338 -1.62831 0.848727 1.22241 1.05243
2.13375 -1.62742 0.846522 1.59486 1.062
2.13413 -1.62644 0.846869 1.58941 1.12486
2.1345 -1.62668 0.847974 1.28855 1.04072
2.13488 -1.62814 0.84947 1.21909 1.01706
2.13525 -1.62562 0.846486 1.45339 1.12037
2.13563 -1.62841 0.84907 1.26885 1.0597
2.136 -1.62555 0.846296 1.44667 1.09111
2.13638 -1.62533 0.847463 1.26507 1.10674
2.13675 -1.6238 0.844329 1.50539 1.08758
2.13713 -1.62552 0.84713 1.28977 1.07916
