2.35 -1.6662 0.888942 1.46501 0.40777
2.35005 -1.66634 0.88899 1.46507 0.407647
2.3501 -1.66634 0.88899 1.46504 0.407629
2.35015 -1.66634 0.88899 1.46501 0.407612
2.3502 -1.66634 0.88899 1.46498 0.407595
2.35025 -1.66623 0.888953 1.4651 0.407683
2.3503 -1.66623 0.888953 1.46507 0.407666
2.35035 -1.66623 0.888953 1.46504 0.407649
2.3504 -1.66623 0.888953 1.465 0.407631
2.35045 -1.66623 0.888953 1.46497 0.407614
2.3505 -1.66623 0.888953 1.46494 0.407597
2.35055 -1.66623 0.888953 1.46491 0.407579
2.3506 -1.66623 0.888953 1.46488 0.407562
2.35065 -1.66623 0.888953 1.46485 0.407545
2.3507 -1.66621 0.888945 1.46472 0.407547
2.35075 -1.66623 0.888953 1.4647 0.40751
2.3508 -1.66623 0.888953 1.46467 0.407493
2.35085 -1.66615 0.88892 1.4652 0.407552
2.3509 -1.66615 0.88892 1.46516 0.407535
2.35095 -1.66615 0.88892 1.46513 0.407518
2.351 -1.66607 0.8889 1.46558 0.407578
2.35105 -1.66607 0.8889 1.46555 0.40756
2.3511 -1.66611 0.888912 1.46428 0.407504
2.35115 -1.66611 0.888912 1.46425 0.407487
2.3512 -1.66611 0.888912 1.46422 0.40747
2.35125 -1.66611 0.888912 1.46419 0.407452
2.3513 -1.66611 0.888912 1.46416 0.407435
2.35135 -1.66611 0.888912 1.46413 0.407418
2.3514 -1.66611 0.888912 1.4641 0.4074
2.35145 -1.66611 0.888912 1.46407 0.407383
2.3515 -1.6658 0.888807 1.46381 0.407693
2.35155 -1.6658 0.888807 1.46378 0.407676
2.3516 -1.6658 0.888807 1.46374 0.407659
2.35165 -1.6658 0.888807 1.46371 0.407641
2.3517 -1.66585 0.888833 1.46321 0.407576
2.35175 -1.66585 0.888833 1.46318 0.407558
2.3518 -1.66585 0.888833 1.46315 0.407541
2.35185 -1.66585 0.888833 1.46312 0.407524
2.3519 -1.66585 0.888833 1.46308 0.407506
2.35195 -1.66564 0.88876 1.46292 0.407691
2.352 -1.66562 0.888752 1.46087 0.407693
2.35205 -1.66562 0.888752 1.46084 0.407676
2.3521 -1.66562 0.888752 1.46081 0.407659
2.35215 -1.66552 0.888722 1.4607 0.407738
2.3522 -1.66549 0.888713 1.46065 0.407749
2.35225 -1.66549 0.888713 1.46061 0.407732
2.3523 -1.66563 0.888765 1.46211 0.40758
2.35235 -1.66559 0.888752 1.46369 0.407601
2.3524 -1.66559 0.888752 1.46366 0.407584
2.35245 -1.66559 0.888752 1.46362 0.407566
2.3525 -1.66561 0.88876 1.46433 0.40753
2.35255 -1.66562 0.888775 1.46429 0.407532
2.3526 -1.66562 0.888775 1.46426 0.407514
2.35265 -1.66563 0.888777 1.46427 0.407487
2.3527 -1.66563 0.888777 1.46424 0.40747
2.35275 -1.66542 0.888702 1.46389 0.407655
2.3528 -1.66558 0.888757 1.46411 0.407483
2.35285 -1.66558 0.888757 1.46408 0.407466
2.3529 -1.66558 0.888757 1.46405 0.407449
2.35295 -1.66558 0.888757 1.46402 0.407432
2.353 -1.66558 0.888757 1.46399 0.407414
2.35305 -1.66558 0.888757 1.46395 0.407397
2.3531 -1.66562 0.888772 1.46395 0.407341
2.35315 -1.66562 0.888772 1.46392 0.407324
2.3532 -1.66562 0.888772 1.46389 0.407306
2.35325 -1.66562 0.888772 1.46386 0.407289
2.3533 -1.66564 0.88878 1.46385 0.407253
2.35335 -1.66562 0.888775 1.46381 0.407283
2.3534 -1.66538 0.888692 1.46324 0.407497
2.35345 -1.66538 0.888692 1.46321 0.40748
2.3535 -1.66551 0.888735 1.46325 0.407308
2.35355 -1.66551 0.888735 1.46322 0.407291
2.3536 -1.66551 0.888735 1.46319 0.407274
2.35365 -1.66551 0.888735 1.46316 0.407256
2.3537 -1.66545 0.888715 1.4596 0.407297
2.35375 -1.66547 0.888722 1.46192 0.40726
2.3538 -1.66547 0.888722 1.46189 0.407243
2.35385 -1.66547 0.888722 1.46186 0.407226
2.3539 -1.66531 0.888668 1.46325 0.407362
2.35395 -1.66509 0.888595 1.46307 0.407556
2.354 -1.66509 0.888595 1.46303 0.407539
2.35405 -1.66509 0.888595 1.463 0.407521
2.3541 -1.66509 0.888595 1.46297 0.407504
2.35415 -1.66509 0.888595 1.46294 0.407487
2.3542 -1.66509 0.888595 1.46291 0.40747
2.35425 -1.66511 0.888602 1.46289 0.407433
2.3543 -1.66511 0.888602 1.46286 0.407416
2.35435 -1.66516 0.88862 1.46287 0.40735
2.3544 -1.66512 0.888605 1.46209 0.407372
2.35445 -1.66512 0.888605 1.46206 0.407354
2.3545 -1.66512 0.888605 1.46203 0.407337
2.35455 -1.66512 0.888605 1.462 0.40732
2.3546 -1.66512 0.888605 1.46197 0.407302
2.35465 -1.66512 0.888605 1.46194 0.407285
2.3547 -1.66512 0.888605 1.46191 0.407268
2.35475 -1.66531 0.88867 1.46201 0.407068
2.3548 -1.66531 0.88867 1.46198 0.407051
2.35485 -1.66531 0.88867 1.46195 0.407034
2.3549 -1.66531 0.88867 1.46191 0.407016
2.35495 -1.66531 0.88867 1.46188 0.406999
2.355 -1.66531 0.88867 1.46185 0.406982
2.35505 -1.66531 0.88867 1.46182 0.406964
2.3551 -1.66531 0.88867 1.46179 0.406947
2.35515 -1.66526 0.88865 1.46194 0.406978
2.3552 -1.66526 0.88865 1.46191 0.406961
2.35525 -1.66526 0.88865 1.46188 0.406943
2.3553 -1.66526 0.88865 1.46185 0.406926
2.35535 -1.66526 0.88865 1.46182 0.406909
2.3554 -1.66529 0.88866 1.46181 0.406863
2.35545 -1.66529 0.88866 1.46178 0.406845
2.3555 -1.66521 0.888635 1.46147 0.406905
2.35555 -1.66521 0.888635 1.46144 0.406888
2.3556 -1.66507 0.888587 1.46188 0.407005
2.35565 -1.66507 0.888587 1.46185 0.406987
2.3557 -1.66507 0.888587 1.46182 0.40697
2.35575 -1.66507 0.888587 1.46179 0.406953
2.3558 -1.66507 0.888587 1.46176 0.406935
2.35585 -1.66507 0.888587 1.46173 0.406918
2.3559 -1.66507 0.888587 1.4617 0.406901
2.35595 -1.66507 0.888587 1.46167 0.406884
2.356 -1.66503 0.888572 1.46144 0.406905
2.35605 -1.66503 0.888572 1.46141 0.406887
2.3561 -1.66503 0.888572 1.46138 0.40687
2.35615 -1.66503 0.888572 1.46135 0.406853
2.3562 -1.66503 0.888572 1.46132 0.406836
2.35625 -1.6651 0.888595 1.46057 0.406751
2.3563 -1.6651 0.888595 1.46053 0.406734
2.35635 -1.66472 0.88846 1.46024 0.407081
2.3564 -1.66473 0.888463 1.46022 0.407054
2.35645 -1.66473 0.888463 1.46019 0.407037
2.3565 -1.66473 0.888463 1.46016 0.407019
2.35655 -1.66473 0.888463 1.46013 0.407002
2.3566 -1.66458 0.88841 1.461 0.407128
2.35665 -1.66458 0.88841 1.46097 0.407111
2.3567 -1.66458 0.88841 1.46094 0.407094
2.35675 -1.66468 0.888443 1.46098 0.406981
2.3568 -1.66468 0.888443 1.46095 0.406964
2.35685 -1.66468 0.888443 1.46092 0.406946
2.3569 -1.66468 0.888443 1.46089 0.406929
2.35695 -1.66468 0.888443 1.46086 0.406912
2.357 -1.66468 0.888443 1.46083 0.406895
2.35705 -1.66468 0.888443 1.4608 0.406877
2.3571 -1.66468 0.888443 1.46076 0.40686
2.35715 -1.66468 0.888443 1.46073 0.406843
2.3572 -1.66468 0.888443 1.4607 0.406826
2.35725 -1.66468 0.888443 1.46067 0.406808
2.3573 -1.66468 0.888443 1.46064 0.406791
2.35735 -1.66454 0.888393 1.46052 0.406908
2.3574 -1.66454 0.888393 1.46049 0.40689
2.35745 -1.66458 0.888408 1.46046 0.406835
2.3575 -1.66476 0.888475 1.46055 0.406617
2.35755 -1.66476 0.888475 1.46051 0.406599
2.3576 -1.66457 0.88841 1.46043 0.406764
2.35765 -1.66457 0.88841 1.4604 0.406747
2.3577 -1.66457 0.88841 1.46037 0.406729
2.35775 -1.66473 0.88846 1.45946 0.406559
2.3578 -1.66473 0.88846 1.45943 0.406542
2.35785 -1.66472 0.888458 1.45938 0.406534
2.3579 -1.66471 0.888455 1.45934 0.406555
2.35795 -1.66471 0.888455 1.45931 0.406538
2.358 -1.66466 0.888437 1.45832 0.406569
2.35805 -1.66466 0.888437 1.45829 0.406551
2.3581 -1.66473 0.888463 1.45937 0.406467
2.35815 -1.66472 0.88846 1.45933 0.40646
2.3582 -1.66503 0.88857 1.45951 0.406203
2.35825 -1.66503 0.88857 1.45948 0.406186
2.3583 -1.66503 0.88857 1.45945 0.406169
2.35835 -1.66498 0.88856 1.46014 0.4062
2.3584 -1.6648 0.8885 1.45819 0.406354
2.35845 -1.66481 0.888502 1.45816 0.406328
2.3585 -1.66481 0.888502 1.45813 0.40631
2.35855 -1.66487 0.888525 1.45814 0.406236
2.3586 -1.66494 0.888548 1.46003 0.406152
2.35865 -1.66494 0.888548 1.46 0.406134
2.3587 -1.66494 0.888548 1.45997 0.406117
2.35875 -1.66488 0.888528 1.45959 0.406157
2.3588 -1.66488 0.888528 1.45956 0.40614
2.35885 -1.66488 0.888528 1.45953 0.406123
2.3589 -1.66488 0.888528 1.4595 0.406106
2.35895 -1.66488 0.888528 1.45947 0.406088
2.359 -1.66488 0.888528 1.45944 0.406071
2.35905 -1.66488 0.888528 1.45941 0.406054
2.3591 -1.66488 0.888528 1.45938 0.406037
2.35915 -1.66462 0.88844 1.45411 0.406268
2.3592 -1.66462 0.88844 1.45408 0.406251
2.35925 -1.66454 0.88841 1.45672 0.40631
2.3593 -1.66454 0.88841 1.45669 0.406293
2.35935 -1.66454 0.88841 1.45666 0.406276
2.3594 -1.66454 0.88841 1.45663 0.406258
2.35945 -1.66453 0.888408 1.45659 0.406251
2.3595 -1.66453 0.888408 1.45656 0.406234
2.35955 -1.66453 0.888408 1.45653 0.406216
2.3596 -1.66442 0.888373 1.45642 0.406304
2.35965 -1.66442 0.888373 1.45639 0.406287
2.3597 -1.66442 0.888373 1.45636 0.40627
2.35975 -1.66442 0.888373 1.45633 0.406252
2.3598 -1.66445 0.88838 1.45631 0.406207
2.35985 -1.66424 0.888315 1.45616 0.40639
2.3599 -1.66418 0.888295 1.45613 0.40643
2.35995 -1.66416 0.888288 1.45871 0.406432
2.36 -1.66416 0.888288 1.45868 0.406414
2.36005 -1.66417 0.88829 1.45866 0.406388
2.3601 -1.66422 0.888308 1.45702 0.406323
2.36015 -1.66427 0.888328 1.45703 0.406258
2.3602 -1.66427 0.888328 1.457 0.406241
2.36025 -1.6643 0.888338 1.45858 0.406195
2.3603 -1.6643 0.888338 1.45855 0.406178
2.36035 -1.66429 0.888335 1.45851 0.40617
2.3604 -1.66418 0.888297 1.45828 0.406258
2.36045 -1.66436 0.888358 1.45838 0.406069
2.3605 -1.66436 0.888358 1.45835 0.406052
2.36055 -1.66436 0.888358 1.45832 0.406034
2.3606 -1.66437 0.88836 1.45829 0.406008
2.36065 -1.66434 0.88835 1.45824 0.406019
2.3607 -1.66431 0.888338 1.45615 0.40603
2.36075 -1.66431 0.888338 1.45612 0.406013
2.3608 -1.66431 0.888338 1.45609 0.405996
2.36085 -1.66432 0.888343 1.45607 0.405969
2.3609 -1.66432 0.888343 1.45604 0.405952
2.36095 -1.66432 0.888343 1.45601 0.405935
2.361 -1.66432 0.888343 1.45598 0.405918
2.36105 -1.6643 0.888335 1.45593 0.40592
2.3611 -1.6643 0.888335 1.4559 0.405902
2.36115 -1.66427 0.888323 1.45585 0.405914
2.3612 -1.66419 0.888297 1.45774 0.405973
2.36125 -1.66417 0.88829 1.4579 0.405975
2.3613 -1.6641 0.88827 1.45782 0.406024
2.36135 -1.6641 0.88827 1.45779 0.406007
2.3614 -1.6641 0.88827 1.45776 0.40599
2.36145 -1.6641 0.88827 1.45773 0.405973
2.3615 -1.6641 0.88827 1.4577 0.405955
2.36155 -1.6641 0.88827 1.45767 0.405938
2.3616 -1.66434 0.888358 1.45781 0.405692
2.36165 -1.66434 0.888358 1.45778 0.405675
2.3617 -1.66434 0.888358 1.45775 0.405658
2.36175 -1.66434 0.888358 1.45772 0.405641
2.3618 -1.66434 0.888358 1.45769 0.405624
2.36185 -1.66407 0.888262 1.45746 0.405864
2.3619 -1.66407 0.888262 1.45743 0.405847
2.36195 -1.66408 0.888265 1.45741 0.40582
2.362 -1.66408 0.888265 1.45738 0.405803
2.36205 -1.66409 0.88827 1.45736 0.405776
2.3621 -1.66409 0.88827 1.45732 0.405759
2.36215 -1.66409 0.88827 1.45729 0.405742
2.3622 -1.66409 0.88827 1.45726 0.405724
2.36225 -1.66409 0.88827 1.45723 0.405707
2.3623 -1.6641 0.888273 1.45721 0.405681
2.36235 -1.66354 0.888082 1.45674 0.406196
2.3624 -1.66349 0.888065 1.45666 0.406227
2.36245 -1.66349 0.888065 1.45663 0.406209
2.3625 -1.6637 0.88814 1.45674 0.405964
2.36255 -1.6637 0.88814 1.45671 0.405947
2.3626 -1.6637 0.88814 1.45668 0.405929
2.36265 -1.6637 0.88814 1.45665 0.405912
2.3627 -1.66375 0.888158 1.45622 0.405848
2.36275 -1.66406 0.888267 1.45648 0.405535
2.3628 -1.66406 0.888267 1.45645 0.405518
2.36285 -1.66406 0.888267 1.45642 0.405501
2.3629 -1.66406 0.888267 1.45639 0.405484
2.36295 -1.66386 0.888195 1.45639 0.405657
2.363 -1.66386 0.888195 1.45636 0.40564
2.36305 -1.66386 0.888195 1.45633 0.405623
2.3631 -1.66391 0.888217 1.4566 0.405558
2.36315 -1.66391 0.888217 1.45657 0.405541
2.3632 -1.66391 0.888217 1.45653 0.405524
2.36325 -1.66391 0.888217 1.4565 0.405507
2.3633 -1.66391 0.888217 1.45647 0.405489
2.36335 -1.66395 0.88823 1.45647 0.405434
2.3634 -1.66395 0.88823 1.45644 0.405417
2.36345 -1.66395 0.88823 1.45641 0.4054
2.3635 -1.66372 0.888142 1.45621 0.405601
2.36355 -1.66372 0.888142 1.45617 0.405584
2.3636 -1.66376 0.88816 1.45585 0.405558
2.36365 -1.66376 0.88816 1.45582 0.405541
2.3637 -1.66376 0.88816 1.45579 0.405523
2.36375 -1.66374 0.888155 1.45493 0.405525
2.3638 -1.66368 0.888138 1.456 0.405565
2.36385 -1.66368 0.888138 1.45597 0.405548
2.3639 -1.66368 0.888138 1.45594 0.405531
2.36395 -1.66368 0.888138 1.45591 0.405514
2.364 -1.66368 0.888138 1.45588 0.405496
2.36405 -1.66368 0.888138 1.45585 0.405479
2.3641 -1.66368 0.888138 1.45582 0.405462
2.36415 -1.66367 0.888135 1.45578 0.405455
2.3642 -1.66367 0.888135 1.45575 0.405437
2.36425 -1.66367 0.888135 1.45572 0.40542
2.3643 -1.66367 0.888135 1.45569 0.405403
2.36435 -1.66357 0.888103 1.45474 0.405481
2.3644 -1.66356 0.888097 1.4547 0.405473
2.36445 -1.66356 0.888097 1.45467 0.405456
2.3645 -1.66356 0.888097 1.45464 0.405439
2.36455 -1.66356 0.888097 1.45461 0.405422
2.3646 -1.66355 0.888095 1.45457 0.405414
2.36465 -1.66354 0.88809 1.45453 0.405407
2.3647 -1.6637 0.888145 1.45476 0.405237
2.36475 -1.66352 0.888082 1.45268 0.405391
2.3648 -1.6635 0.888073 1.45376 0.405393
2.36485 -1.6635 0.888073 1.45373 0.405376
2.3649 -1.6635 0.888073 1.4537 0.405359
2.36495 -1.66346 0.88806 1.45365 0.40538
2.365 -1.66346 0.88806 1.45362 0.405362
2.36505 -1.66348 0.888065 1.4536 0.405326
2.3651 -1.66349 0.888075 1.45359 0.405328
2.36515 -1.66349 0.888075 1.45356 0.405311
2.3652 -1.66349 0.888075 1.45353 0.405294
2.36525 -1.66348 0.888073 1.45349 0.405286
2.3653 -1.66348 0.888073 1.45346 0.405269
2.36535 -1.66348 0.888073 1.45343 0.405252
2.3654 -1.66348 0.888073 1.4534 0.405235
2.36545 -1.66348 0.888073 1.45337 0.405218
2.3655 -1.66347 0.888068 1.45333 0.40521
2.36555 -1.66347 0.888068 1.4533 0.405193
2.3656 -1.66337 0.888035 1.45286 0.405271
2.36565 -1.66337 0.888035 1.45283 0.405254
2.3657 -1.66329 0.888007 1.45275 0.405312
2.36575 -1.66329 0.888007 1.45272 0.405295
2.3658 -1.66329 0.888007 1.45269 0.405278
2.36585 -1.66329 0.888007 1.45266 0.405261
2.3659 -1.66329 0.888007 1.45262 0.405244
2.36595 -1.66329 0.888007 1.45259 0.405227
2.366 -1.66329 0.888007 1.45256 0.40521
2.36605 -1.66329 0.888007 1.45253 0.405192
2.3661 -1.66329 0.888007 1.4525 0.405175
2.36615 -1.66319 0.887975 1.45241 0.405253
2.3662 -1.66301 0.887915 1.45293 0.405406
2.36625 -1.66301 0.887915 1.45289 0.405389
2.3663 -1.66301 0.887915 1.45286 0.405372
2.36635 -1.663 0.88791 1.45282 0.405364
2.3664 -1.6629 0.887868 1.45273 0.405442
2.36645 -1.6629 0.887868 1.4527 0.405425
2.3665 -1.6629 0.887868 1.45267 0.405408
2.36655 -1.66278 0.887822 1.45317 0.405504
2.3666 -1.66278 0.887822 1.45314 0.405487
2.36665 -1.66262 0.887768 1.45314 0.405621
2.3667 -1.6627 0.887798 1.45303 0.405529
2.36675 -1.66266 0.887785 1.45297 0.405549
2.3668 -1.66266 0.887785 1.45294 0.405532
2.36685 -1.6627 0.8878 1.45294 0.405477
2.3669 -1.66219 0.887613 1.45288 0.405943
2.36695 -1.66219 0.887613 1.45284 0.405925
2.367 -1.66219 0.887613 1.45281 0.405908
2.36705 -1.66216 0.887602 1.45275 0.405919
2.3671 -1.66216 0.887602 1.45272 0.405902
2.36715 -1.66226 0.887635 1.45276 0.405762
2.3672 -1.66226 0.887635 1.45273 0.405745
2.36725 -1.66226 0.887635 1.45269 0.405728
2.3673 -1.66226 0.887635 1.45266 0.405711
2.36735 -1.66226 0.887635 1.45263 0.405694
2.3674 -1.66226 0.887635 1.4526 0.405676
2.36745 -1.66226 0.887635 1.45257 0.405659
2.3675 -1.66225 0.88763 1.45253 0.405652
2.36755 -1.66192 0.88752 1.45227 0.405946
2.3676 -1.66179 0.887478 1.45214 0.406052
2.36765 -1.66161 0.887417 1.45207 0.406205
2.3677 -1.66161 0.887417 1.45204 0.406188
2.36775 -1.66161 0.887417 1.45201 0.40617
2.3678 -1.66156 0.887402 1.45195 0.4062
2.36785 -1.66156 0.887402 1.45191 0.406183
2.3679 -1.66156 0.887402 1.45188 0.406166
2.36795 -1.66136 0.887332 1.45171 0.406338
2.368 -1.66136 0.887332 1.45168 0.406321
2.36805 -1.66136 0.887332 1.45165 0.406303
2.3681 -1.66136 0.887332 1.45162 0.406286
2.36815 -1.66136 0.887332 1.45159 0.406269
2.3682 -1.66125 0.887305 1.45157 0.406384
2.36825 -1.66125 0.887305 1.45154 0.406367
2.3683 -1.66099 0.887217 1.45132 0.406595
2.36835 -1.66099 0.887217 1.45129 0.406578
2.3684 -1.66099 0.887217 1.45126 0.406561
2.36845 -1.66099 0.887217 1.45123 0.406544
2.3685 -1.66099 0.887217 1.4512 0.406526
2.36855 -1.66099 0.887217 1.45117 0.406509
2.3686 -1.66099 0.88722 1.44954 0.406492
2.36865 -1.6609 0.887188 1.44943 0.40656
2.3687 -1.6609 0.887188 1.4494 0.406543
2.36875 -1.6609 0.887188 1.44937 0.406525
2.3688 -1.6609 0.887188 1.44934 0.406508
2.36885 -1.66114 0.887278 1.45048 0.406236
2.3689 -1.66114 0.887278 1.45045 0.406219
2.36895 -1.66114 0.887278 1.45041 0.406202
2.369 -1.66114 0.887278 1.45038 0.406185
2.36905 -1.66114 0.887278 1.45035 0.406168
2.3691 -1.66114 0.887278 1.45032 0.406151
2.36915 -1.66114 0.887278 1.45029 0.406134
2.3692 -1.66114 0.887278 1.45026 0.406116
2.36925 -1.66114 0.887278 1.45023 0.406099
2.3693 -1.66114 0.887278 1.4502 0.406082
2.36935 -1.66114 0.887278 1.45017 0.406065
2.3694 -1.66114 0.887278 1.45014 0.406048
2.36945 -1.66081 0.88717 1.4497 0.406342
2.3695 -1.66068 0.887127 1.44921 0.406447
2.36955 -1.66062 0.88711 1.44956 0.406486
2.3696 -1.66062 0.88711 1.44953 0.406469
2.36965 -1.66061 0.887108 1.4495 0.406461
2.3697 -1.66061 0.887108 1.44946 0.406444
2.36975 -1.66056 0.887092 1.44932 0.406502
2.3698 -1.66056 0.887092 1.44929 0.406485
2.36985 -1.66056 0.887092 1.44926 0.406468
2.3699 -1.66056 0.887092 1.44923 0.406451
2.36995 -1.66056 0.887092 1.4492 0.406434
2.37 -1.66064 0.88712 1.44922 0.406341
2.37005 -1.66064 0.88712 1.44919 0.406324
2.3701 -1.66058 0.887097 1.44799 0.406364
2.37015 -1.66045 0.887053 1.44796 0.406469
2.3702 -1.66045 0.887053 1.44793 0.406452
2.37025 -1.66041 0.88703 1.44786 0.406444
2.3703 -1.66041 0.88703 1.44783 0.406426
2.37035 -1.66041 0.88703 1.4478 0.406409
2.3704 -1.66041 0.88703 1.44777 0.406392
2.37045 -1.66041 0.88703 1.44773 0.406375
2.3705 -1.66041 0.88703 1.4477 0.406358
2.37055 -1.66041 0.88703 1.44767 0.406341
2.3706 -1.66041 0.88703 1.44764 0.406324
2.37065 -1.66041 0.88703 1.44761 0.406306
2.3707 -1.66041 0.88703 1.44758 0.406289
2.37075 -1.66041 0.88703 1.44755 0.406272
2.3708 -1.66041 0.88703 1.44752 0.406255
2.37085 -1.66041 0.88703 1.44749 0.406238
2.3709 -1.66041 0.88703 1.44746 0.406221
2.37095 -1.66041 0.88703 1.44743 0.406204
2.371 -1.66035 0.887005 1.44825 0.406243
2.37105 -1.66035 0.887005 1.44822 0.406226
2.3711 -1.66035 0.887005 1.44819 0.406209
2.37115 -1.66035 0.887005 1.44816 0.406191
2.3712 -1.66029 0.886988 1.44811 0.406231
2.37125 -1.66029 0.886988 1.44808 0.406214
2.3713 -1.6603 0.88699 1.44805 0.406187
2.37135 -1.6603 0.88699 1.44802 0.40617
2.3714 -1.66031 0.886992 1.448 0.406143
2.37145 -1.65996 0.886875 1.44788 0.406455
2.3715 -1.65996 0.886875 1.44785 0.406438
2.37155 -1.65996 0.886875 1.44782 0.406421
2.3716 -1.65988 0.886855 1.44624 0.406479
2.37165 -1.65998 0.886888 1.4463 0.406368
2.3717 -1.66 0.886892 1.44628 0.406332
2.37175 -1.66 0.886892 1.44625 0.406315
2.3718 -1.66008 0.886918 1.44626 0.406222
2.37185 -1.66008 0.886918 1.44622 0.406205
2.3719 -1.66008 0.886918 1.44619 0.406188
2.37195 -1.66008 0.886918 1.44616 0.406171
2.372 -1.66008 0.886918 1.44613 0.406154
2.37205 -1.66012 0.88693 1.44791 0.406099
2.3721 -1.66014 0.886938 1.44738 0.406063
2.37215 -1.65998 0.88689 1.448 0.406253
2.3722 -1.65998 0.88689 1.44797 0.406236
2.37225 -1.65998 0.88689 1.44794 0.406219
2.3723 -1.65998 0.88689 1.44791 0.406202
2.37235 -1.65998 0.88689 1.44788 0.406185
2.3724 -1.65998 0.88689 1.44785 0.406168
2.37245 -1.65998 0.88689 1.44782 0.40615
2.3725 -1.65998 0.88689 1.44779 0.406133
2.37255 -1.65998 0.88689 1.44776 0.406116
2.3726 -1.65998 0.88689 1.44773 0.406099
2.37265 -1.65998 0.88689 1.4477 0.406082
2.3727 -1.65998 0.88689 1.44767 0.406065
2.37275 -1.65998 0.88689 1.44763 0.406048
2.3728 -1.65998 0.88689 1.4476 0.406031
2.37285 -1.65998 0.88689 1.44757 0.406014
2.3729 -1.65998 0.88689 1.44754 0.405996
2.37295 -1.65998 0.88689 1.44751 0.405979
2.373 -1.65998 0.88689 1.44748 0.405962
2.37305 -1.65998 0.88689 1.44745 0.405945
2.3731 -1.65981 0.886835 1.44668 0.406087
2.37315 -1.65981 0.886835 1.44665 0.40607
2.3732 -1.65981 0.886835 1.44662 0.406053
2.37325 -1.65981 0.886835 1.44659 0.406036
2.3733 -1.65961 0.886768 1.44643 0.406206
2.37335 -1.65961 0.886768 1.4464 0.406189
2.3734 -1.65961 0.886768 1.44637 0.406172
2.37345 -1.65961 0.886768 1.44634 0.406155
2.3735 -1.65962 0.886772 1.44633 0.406129
2.37355 -1.65962 0.886772 1.4463 0.406111
2.3736 -1.65962 0.886772 1.44627 0.406094
2.37365 -1.65962 0.886772 1.44624 0.406077
2.3737 -1.65956 0.886753 1.44617 0.406116
2.37375 -1.65956 0.886753 1.44614 0.406099
2.3738 -1.65933 0.88668 1.44596 0.406326
2.37385 -1.65933 0.88668 1.44593 0.406309
2.3739 -1.6593 0.88667 1.44667 0.40632
2.37395 -1.6593 0.88667 1.44664 0.406302
2.374 -1.6593 0.88667 1.44661 0.406285
2.37405 -1.6593 0.88667 1.44658 0.406268
2.3741 -1.6593 0.88667 1.44655 0.406251
2.37415 -1.6593 0.88667 1.44652 0.406234
2.3742 -1.65931 0.886675 1.4465 0.406208
2.37425 -1.65924 0.886655 1.44649 0.406256
2.3743 -1.65919 0.886637 1.44634 0.406286
2.37435 -1.65923 0.886652 1.4464 0.406259
2.3744 -1.65923 0.886652 1.44637 0.406242
2.37445 -1.65923 0.886652 1.44634 0.406225
2.3745 -1.65923 0.886652 1.44631 0.406208
2.37455 -1.65923 0.886652 1.44628 0.406191
2.3746 -1.65923 0.886652 1.44625 0.406174
2.37465 -1.65923 0.886652 1.44622 0.406157
2.3747 -1.65923 0.886652 1.44619 0.40614
2.37475 -1.65923 0.886652 1.44616 0.406123
2.3748 -1.65922 0.886648 1.44612 0.406115
2.37485 -1.65922 0.886648 1.44609 0.406098
2.3749 -1.65922 0.886648 1.44606 0.406081
2.37495 -1.65912 0.886615 1.44536 0.406157
2.375 -1.65913 0.886617 1.44534 0.406131
2.37505 -1.65913 0.886617 1.44531 0.406114
2.3751 -1.659 0.886567 1.44004 0.406218
2.37515 -1.659 0.886567 1.44001 0.406201
2.3752 -1.65901 0.886572 1.43999 0.406174
2.37525 -1.65897 0.88656 1.44565 0.406195
2.3753 -1.65882 0.886508 1.44551 0.406318
2.37535 -1.65882 0.886508 1.44548 0.406301
2.3754 -1.65854 0.88642 1.44529 0.406545
2.37545 -1.65854 0.88642 1.44526 0.406528
2.3755 -1.65854 0.88642 1.44523 0.406511
2.37555 -1.65854 0.88642 1.4452 0.406494
2.3756 -1.65854 0.88642 1.44517 0.406477
2.37565 -1.65854 0.886417 1.44514 0.406459
2.3757 -1.65854 0.886417 1.4451 0.406442
2.37575 -1.65854 0.886417 1.44507 0.406425
2.3758 -1.65864 0.886452 1.44512 0.406315
2.37585 -1.65852 0.88641 1.445 0.40641
2.3759 -1.65852 0.88641 1.44497 0.406393
2.37595 -1.65852 0.88641 1.44494 0.406375
2.376 -1.65848 0.8864 1.44369 0.406424
2.37605 -1.65848 0.8864 1.44366 0.406407
2.3761 -1.65848 0.8864 1.44363 0.40639
2.37615 -1.65848 0.8864 1.4436 0.406373
2.3762 -1.65848 0.8864 1.44357 0.406356
2.37625 -1.65848 0.8864 1.44354 0.406338
2.3763 -1.65856 0.886428 1.44359 0.406247
2.37635 -1.65856 0.886428 1.44356 0.40623
2.3764 -1.65855 0.886428 1.44355 0.406222
2.37645 -1.65855 0.886428 1.44352 0.406205
2.3765 -1.65855 0.886428 1.44349 0.406188
2.37655 -1.65855 0.886428 1.44346 0.406171
2.3766 -1.65855 0.886428 1.44343 0.406154
2.37665 -1.65856 0.88643 1.44456 0.406127
2.3767 -1.65854 0.886423 1.44451 0.406129
2.37675 -1.65821 0.886305 1.44388 0.406419
2.3768 -1.65819 0.886297 1.4438 0.406421
2.37685 -1.65809 0.88626 1.44369 0.406497
2.3769 -1.65809 0.88626 1.44366 0.40648
2.37695 -1.65809 0.88626 1.44363 0.406463
2.377 -1.65809 0.88626 1.4436 0.406446
2.37705 -1.65809 0.88626 1.44357 0.406429
2.3771 -1.65809 0.88626 1.44354 0.406411
2.37715 -1.65809 0.88626 1.44351 0.406394
2.3772 -1.65779 0.886158 1.44304 0.406657
2.37725 -1.65779 0.886158 1.44301 0.40664
2.3773 -1.65779 0.886158 1.44298 0.406622
2.37735 -1.65779 0.886158 1.44295 0.406605
2.3774 -1.65779 0.886158 1.44291 0.406588
2.37745 -1.65779 0.886158 1.44288 0.406571
2.3775 -1.65776 0.886145 1.44286 0.406582
2.37755 -1.65774 0.886138 1.44282 0.406583
2.3776 -1.65774 0.886138 1.44279 0.406566
2.37765 -1.65774 0.886138 1.44276 0.406549
2.3777 -1.65774 0.886138 1.44273 0.406532
2.37775 -1.65774 0.886138 1.4427 0.406515
2.3778 -1.65774 0.886138 1.44267 0.406498
2.37785 -1.65774 0.886138 1.44264 0.406481
2.3779 -1.65758 0.886085 1.4431 0.406641
2.37795 -1.65738 0.886015 1.44021 0.40681
2.378 -1.6572 0.885953 1.44242 0.40696
2.37805 -1.6571 0.885925 1.43916 0.407064
2.3781 -1.65699 0.88589 1.44128 0.407149
2.37815 -1.65699 0.88589 1.44124 0.407132
2.3782 -1.65699 0.88589 1.44121 0.407115
2.37825 -1.65699 0.88589 1.44118 0.407098
2.3783 -1.65699 0.88589 1.44115 0.407081
2.37835 -1.65699 0.88589 1.44112 0.407064
2.3784 -1.65699 0.88589 1.44109 0.407047
2.37845 -1.65699 0.88589 1.44106 0.40703
2.3785 -1.65699 0.88589 1.44103 0.407013
2.37855 -1.65698 0.885885 1.44099 0.407005
2.3786 -1.65698 0.885885 1.44096 0.406988
2.37865 -1.65698 0.885885 1.44093 0.40697
2.3787 -1.65698 0.885885 1.4409 0.406953
2.37875 -1.65698 0.885885 1.44087 0.406936
2.3788 -1.65697 0.88588 1.44083 0.406928
2.37885 -1.65703 0.8859 1.44066 0.406856
2.3789 -1.65701 0.88589 1.4412 0.406857
2.37895 -1.65701 0.88589 1.44117 0.40684
2.379 -1.65668 0.885777 1.44087 0.407129
2.37905 -1.65668 0.885777 1.44084 0.407112
2.3791 -1.65673 0.885792 1.44085 0.407049
2.37915 -1.65661 0.885748 1.44074 0.407143
2.3792 -1.65661 0.885748 1.44071 0.407126
2.37925 -1.65661 0.885748 1.44068 0.407109
2.3793 -1.65661 0.885748 1.44065 0.407092
2.37935 -1.65659 0.88573 1.44066 0.407093
2.3794 -1.65659 0.88573 1.44063 0.407076
2.37945 -1.6563 0.885633 1.44041 0.407328
2.3795 -1.6563 0.885633 1.44038 0.407311
2.37955 -1.6563 0.885633 1.44035 0.407294
2.3796 -1.6563 0.885633 1.44032 0.407276
2.37965 -1.65632 0.88564 1.44108 0.407241
2.3797 -1.65632 0.88564 1.44105 0.407224
2.37975 -1.65632 0.88564 1.44102 0.407207
2.3798 -1.65632 0.88564 1.44099 0.407189
2.37985 -1.65632 0.88564 1.44096 0.407172
2.3799 -1.65632 0.88564 1.44093 0.407155
2.37995 -1.65565 0.885402 1.44027 0.407759
2.38 -1.65565 0.885402 1.44024 0.407742
2.38005 -1.65565 0.885402 1.44021 0.407725
2.3801 -1.65544 0.88534 1.43977 0.40793
2.38015 -1.65544 0.88534 1.43974 0.407913
2.3802 -1.65544 0.88534 1.43971 0.407896
2.38025 -1.65544 0.88534 1.43968 0.407879
2.3803 -1.65547 0.885352 1.43969 0.407834
2.38035 -1.65547 0.885352 1.43966 0.407817
2.3804 -1.65547 0.885352 1.43963 0.4078
2.38045 -1.65555 0.885382 1.43966 0.407708
2.3805 -1.65533 0.88531 1.43949 0.407895
2.38055 -1.65533 0.88531 1.43946 0.407878
2.3806 -1.65533 0.88531 1.43942 0.407861
2.38065 -1.65533 0.88531 1.43939 0.407843
2.3807 -1.65533 0.88531 1.43936 0.407826
2.38075 -1.65513 0.88524 1.43919 0.407994
2.3808 -1.65513 0.88524 1.43916 0.407977
2.38085 -1.65513 0.88524 1.43913 0.40796
2.3809 -1.65513 0.88524 1.4391 0.407943
2.38095 -1.65513 0.88524 1.43907 0.407926
2.381 -1.65498 0.88519 1.43893 0.408047
2.38105 -1.65498 0.88519 1.4389 0.40803
2.3811 -1.65498 0.88519 1.43887 0.408013
2.38115 -1.65498 0.88519 1.43884 0.407996
2.3812 -1.65498 0.88519 1.43881 0.407979
2.38125 -1.65498 0.88519 1.43878 0.407961
2.3813 -1.6548 0.88513 1.43908 0.408111
2.38135 -1.6548 0.88513 1.43905 0.408093
2.3814 -1.65482 0.885143 1.43904 0.408058
2.38145 -1.6547 0.88511 1.43878 0.40818
2.3815 -1.6547 0.88511 1.43875 0.408163
2.38155 -1.6547 0.88511 1.43872 0.408145
2.3816 -1.6547 0.88511 1.43869 0.408128
2.38165 -1.6547 0.88511 1.43866 0.408111
2.3817 -1.6547 0.88511 1.43863 0.408094
2.38175 -1.65465 0.885095 1.43856 0.408123
2.3818 -1.65465 0.885095 1.43853 0.408106
2.38185 -1.65465 0.885095 1.4385 0.408089
2.3819 -1.65447 0.885038 1.43834 0.408238
2.38195 -1.65447 0.885038 1.43831 0.408221
2.382 -1.65444 0.885027 1.43552 0.408231
2.38205 -1.65444 0.885027 1.43549 0.408214
2.3821 -1.65444 0.885027 1.43546 0.408197
2.38215 -1.65444 0.885027 1.43543 0.40818
2.3822 -1.65444 0.885027 1.4354 0.408163
2.38225 -1.65439 0.88501 1.43533 0.408192
2.3823 -1.6544 0.885012 1.4381 0.408194
2.38235 -1.6544 0.885012 1.43807 0.408176
2.3824 -1.65428 0.884975 1.43243 0.40827
2.38245 -1.65428 0.884975 1.4324 0.408253
2.3825 -1.65428 0.884975 1.43237 0.408236
2.38255 -1.65428 0.884975 1.43234 0.408219
2.3826 -1.65428 0.884975 1.43231 0.408201
2.38265 -1.65403 0.884892 1.43766 0.408415
2.3827 -1.65403 0.884892 1.43763 0.408398
2.38275 -1.65384 0.88483 1.43655 0.408556
2.3828 -1.65384 0.88483 1.43652 0.408538
2.38285 -1.65384 0.88483 1.43649 0.408521
2.3829 -1.65369 0.884777 1.4361 0.408614
2.38295 -1.65375 0.884798 1.43611 0.408542
2.383 -1.65375 0.884798 1.43608 0.408525
2.38305 -1.65375 0.884798 1.43605 0.408507
2.3831 -1.65375 0.884798 1.43602 0.40849
2.38315 -1.65384 0.884838 1.43607 0.40839
2.3832 -1.65384 0.884838 1.43604 0.408373
2.38325 -1.65384 0.884838 1.43601 0.408356
2.3833 -1.65383 0.88483 1.43674 0.408348
2.38335 -1.65345 0.884705 1.43675 0.408681
2.3834 -1.65345 0.884705 1.43672 0.408664
2.38345 -1.65345 0.884705 1.43669 0.408646
2.3835 -1.65345 0.884705 1.43666 0.408629
2.38355 -1.6538 0.88483 1.43336 0.40829
2.3836 -1.65372 0.8848 1.43684 0.408347
2.38365 -1.65372 0.8848 1.43681 0.408329
2.3837 -1.65372 0.8848 1.43678 0.408312
2.38375 -1.65397 0.884885 1.43419 0.408065
2.3838 -1.65388 0.88485 1.43327 0.408131
2.38385 -1.65388 0.88485 1.43324 0.408114
2.3839 -1.65388 0.88485 1.43321 0.408096
2.38395 -1.65387 0.884848 1.43317 0.408089
2.384 -1.65352 0.884728 1.43398 0.408393
2.38405 -1.6534 0.88469 1.43525 0.408487
2.3841 -1.6534 0.88469 1.43522 0.40847
2.38415 -1.65346 0.884713 1.43595 0.408397
2.3842 -1.65333 0.884665 1.43353 0.408528
2.38425 -1.65337 0.884675 1.43611 0.408474
2.3843 -1.65339 0.884683 1.43609 0.408438
2.38435 -1.65339 0.884683 1.43606 0.408421
2.3844 -1.65339 0.884683 1.43603 0.408404
2.38445 -1.65337 0.884675 1.43599 0.408405
2.3845 -1.65337 0.884675 1.43596 0.408388
2.38455 -1.65337 0.884675 1.43593 0.408371
2.3846 -1.65337 0.884675 1.4359 0.408354
2.38465 -1.65337 0.884675 1.43587 0.408337
2.3847 -1.65337 0.884675 1.43584 0.40832
2.38475 -1.65337 0.884675 1.43581 0.408303
2.3848 -1.65337 0.884675 1.43578 0.408286
2.38485 -1.65332 0.884657 1.43557 0.408314
2.3849 -1.65332 0.884657 1.43554 0.408297
2.38495 -1.65325 0.884635 1.43548 0.408344
2.385 -1.65325 0.884635 1.43545 0.408327
2.38505 -1.65325 0.884635 1.43542 0.40831
2.3851 -1.65325 0.884635 1.43539 0.408293
2.38515 -1.65325 0.884635 1.43536 0.408276
2.3852 -1.65317 0.884605 1.43526 0.408332
2.38525 -1.65308 0.884572 1.43517 0.408398
2.3853 -1.65308 0.884572 1.43514 0.408381
2.38535 -1.65308 0.884572 1.43511 0.408364
2.3854 -1.65308 0.884572 1.43508 0.408347
2.38545 -1.65308 0.884572 1.43505 0.408329
2.3855 -1.65279 0.884467 1.4348 0.408578
2.38555 -1.65259 0.884405 1.4346 0.408745
2.3856 -1.65259 0.884405 1.43457 0.408728
2.38565 -1.65272 0.88446 1.43385 0.408591
2.3857 -1.65272 0.88446 1.43382 0.408574
2.38575 -1.65272 0.88446 1.43379 0.408557
2.3858 -1.65272 0.88446 1.43376 0.40854
2.38585 -1.65272 0.88446 1.43373 0.408523
2.3859 -1.65271 0.88446 1.43365 0.408543
2.38595 -1.65271 0.88446 1.43362 0.408526
2.386 -1.65271 0.88446 1.43359 0.408509
2.38605 -1.65252 0.8844 1.43465 0.408694
2.3861 -1.65252 0.8844 1.43462 0.408677
2.38615 -1.65252 0.8844 1.43459 0.40866
2.3862 -1.65222 0.8843 1.43342 0.408918
2.38625 -1.65215 0.884275 1.43333 0.408965
2.3863 -1.65207 0.884252 1.4342 0.409021
2.38635 -1.65207 0.884252 1.43417 0.409004
2.3864 -1.65208 0.884258 1.43414 0.408949
2.38645 -1.65208 0.884258 1.43411 0.408932
2.3865 -1.65208 0.884258 1.43408 0.408915
2.38655 -1.65208 0.884258 1.43405 0.408898
2.3866 -1.65208 0.884258 1.43402 0.408881
2.38665 -1.65208 0.88426 1.43357 0.408864
2.3867 -1.6522 0.8843 1.43388 0.408708
2.38675 -1.6522 0.8843 1.43385 0.408691
2.3868 -1.65173 0.884138 1.43365 0.409104
2.38685 -1.65173 0.884138 1.43362 0.409087
2.3869 -1.65173 0.884138 1.43359 0.40907
2.38695 -1.65173 0.884138 1.43356 0.409053
2.387 -1.65173 0.884138 1.43353 0.409036
2.38705 -1.65173 0.884138 1.4335 0.409019
2.3871 -1.65173 0.884138 1.43347 0.409002
2.38715 -1.65173 0.884138 1.43344 0.408984
2.3872 -1.65171 0.88413 1.4334 0.408986
2.38725 -1.65171 0.88413 1.43337 0.408969
2.3873 -1.65177 0.884153 1.43338 0.408897
2.38735 -1.65177 0.884153 1.43335 0.408879
2.3874 -1.65177 0.884153 1.43332 0.408862
2.38745 -1.65177 0.884153 1.43329 0.408845
2.3875 -1.65177 0.884153 1.43326 0.408828
2.38755 -1.65188 0.884197 1.4322 0.40871
2.3876 -1.65188 0.884197 1.43217 0.408693
2.38765 -1.65188 0.884197 1.43214 0.408676
2.3877 -1.65188 0.884197 1.43211 0.408659
2.38775 -1.65188 0.884197 1.43208 0.408642
2.3878 -1.65188 0.884197 1.43205 0.408625
2.38785 -1.65168 0.88413 1.4319 0.408819
2.3879 -1.65168 0.88413 1.43187 0.408801
2.38795 -1.65168 0.88413 1.43184 0.408784
2.388 -1.65168 0.88413 1.43181 0.408767
2.38805 -1.65168 0.88413 1.43178 0.40875
2.3881 -1.65168 0.88413 1.43175 0.408733
2.38815 -1.65168 0.88413 1.43172 0.408716
2.3882 -1.65168 0.88413 1.43169 0.408699
2.38825 -1.65164 0.884115 1.43163 0.408718
2.3883 -1.65164 0.884115 1.4316 0.408701
2.38835 -1.65164 0.884115 1.43157 0.408684
2.3884 -1.65164 0.884115 1.43154 0.408667
2.38845 -1.65164 0.884115 1.43151 0.40865
2.3885 -1.65164 0.884115 1.43148 0.408633
2.38855 -1.65164 0.884115 1.43145 0.408615
2.3886 -1.65165 0.884118 1.43142 0.408589
2.38865 -1.65136 0.884018 1.4321 0.408837
2.3887 -1.65136 0.884018 1.43207 0.40882
2.38875 -1.65136 0.884018 1.43204 0.408803
2.3888 -1.65155 0.884082 1.43215 0.408612
2.38885 -1.65155 0.884082 1.43212 0.408595
2.3889 -1.65155 0.884082 1.43209 0.408578
2.38895 -1.65155 0.884082 1.43206 0.408561
2.389 -1.65164 0.884112 1.43097 0.408462
2.38905 -1.6513 0.884003 1.43101 0.408783
2.3891 -1.6513 0.884003 1.43098 0.408766
2.38915 -1.6513 0.884003 1.43095 0.408749
2.3892 -1.6513 0.884003 1.43092 0.408732
2.38925 -1.6513 0.884003 1.43089 0.408715
2.3893 -1.65136 0.884025 1.4309 0.408643
2.38935 -1.65137 0.884032 1.43085 0.408616
2.3894 -1.65146 0.884065 1.43088 0.408517
2.38945 -1.65146 0.884065 1.43085 0.4085
2.3895 -1.65146 0.884065 1.43082 0.408483
2.38955 -1.65146 0.884065 1.43079 0.408466
2.3896 -1.65146 0.884065 1.43076 0.408449
2.38965 -1.65146 0.884065 1.43073 0.408432
2.3897 -1.65146 0.884065 1.4307 0.408415
2.38975 -1.65135 0.884032 1.4306 0.408554
2.3898 -1.65151 0.88409 1.43159 0.408447
2.38985 -1.65151 0.88409 1.43156 0.40843
2.3899 -1.65151 0.88409 1.43153 0.408413
2.38995 -1.65156 0.884105 1.4316 0.408322
2.39 -1.65156 0.884105 1.43157 0.408305
2.39005 -1.65156 0.884105 1.43154 0.408288
2.3901 -1.65156 0.884105 1.43151 0.408271
2.39015 -1.65154 0.884097 1.43155 0.408272
2.3902 -1.65143 0.884055 1.43095 0.408355
2.39025 -1.65143 0.884055 1.43092 0.408338
2.3903 -1.65143 0.884055 1.43089 0.408321
2.39035 -1.65143 0.884055 1.43086 0.408304
2.3904 -1.65143 0.884055 1.43083 0.408287
2.39045 -1.65143 0.884055 1.4308 0.40827
2.3905 -1.65143 0.884055 1.43077 0.408253
2.39055 -1.65138 0.884038 1.43095 0.408281
2.3906 -1.65138 0.884038 1.43092 0.408264
2.39065 -1.65138 0.884038 1.43089 0.408247
2.3907 -1.65133 0.88402 1.42935 0.408276
2.39075 -1.65133 0.88402 1.42932 0.408258
2.3908 -1.65133 0.88402 1.42929 0.408241
2.39085 -1.65133 0.88402 1.42926 0.408224
2.3909 -1.65122 0.883983 1.43032 0.408307
2.39095 -1.65122 0.883983 1.43029 0.40829
2.391 -1.65122 0.883983 1.43026 0.408273
2.39105 -1.65106 0.883927 1.42922 0.408402
2.3911 -1.65106 0.883927 1.42919 0.408385
2.39115 -1.65085 0.88386 1.42999 0.408587
2.3912 -1.65085 0.883857 1.42932 0.40857
2.39125 -1.65085 0.883857 1.42929 0.408553
2.3913 -1.65085 0.883857 1.42926 0.408536
2.39135 -1.65077 0.88383 1.43026 0.408592
2.3914 -1.65077 0.88383 1.43023 0.408575
2.39145 -1.65074 0.883818 1.43017 0.408585
2.3915 -1.65074 0.883818 1.43014 0.408568
2.39155 -1.65074 0.883818 1.43011 0.408551
2.3916 -1.65074 0.883818 1.43008 0.408534
2.39165 -1.65076 0.883825 1.4299 0.408498
2.3917 -1.65076 0.883825 1.42987 0.408481
2.39175 -1.65064 0.883785 1.42975 0.408573
2.3918 -1.65064 0.883785 1.42972 0.408556
2.39185 -1.65064 0.883785 1.42969 0.408539
2.3919 -1.65064 0.883785 1.42966 0.408522
2.39195 -1.65064 0.883785 1.42963 0.408505
2.392 -1.65057 0.883763 1.42955 0.408552
2.39205 -1.65057 0.883763 1.42952 0.408534
2.3921 -1.6504 0.883707 1.42797 0.408672
2.39215 -1.6504 0.883707 1.42794 0.408655
2.3922 -1.6504 0.883707 1.42791 0.408638
2.39225 -1.6504 0.883707 1.42788 0.408621
2.3923 -1.6504 0.883707 1.42785 0.408604
2.39235 -1.65034 0.883683 1.42927 0.408641
2.3924 -1.65037 0.883695 1.4283 0.408597
2.39245 -1.65038 0.883698 1.42828 0.408571
2.3925 -1.6504 0.883702 1.42883 0.408535
2.39255 -1.6504 0.883702 1.4288 0.408518
2.3926 -1.6504 0.883702 1.42877 0.408501
2.39265 -1.6504 0.883702 1.42874 0.408484
2.3927 -1.6504 0.883702 1.42871 0.408467
2.39275 -1.65038 0.883698 1.42867 0.408496
2.3928 -1.65038 0.883698 1.42864 0.408479
2.39285 -1.65031 0.883672 1.42473 0.408526
2.3929 -1.65028 0.883663 1.42468 0.408536
2.39295 -1.65001 0.883567 1.42867 0.408736
2.393 -1.65001 0.883567 1.42864 0.408719
2.39305 -1.65001 0.883567 1.42861 0.408702
2.3931 -1.65001 0.883567 1.42858 0.408685
2.39315 -1.64996 0.883548 1.42852 0.408713
2.3932 -1.64996 0.883548 1.42849 0.408696
2.39325 -1.64996 0.883548 1.42846 0.408679
2.3933 -1.64996 0.883548 1.42843 0.408662
2.39335 -1.64996 0.883548 1.4284 0.408645
2.3934 -1.64996 0.883548 1.42837 0.408628
2.39345 -1.65014 0.883607 1.42846 0.408419
2.3935 -1.65014 0.883607 1.42843 0.408402
2.39355 -1.65014 0.883607 1.4284 0.408385
2.3936 -1.65014 0.883607 1.42837 0.408368
2.39365 -1.65014 0.883607 1.42834 0.408351
2.3937 -1.65014 0.883607 1.42831 0.408334
2.39375 -1.65008 0.883585 1.42824 0.408371
2.3938 -1.65011 0.883595 1.42385 0.408327
2.39385 -1.65011 0.883595 1.42382 0.40831
2.3939 -1.65009 0.883585 1.42678 0.408283
2.39395 -1.65009 0.883585 1.42675 0.408266
2.394 -1.65009 0.883585 1.42672 0.408249
2.39405 -1.65009 0.883585 1.42669 0.408232
2.3941 -1.65 0.883557 1.42569 0.408297
2.39415 -1.65 0.883557 1.42566 0.40828
2.3942 -1.65 0.883557 1.42563 0.408263
2.39425 -1.65 0.883557 1.4256 0.408245
2.3943 -1.65 0.883557 1.42557 0.408228
2.39435 -1.65 0.883557 1.42554 0.408211
2.3944 -1.64998 0.883552 1.4272 0.408212
2.39445 -1.64998 0.883552 1.42717 0.408195
2.3945 -1.64984 0.883505 1.42742 0.408305
2.39455 -1.64984 0.883505 1.42739 0.408288
2.3946 -1.64984 0.883505 1.42736 0.408271
2.39465 -1.64984 0.883505 1.42733 0.408254
2.3947 -1.64984 0.883505 1.4273 0.408237
2.39475 -1.64989 0.883525 1.42731 0.408175
2.3948 -1.64989 0.883525 1.42728 0.408158
2.39485 -1.64989 0.883525 1.42725 0.408141
2.3949 -1.64989 0.883525 1.42722 0.408124
2.39495 -1.64989 0.883525 1.42719 0.408107
2.395 -1.64989 0.883525 1.42716 0.40809
2.39505 -1.64989 0.883525 1.42713 0.408073
2.3951 -1.64974 0.883472 1.42483 0.408164
2.39515 -1.64974 0.883472 1.4248 0.408146
2.3952 -1.6496 0.883425 1.42657 0.408256
2.39525 -1.6497 0.88346 1.4258 0.408149
2.3953 -1.6497 0.88346 1.42577 0.408132
2.39535 -1.6497 0.88346 1.42574 0.408115
2.3954 -1.6497 0.88346 1.42571 0.408098
2.39545 -1.64963 0.88344 1.42563 0.408144
2.3955 -1.6496 0.883432 1.42699 0.408154
2.39555 -1.6496 0.883432 1.42696 0.408137
2.3956 -1.64943 0.88338 1.42578 0.408302
2.39565 -1.64943 0.88338 1.42575 0.408285
2.3957 -1.64945 0.883387 1.42677 0.40825
2.39575 -1.64945 0.883387 1.42674 0.408233
2.3958 -1.64945 0.883387 1.42671 0.408215
2.39585 -1.64945 0.883387 1.42668 0.408198
2.3959 -1.64945 0.883387 1.42665 0.408181
2.39595 -1.64945 0.883387 1.42662 0.408164
2.396 -1.64951 0.88341 1.42664 0.408093
2.39605 -1.64985 0.883522 1.42614 0.40774
2.3961 -1.64985 0.883522 1.42611 0.407723
2.39615 -1.64977 0.883495 1.42603 0.407779
2.3962 -1.64977 0.883495 1.426 0.407762
2.39625 -1.64977 0.883495 1.42597 0.407745
2.3963 -1.64977 0.883495 1.42594 0.407728
2.39635 -1.64977 0.883495 1.42591 0.407711
2.3964 -1.64989 0.883537 1.42596 0.407585
2.39645 -1.64989 0.883537 1.42593 0.407568
2.3965 -1.64989 0.883537 1.4259 0.407551
2.39655 -1.64989 0.883537 1.42587 0.407534
2.3966 -1.64989 0.883537 1.42584 0.407517
2.39665 -1.64989 0.883537 1.42581 0.4075
2.3967 -1.64989 0.883537 1.42578 0.407483
2.39675 -1.64989 0.883537 1.42575 0.407466
2.3968 -1.64989 0.883537 1.42572 0.407449
2.39685 -1.64989 0.883537 1.42569 0.407432
2.3969 -1.64989 0.883537 1.42566 0.407415
2.39695 -1.64989 0.883537 1.42563 0.407398
2.397 -1.64989 0.883537 1.4256 0.407381
2.39705 -1.64989 0.883537 1.42557 0.407364
2.3971 -1.64989 0.883537 1.42554 0.407347
2.39715 -1.64989 0.883537 1.42551 0.40733
2.3972 -1.64989 0.883537 1.42548 0.407313
2.39725 -1.64974 0.883487 1.42532 0.40746
2.3973 -1.64974 0.883487 1.42529 0.407443
2.39735 -1.64974 0.883487 1.42526 0.407426
2.3974 -1.64955 0.883422 1.42509 0.40758
2.39745 -1.64955 0.883422 1.42506 0.407563
2.3975 -1.64955 0.883422 1.42503 0.407546
2.39755 -1.64961 0.883445 1.42488 0.407475
2.3976 -1.64961 0.883445 1.42485 0.407458
2.39765 -1.64981 0.883517 1.42476 0.40726
2.3977 -1.64981 0.883517 1.42473 0.407243
2.39775 -1.64981 0.883517 1.4247 0.407226
2.3978 -1.64981 0.883517 1.42467 0.407209
2.39785 -1.64955 0.883428 1.42556 0.407427
2.3979 -1.64955 0.883428 1.42554 0.40741
2.39795 -1.64955 0.883428 1.42551 0.407393
2.398 -1.64955 0.883428 1.42548 0.407376
2.39805 -1.64955 0.883428 1.42545 0.407359
2.3981 -1.6494 0.883373 1.42522 0.407478
2.39815 -1.64936 0.883358 1.42516 0.407497
2.3982 -1.64936 0.883358 1.42513 0.40748
2.39825 -1.64936 0.883358 1.4251 0.407463
2.3983 -1.64936 0.883358 1.42507 0.407446
2.39835 -1.64937 0.88336 1.42504 0.40742
2.3984 -1.64937 0.88336 1.42501 0.407403
2.39845 -1.64934 0.88335 1.42496 0.407413
2.3985 -1.6493 0.883335 1.42489 0.407405
2.39855 -1.64912 0.883275 1.42474 0.40755
2.3986 -1.64912 0.883275 1.42471 0.407533
2.39865 -1.64866 0.88312 1.42436 0.407931
2.3987 -1.64834 0.883012 1.42188 0.408203
2.39875 -1.64834 0.883012 1.42185 0.408186
2.3988 -1.64834 0.883012 1.42182 0.408169
2.39885 -1.6484 0.883032 1.42349 0.408098
2.3989 -1.6484 0.883032 1.42346 0.408081
2.39895 -1.6484 0.883032 1.42343 0.408064
2.399 -1.6484 0.883032 1.4234 0.408047
2.39905 -1.6484 0.883032 1.42337 0.40803
2.3991 -1.64829 0.882995 1.42327 0.408112
2.39915 -1.6483 0.882997 1.423 0.408086
2.3992 -1.6483 0.882997 1.42297 0.408069
2.39925 -1.6483 0.882997 1.42294 0.408052
2.3993 -1.6483 0.882997 1.42291 0.408035
2.39935 -1.64832 0.883005 1.42223 0.408
2.3994 -1.64832 0.883005 1.4222 0.407983
2.39945 -1.64826 0.882985 1.42213 0.40802
2.3995 -1.6485 0.883073 1.42341 0.407786
2.39955 -1.6485 0.883073 1.42338 0.407769
2.3996 -1.6485 0.883073 1.42335 0.407752
2.39965 -1.6485 0.883073 1.42332 0.407735
2.3997 -1.64842 0.883045 1.42366 0.407818
2.39975 -1.64842 0.883045 1.42363 0.407801
2.3998 -1.64842 0.883045 1.4236 0.407784
2.39985 -1.64842 0.883045 1.42357 0.407767
2.3999 -1.64842 0.883045 1.42354 0.40775
2.39995 -1.64842 0.883045 1.42351 0.407733
