2.25 -1.47114 0.707482 9.30222 1.65406
2.25038 -1.47479 0.721823 5.86961 1.58997
2.25075 -1.45861 0.679903 13.4011 1.86348
2.25113 -1.4703 0.704923 11.8641 1.75892
2.2515 -1.46644 0.693039 14.1297 1.87679
2.25188 -1.45468 0.677351 13.2823 1.8344
2.25225 -1.46591 0.694236 11.4441 1.71632
2.25263 -1.46146 0.689439 11.7866 1.62213
2.253 -1.46043 0.687659 14.1143 1.86055
2.25338 -1.46723 0.708276 8.69312 1.63962
2.25375 -1.44156 0.634475 25.8843 2.14958
2.25413 -1.45276 0.662953 18.3336 1.86165
2.2545 -1.45123 0.662171 16.8326 1.8392
2.25488 -1.45598 0.678071 14.3583 1.74229
2.25525 -1.44385 0.650154 19.8508 2.12573
2.25563 -1.46115 0.697346 8.28328 1.65513
2.256 -1.46247 0.701267 9.55991 1.69427
2.25637 -1.43749 0.63074 22.0339 1.94644
2.25675 -1.45265 0.661585 20.4648 1.99394
2.25712 -1.44687 0.655135 20.4292 1.91888
2.2575 -1.4524 0.67137 15.63 1.80379
2.25787 -1.45973 0.698022 9.79469 1.75801
2.25825 -1.4343 0.616833 27.7934 2.22454
2.25862 -1.44189 0.647224 17.4939 1.85543
2.259 -1.44477 0.650218 20.2924 1.97835
2.25937 -1.44656 0.664387 15.7167 1.92242
2.25975 -1.4472 0.657765 19.9193 2.00951
2.26012 -1.45443 0.687731 11.7347 1.72487
2.2605 -1.43969 0.631484 28.4125 2.15412
2.26087 -1.44449 0.655603 17.4159 1.86137
2.26125 -1.44479 0.669649 12.5709 1.86954
2.26162 -1.43165 0.610871 28.2273 2.06233
2.262 -1.45075 0.670974 15.873 1.83717
2.26238 -1.44813 0.685316 9.17232 1.72012
2.26275 -1.44495 0.67575 10.7296 1.74059
2.26313 -1.44469 0.669905 12.8021 1.73726
2.2635 -1.43219 0.631314 19.5042 1.89351
2.26388 -1.44154 0.645978 23.1616 2.04598
2.26425 -1.4388 0.641066 21.7989 1.88277
2.26463 -1.42215 0.599926 29.619 2.0976
2.265 -1.44308 0.658571 19.543 1.83595
2.26538 -1.43645 0.658439 13.8715 1.78603
2.26575 -1.43849 0.655381 19.4498 1.87685
2.26613 -1.43426 0.654731 14.2604 1.8741
2.2665 -1.43413 0.645215 17.5915 1.87585
2.26688 -1.43678 0.641891 24.0589 1.94742
2.26725 -1.41698 0.596312 28.3612 2.33634
2.26763 -1.42898 0.63305 21.3099 1.96327
2.268 -1.43667 0.654122 15.9457 1.90794
2.26838 -1.4365 0.656422 15.9617 1.94828
2.26875 -1.42876 0.627607 20.5529 1.95371
2.26912 -1.43753 0.65838 16.4779 1.76511
2.2695 -1.44165 0.678005 10.6457 1.66423
2.26987 -1.44148 0.672677 12.6302 1.72383
2.27025 -1.40926 0.560678 33.9703 2.07322
2.27062 -1.42918 0.64374 17.4006 1.88801
2.271 -1.42421 0.624847 21.5818 1.95719
2.27137 -1.42524 0.621117 26.1796 2.09868
2.27175 -1.43059 0.65607 15.4376 1.89123
2.27212 -1.43547 0.667408 12.3342 1.75543
2.2725 -1.42458 0.626577 22.7811 1.98829
2.27287 -1.4204 0.612597 22.924 1.88598
2.27325 -1.42389 0.62574 23.0622 2.01304
2.27363 -1.42292 0.624271 21.673 1.98259
2.274 -1.42093 0.625556 20.6857 1.96065
2.27438 -1.4245 0.63007 22.6818 1.93178
2.27475 -1.42 0.626069 21.637 1.86539
2.27513 -1.41132 0.596216 26.3472 2.08828
2.2755 -1.4187 0.623027 21.0461 1.92192
2.27588 -1.41917 0.630465 15.9224 1.88671
2.27625 -1.43385 0.66527 14.8774 1.89956
2.27663 -1.42736 0.652958 14.3234 1.81127
2.277 -1.41858 0.623304 20.9588 1.97445
2.27738 -1.4176 0.614717 24.2562 2.08322
2.27775 -1.42135 0.639264 17.006 1.79661
2.27813 -1.39317 0.539921 37.2486 2.31336
2.2785 -1.39431 0.526238 40.9353 2.29632
2.27888 -1.42103 0.646808 12.5236 1.86044
2.27925 -1.41611 0.625418 20.5601 1.94331
2.27963 -1.40477 0.588803 23.627 1.91735
2.28 -1.40019 0.581838 23.9952 2.05587
2.28038 -1.40296 0.583862 25.8479 1.91006
2.28075 -1.39666 0.560763 29.5088 1.99383
2.28113 -1.40601 0.596803 23.0999 1.90001
2.2815 -1.40865 0.59347 29.225 1.97059
2.28187 -1.39523 0.56325 29.6482 2.081
2.28225 -1.4022 0.587995 24.2688 2.02012
2.28262 -1.40432 0.601394 20.925 1.94019
2.283 -1.39036 0.559838 27.5609 1.97055
2.28337 -1.40152 0.594428 23.3455 2.06053
2.28375 -1.39412 0.557686 31.2079 2.20268
2.28412 -1.39651 0.576756 27.6175 2.19938
2.2845 -1.41127 0.626512 16.4546 1.80072
2.28487 -1.39095 0.5681 25.9141 1.9601
2.28525 -1.38133 0.533013 31.73 2.19643
2.28563 -1.39481 0.572884 27.0505 2.09203
2.286 -1.38443 0.534647 29.651 1.9147
2.28638 -1.40758 0.626814 15.0075 1.83006
2.28675 -1.39445 0.581809 23.1314 1.94177
2.28713 -1.40571 0.61741 18.7345 1.97776
