2.1375 -1.62667 0.849199 1.19468 1.06593
2.13788 -1.62267 0.844154 1.58832 1.09454
2.13825 -1.62426 0.846469 1.44833 1.10903
2.13863 -1.62537 0.848392 1.12479 1.02328
2.139 -1.62064 0.841895 1.84172 1.11546
2.13938 -1.62032 0.84201 1.53405 1.10495
2.13975 -1.62077 0.842826 1.59643 1.12526
2.14013 -1.62041 0.843438 1.31082 1.08553
2.1405 -1.61736 0.835444 3.3534 1.19868
2.14088 -1.61856 0.841921 1.34528 1.08853
2.14125 -1.61776 0.842473 1.33411 1.10533
2.14163 -1.61925 0.842215 1.65795 1.14194
2.142 -1.61759 0.840959 1.41879 1.07949
2.14238 -1.61804 0.841578 1.41858 1.12069
2.14275 -1.61806 0.840915 1.85727 1.1404
2.14313 -1.61679 0.84078 1.55895 1.11173
2.1435 -1.61879 0.842886 1.30072 1.05662
2.14387 -1.61855 0.842319 2.08181 1.14421
2.14425 -1.61515 0.839551 1.66756 1.12828
2.14463 -1.61449 0.839259 1.60718 1.14625
2.145 -1.61418 0.838232 1.7609 1.14579
2.14538 -1.61738 0.84254 1.34882 1.06301
2.14575 -1.61676 0.842838 1.29408 1.10085
2.14613 -1.61602 0.842963 1.22082 1.06894
2.1465 -1.61541 0.840461 1.74476 1.14652
2.14688 -1.61407 0.839524 1.47261 1.1079
2.14725 -1.61394 0.839501 1.41585 1.08542
2.14763 -1.61416 0.840028 1.38506 1.07931
2.148 -1.61523 0.842012 1.3122 1.07982
2.14838 -1.61 0.83464 2.31627 1.23968
2.14875 -1.60496 0.821447 5.2208 1.24022
2.14913 -1.61014 0.83594 1.49651 1.09673
2.1495 -1.61134 0.837479 1.44604 1.07276
2.14988 -1.61156 0.839594 1.28181 1.09271
2.15025 -1.60821 0.833431 1.85247 1.14522
2.15063 -1.6084 0.834356 1.89461 1.15892
2.151 -1.60906 0.835564 1.8044 1.16931
2.15138 -1.60631 0.834052 1.60297 1.16304
2.15175 -1.60892 0.836443 1.55931 1.16911
2.15213 -1.60458 0.828907 2.68941 1.22356
2.1525 -1.60854 0.83551 1.74493 1.15868
2.15288 -1.60631 0.834617 1.57554 1.16097
2.15325 -1.60474 0.831058 2.16892 1.15587
2.15363 -1.60693 0.83394 1.7353 1.11398
2.154 -1.60713 0.833266 2.43844 1.15733
2.15438 -1.60488 0.833353 1.78576 1.15377
2.15475 -1.60281 0.831799 1.56119 1.09585
2.15513 -1.60239 0.829945 2.1433 1.20525
2.1555 -1.60259 0.83084 1.83575 1.14926
2.15588 -1.60498 0.834131 1.58086 1.14982
2.15625 -1.60353 0.831518 1.77031 1.15832
2.15663 -1.60197 0.829476 2.05878 1.15117
2.157 -1.60173 0.828614 2.40283 1.16633
2.15738 -1.60396 0.833238 1.71128 1.0893
2.15775 -1.59818 0.826411 1.85438 1.16398
2.15813 -1.59886 0.827169 2.2521 1.22822
2.1585 -1.60254 0.832455 1.48618 1.1037
2.15888 -1.59944 0.826881 2.19123 1.18153
2.15925 -1.59758 0.826159 2.16135 1.24594
2.15963 -1.59841 0.826617 2.16525 1.20558
2.16 -1.59856 0.828982 1.793 1.13337
2.16038 -1.59724 0.826599 2.12887 1.2237
2.16075 -1.59715 0.826789 2.4953 1.21943
2.16113 -1.59436 0.820792 3.94965 1.34098
2.1615 -1.59689 0.827614 1.81088 1.16077
2.16188 -1.59732 0.826047 2.08754 1.16154
2.16225 -1.5942 0.82412 2.03686 1.17966
2.16263 -1.5946 0.826253 1.77803 1.12999
2.163 -1.59217 0.82095 2.52284 1.19306
2.16338 -1.594 0.822495 2.59052 1.19859
2.16375 -1.59492 0.826584 1.78998 1.17675
2.16413 -1.59205 0.820098 3.17497 1.26209
2.1645 -1.59402 0.824226 2.40289 1.17786
2.16488 -1.59262 0.825703 1.86583 1.20749
2.16525 -1.59033 0.818385 2.92602 1.25312
2.16563 -1.59218 0.824432 1.95899 1.15237
2.166 -1.58938 0.818415 3.33764 1.32885
2.16638 -1.58914 0.818795 2.55157 1.23478
2.16675 -1.59279 0.825891 1.8341 1.18085
2.16713 -1.59004 0.821927 2.02922 1.21874
2.1675 -1.59167 0.824469 1.88379 1.1953
2.16788 -1.58971 0.822812 1.94203 1.22653
2.16825 -1.59002 0.822565 1.94429 1.12375
2.16863 -1.59117 0.824769 1.61613 1.14371
2.169 -1.58681 0.818687 2.35588 1.19491
2.16938 -1.5871 0.818149 2.61008 1.21373
2.16975 -1.5888 0.823904 1.60894 1.14433
2.17013 -1.58398 0.814644 2.69034 1.26187
2.1705 -1.58496 0.818901 2.12785 1.22668
2.17088 -1.58084 0.812373 2.70851 1.32105
2.17125 -1.58705 0.822101 1.85794 1.20225
2.17163 -1.58598 0.818897 2.53701 1.24157
2.172 -1.58453 0.81616 3.5476 1.30979
2.17238 -1.58402 0.818196 2.14455 1.25215
2.17275 -1.58302 0.816175 2.35121 1.15104
2.17313 -1.58297 0.817031 2.33419 1.22473
2.1735 -1.58571 0.821436 1.98917 1.20697
2.17388 -1.5814 0.813629 3.59635 1.31386
2.17425 -1.58168 0.816773 1.97722 1.1648
2.17463 -1.58121 0.815325 2.56831 1.24722
