2.2125 -1.52929 0.771444 4.09061 1.40575
2.21287 -1.52034 0.743777 13.6374 1.64813
2.21325 -1.5235 0.759546 6.95679 1.50882
2.21362 -1.52561 0.764788 5.65196 1.47964
2.214 -1.5194 0.745115 16.0484 1.83404
2.21437 -1.519 0.749152 7.71571 1.58921
2.21475 -1.52604 0.767984 4.78623 1.5124
2.21513 -1.52191 0.759843 6.59332 1.51299
2.2155 -1.52859 0.771995 4.27131 1.43929
2.21588 -1.50649 0.6841 63.8064 2.77741
2.21625 -1.51709 0.752346 7.39203 1.66748
2.21663 -1.51871 0.746615 12.0707 1.63875
2.217 -1.52379 0.768537 4.06757 1.41714
2.21738 -1.52486 0.770409 4.19289 1.39555
2.21775 -1.51904 0.755768 8.39044 1.77958
2.21813 -1.51689 0.752598 6.18383 1.59216
2.2185 -1.51303 0.727595 28.5217 2.02211
2.21887 -1.51915 0.761438 5.08052 1.57655
2.21925 -1.51978 0.761615 4.57442 1.36305
2.21962 -1.51615 0.759402 5.17541 1.5802
2.22 -1.50721 0.728835 12.8771 1.80323
2.22037 -1.51647 0.761089 3.90405 1.38238
2.22075 -1.51472 0.754815 5.08118 1.47757
2.22112 -1.50922 0.742878 8.86329 1.75339
2.2215 -1.51137 0.744669 7.87266 1.52101
2.22187 -1.51249 0.752506 5.60933 1.51461
2.22225 -1.51481 0.752319 8.9885 1.52462
2.22262 -1.51841 0.763615 5.20944 1.59614
2.223 -1.50878 0.742591 7.68623 1.65492
2.22337 -1.51076 0.750272 5.22758 1.46444
2.22375 -1.51346 0.755958 5.64758 1.513
2.22412 -1.51534 0.758728 4.9961 1.41609
2.2245 -1.51643 0.762519 5.40533 1.40665
2.22487 -1.5113 0.750341 7.05646 1.54939
2.22525 -1.50111 0.731512 9.48478 1.69178
2.22562 -1.48725 0.676145 34.4547 2.25797
2.226 -1.51106 0.756259 4.37532 1.43853
2.22637 -1.50635 0.746812 7.57024 1.64821
2.22675 -1.50347 0.738522 7.50914 1.65593
2.22713 -1.4997 0.733602 9.3683 1.63536
2.2275 -1.49955 0.719688 22.5256 1.87656
2.22788 -1.50427 0.738759 8.16705 1.53542
2.22825 -1.50614 0.747459 6.25442 1.60499
2.22863 -1.50667 0.747324 6.16044 1.51806
2.229 -1.5058 0.750564 5.34596 1.52406
2.22938 -1.50705 0.75029 5.76258 1.5354
2.22975 -1.50227 0.739856 8.6069 1.65448
2.23013 -1.50579 0.74682 8.17573 1.79769
2.2305 -1.50348 0.749486 4.76112 1.43675
2.23088 -1.49769 0.723796 14.6915 1.77375
2.23125 -1.50297 0.746949 6.07966 1.66334
2.23162 -1.49596 0.731518 7.21364 1.62323
2.232 -1.48964 0.702639 28.1903 1.9553
2.23237 -1.49698 0.733784 9.92289 1.63942
2.23275 -1.5003 0.741215 7.9047 1.63841
2.23312 -1.49386 0.726497 11.6085 1.83363
2.2335 -1.50071 0.745017 5.15692 1.46279
2.23387 -1.498 0.736169 8.26217 1.57298
2.23425 -1.49451 0.732115 8.40785 1.58292
2.23462 -1.49731 0.733344 8.44765 1.60227
2.235 -1.49039 0.725953 8.22958 1.67691
2.23537 -1.49419 0.733794 7.17351 1.57477
2.23575 -1.49659 0.740608 5.95496 1.51126
2.23612 -1.49335 0.730932 9.54158 1.71827
2.2365 -1.49237 0.73193 7.07477 1.55642
2.23687 -1.49518 0.73492 7.75707 1.52394
2.23725 -1.48211 0.69895 21.7487 1.95367
2.23762 -1.47817 0.673477 38.7556 2.25023
2.238 -1.48562 0.715626 12.3565 1.83605
2.23838 -1.47983 0.686535 29.9456 2.02475
2.23875 -1.48629 0.717478 11.3055 1.61481
2.23913 -1.47847 0.699949 12.3929 1.7726
2.2395 -1.48991 0.731328 6.86979 1.49868
2.23988 -1.47141 0.671326 27.8857 2.05249
2.24025 -1.47926 0.698868 18.5602 1.7924
2.24063 -1.47894 0.699187 17.364 1.79149
2.241 -1.48882 0.730514 7.05642 1.5322
2.24138 -1.47979 0.708706 11.8774 1.77509
2.24175 -1.48704 0.72852 7.76616 1.61507
2.24213 -1.481 0.715634 9.88879 1.77204
2.2425 -1.48379 0.727168 7.0079 1.58497
2.24288 -1.48341 0.719651 9.97881 1.56499
2.24325 -1.47998 0.713816 10.8385 1.69212
2.24363 -1.47275 0.685192 29.1816 2.12392
2.244 -1.47842 0.713898 11.7215 1.81364
2.24437 -1.484 0.726826 7.28374 1.53512
2.24475 -1.46831 0.669558 35.3082 2.08558
2.24512 -1.47566 0.698529 16.0884 1.85994
2.2455 -1.46622 0.664342 28.6138 2.14696
2.24587 -1.45778 0.616079 67.9553 2.59445
2.24625 -1.47541 0.712372 8.34674 1.61055
2.24662 -1.46692 0.691121 15.0934 1.83543
2.247 -1.4658 0.679867 21.8839 2.02351
2.24737 -1.45781 0.655565 26.3961 1.98697
2.24775 -1.45962 0.654543 28.3944 2.05493
2.24812 -1.47049 0.706894 7.0289 1.51684
2.2485 -1.46583 0.687034 15.3137 1.78939
2.24887 -1.45952 0.655507 33.478 2.14529
2.24925 -1.47236 0.707527 9.57003 1.57472
2.24962 -1.46887 0.697164 15.255 1.91491
