2.175 -1.58126 0.816115 2.34621 1.12714
2.17537 -1.57954 0.813606 2.81081 1.27095
2.17575 -1.5792 0.812101 3.08377 1.33716
2.17612 -1.57924 0.815493 2.22087 1.2759
2.1765 -1.57634 0.810469 2.73038 1.22225
2.17687 -1.57839 0.813471 2.26057 1.19361
2.17725 -1.57508 0.810183 2.70576 1.27982
2.17762 -1.57622 0.809635 2.39793 1.17569
2.178 -1.57814 0.814851 2.04241 1.23236
2.17837 -1.57924 0.815455 2.09953 1.21189
2.17875 -1.57291 0.806343 2.56482 1.25048
2.17912 -1.57537 0.811653 2.45293 1.1873
2.1795 -1.5763 0.813145 2.25943 1.20342
2.17988 -1.57295 0.807712 2.77372 1.24347
2.18025 -1.57231 0.808315 2.73059 1.274
2.18063 -1.57144 0.803792 3.75458 1.36433
2.181 -1.56959 0.803358 3.43188 1.30776
2.18137 -1.57232 0.806404 3.50564 1.29404
2.18175 -1.57092 0.806493 2.83758 1.29022
2.18212 -1.57064 0.807409 2.3487 1.23945
2.1825 -1.56972 0.805345 2.99768 1.39091
2.18287 -1.56968 0.804403 3.54288 1.357
2.18325 -1.56947 0.80523 2.93797 1.27255
2.18362 -1.56753 0.799357 4.09027 1.35415
2.184 -1.56805 0.803644 3.05853 1.2488
2.18437 -1.56785 0.799828 7.99635 1.36546
2.18475 -1.56977 0.808647 2.39775 1.24272
2.18512 -1.56645 0.803853 2.84674 1.29679
2.1855 -1.57133 0.809104 2.65353 1.22124
2.18587 -1.56567 0.803131 2.86243 1.2504
2.18625 -1.56582 0.804824 2.77549 1.30984
2.18662 -1.5651 0.802063 2.87445 1.25896
2.187 -1.56007 0.792069 5.35267 1.47047
2.18737 -1.56357 0.801183 2.96345 1.23939
2.18775 -1.56193 0.798392 3.37353 1.37924
2.18812 -1.56119 0.799203 2.52427 1.26225
2.1885 -1.55986 0.79257 4.33526 1.37586
2.18887 -1.56346 0.804305 2.30686 1.26431
2.18925 -1.56307 0.801743 3.04861 1.31294
2.18962 -1.56152 0.796727 4.08243 1.39023
2.19 -1.56167 0.801577 2.95254 1.27908
2.19037 -1.56028 0.796057 3.45122 1.32929
2.19075 -1.5622 0.799645 3.19932 1.31962
2.19112 -1.55473 0.788671 5.27416 1.43484
2.1915 -1.56163 0.801854 2.53694 1.2748
2.19188 -1.56131 0.800696 2.75296 1.24379
2.19225 -1.55733 0.792808 5.29565 1.43362
2.19263 -1.55518 0.790564 4.76516 1.33106
2.193 -1.55995 0.800047 2.98083 1.27515
2.19338 -1.5567 0.795007 3.63467 1.33849
2.19375 -1.55569 0.793132 5.31593 1.52991
2.19412 -1.55387 0.792237 3.5555 1.33671
2.1945 -1.55633 0.796576 2.95038 1.33195
2.19487 -1.55278 0.791807 3.40264 1.36543
2.19525 -1.55359 0.792953 4.40324 1.39386
2.19562 -1.55474 0.79568 2.6384 1.28248
2.196 -1.55513 0.795793 3.48281 1.31308
2.19637 -1.55064 0.789482 3.52896 1.34794
2.19675 -1.54848 0.784946 4.82403 1.42033
2.19712 -1.54474 0.773725 7.31939 1.57753
2.1975 -1.54867 0.786527 3.90632 1.39037
2.19787 -1.54897 0.788143 3.61442 1.37948
2.19825 -1.55085 0.790635 3.67362 1.43254
2.19862 -1.54345 0.765643 17.1129 1.56248
2.199 -1.54538 0.783738 4.09981 1.3688
2.19937 -1.54656 0.781904 5.98753 1.46546
2.19975 -1.54777 0.782174 5.75776 1.36986
2.20012 -1.54251 0.767613 14.9014 1.59636
2.2005 -1.54723 0.790743 3.15632 1.41956
2.20087 -1.5447 0.783248 4.34522 1.37379
2.20125 -1.54389 0.778465 6.8928 1.54346
2.20162 -1.54419 0.77882 8.08383 1.55959
2.202 -1.54189 0.773899 7.47418 1.43369
2.20237 -1.54919 0.791537 3.87011 1.35706
2.20275 -1.5459 0.78867 3.68692 1.3505
2.20312 -1.54356 0.783544 3.76116 1.32841
2.2035 -1.53964 0.778484 4.3585 1.43005
2.20388 -1.54153 0.783282 3.40262 1.34461
2.20425 -1.53611 0.766423 9.12169 1.6169
2.20463 -1.53556 0.768397 7.03664 1.49263
2.205 -1.54139 0.781601 3.74974 1.29697
2.20538 -1.53948 0.780152 3.81578 1.38221
2.20575 -1.53833 0.773203 8.17744 1.50916
2.20613 -1.53965 0.777256 6.39203 1.38317
2.2065 -1.53522 0.772927 5.36135 1.42481
2.20687 -1.54114 0.78722 2.87007 1.32887
2.20725 -1.53602 0.776239 4.24809 1.41098
2.20762 -1.53346 0.769962 4.97761 1.43771
2.208 -1.52918 0.759799 8.99352 1.76042
2.20837 -1.53858 0.783213 4.42356 1.5293
2.20875 -1.5303 0.765557 6.45638 1.54119
2.20912 -1.53433 0.776095 3.58511 1.39005
2.2095 -1.53098 0.768428 6.42722 1.59983
2.20987 -1.53416 0.774989 5.47728 1.48314
2.21025 -1.53235 0.77094 5.60047 1.5589
2.21062 -1.5257 0.757515 9.53977 1.68647
2.211 -1.52707 0.76331 5.5089 1.54599
2.21137 -1.53012 0.76947 5.67258 1.48892
2.21175 -1.53104 0.768656 6.64248 1.35533
2.21212 -1.5311 0.774764 4.06689 1.41792
