2.1375 -1.62421 0.845571 1.50131 1.0862
2.13788 -1.62438 0.847019 1.15883 1.02641
2.13825 -1.62242 0.843961 1.47913 1.07427
2.13863 -1.62292 0.844293 1.77926 1.15368
2.139 -1.62319 0.844901 1.51076 1.09336
2.13938 -1.62199 0.845123 1.22623 1.04241
2.13975 -1.62072 0.842837 1.53906 1.07657
2.14013 -1.62111 0.844011 1.28933 1.00703
2.1405 -1.62027 0.842139 1.70814 1.08154
2.14088 -1.61764 0.839678 1.84647 1.14503
2.14125 -1.62073 0.843164 1.56918 1.08934
2.14163 -1.61968 0.843281 1.24891 1.02264
2.142 -1.61908 0.841824 1.62528 1.13584
2.14238 -1.61873 0.842005 1.49809 1.07594
2.14275 -1.61937 0.843753 1.42986 1.14935
2.14313 -1.61738 0.841302 1.46801 1.12423
2.1435 -1.61739 0.840388 1.98447 1.10679
2.14387 -1.61481 0.838643 1.6947 1.13789
2.14425 -1.61635 0.840108 1.60331 1.1047
2.14463 -1.61755 0.842602 1.39921 1.12053
2.145 -1.61504 0.839227 1.79841 1.09686
2.14538 -1.61613 0.840046 1.77404 1.14926
2.14575 -1.61148 0.836014 2.29785 1.27488
2.14613 -1.61451 0.838664 1.6904 1.03938
2.1465 -1.61178 0.835136 1.87645 1.19167
2.14688 -1.61238 0.837774 1.5913 1.14397
2.14725 -1.61384 0.839151 1.47346 1.0989
2.14763 -1.61371 0.838743 1.58026 1.07754
2.148 -1.61139 0.834512 2.96801 1.18973
2.14838 -1.61256 0.837485 1.97446 1.16947
2.14875 -1.61093 0.836364 1.82826 1.14923
2.14913 -1.61078 0.836514 1.73492 1.12124
2.1495 -1.61046 0.835896 1.57473 1.03154
2.14988 -1.60769 0.834442 1.74222 1.14893
2.15025 -1.6076 0.833067 1.8629 1.15693
2.15063 -1.60903 0.835218 1.75839 1.12478
2.151 -1.60803 0.835076 1.54209 1.11252
2.15138 -1.60836 0.834039 1.8621 1.13046
2.15175 -1.60725 0.833558 1.94707 1.14514
2.15213 -1.60669 0.834875 1.70192 1.14711
2.1525 -1.60872 0.836353 1.63979 1.14599
2.15288 -1.60404 0.830978 1.99595 1.22645
2.15325 -1.60596 0.834042 1.56535 1.10217
2.15363 -1.60514 0.830743 2.31293 1.13686
2.154 -1.60568 0.83463 1.52047 1.12305
2.15438 -1.60512 0.833022 1.7127 1.13624
2.15475 -1.60591 0.83319 1.96936 1.14366
2.15513 -1.60186 0.829445 2.22673 1.28201
2.1555 -1.60575 0.8343 1.59628 1.07531
2.15588 -1.60287 0.830457 1.71258 1.10864
2.15625 -1.60312 0.832867 1.54249 1.12585
2.15663 -1.60351 0.832232 1.60102 1.12482
2.157 -1.60478 0.834537 1.43479 1.08017
2.15738 -1.60051 0.828468 2.29907 1.21777
2.15775 -1.60153 0.831119 1.76219 1.15907
2.15813 -1.60189 0.83062 2.11651 1.17268
2.1585 -1.59981 0.828397 1.87818 1.13064
2.15888 -1.60018 0.830378 1.52735 1.08761
2.15925 -1.59993 0.829218 1.69452 1.13028
2.15963 -1.59881 0.827929 1.74978 1.13431
2.16 -1.60032 0.828833 2.23161 1.22753
2.16038 -1.59782 0.826567 2.68107 1.16989
2.16075 -1.59509 0.823435 2.25316 1.2563
2.16113 -1.60004 0.831194 1.63491 1.14866
2.1615 -1.59702 0.826851 2.18092 1.30785
2.16188 -1.59481 0.821878 3.80493 1.32109
2.16225 -1.59481 0.824898 1.75654 1.12773
2.16263 -1.59658 0.826493 2.30052 1.18779
2.163 -1.59608 0.826955 1.89582 1.15873
2.16338 -1.59612 0.827459 1.73484 1.13907
2.16375 -1.59536 0.826699 1.79472 1.08265
2.16413 -1.59233 0.823641 2.06144 1.17834
2.1645 -1.59574 0.828234 1.69221 1.13936
2.16488 -1.59395 0.826819 1.68259 1.20162
2.16525 -1.59346 0.825985 1.7113 1.16708
2.16563 -1.58776 0.813904 4.39507 1.31096
2.166 -1.59209 0.824656 1.60613 1.13019
2.16638 -1.58894 0.820953 2.0041 1.1335
2.16675 -1.58742 0.818317 2.33334 1.182
2.16713 -1.58738 0.819038 2.08833 1.18769
2.1675 -1.58716 0.81545 3.97907 1.30734
2.16788 -1.58814 0.818094 2.64192 1.20269
2.16825 -1.58917 0.822156 1.77605 1.1709
2.16863 -1.58984 0.822937 2.01339 1.22253
2.169 -1.58871 0.821445 2.44601 1.17551
2.16938 -1.58981 0.823999 1.81507 1.11707
2.16975 -1.5877 0.819819 2.79028 1.22628
2.17013 -1.58785 0.82224 1.9565 1.17
2.1705 -1.58429 0.815139 3.25824 1.29789
2.17088 -1.58587 0.819508 2.36216 1.27791
2.17125 -1.58371 0.814414 2.62494 1.19086
2.17163 -1.58576 0.818717 2.29382 1.2321
2.172 -1.58261 0.816451 2.4317 1.25967
2.17238 -1.58354 0.818188 2.02406 1.19101
2.17275 -1.58612 0.820297 2.32306 1.25927
2.17313 -1.58469 0.819845 1.96059 1.19175
2.1735 -1.58015 0.813772 2.2712 1.16734
2.17388 -1.58089 0.813802 2.23897 1.17631
2.17425 -1.57943 0.812187 2.54204 1.2935
2.17463 -1.58129 0.815663 2.11991 1.21927
