2.1 -1.76071 0.920462 1.71369 0.385379
2.10005 -1.76071 0.920462 1.71365 0.385361
2.1001 -1.76071 0.920462 1.71361 0.385342
2.10015 -1.76071 0.920462 1.71357 0.385324
2.1002 -1.76071 0.920462 1.71353 0.385306
2.10025 -1.76071 0.920462 1.71349 0.385287
2.1003 -1.76068 0.920453 1.71342 0.38531
2.10035 -1.7605 0.92039 1.71321 0.38554
2.1004 -1.7605 0.92039 1.71317 0.385522
2.10045 -1.76056 0.920412 1.71428 0.385421
2.1005 -1.76056 0.920412 1.71423 0.385402
2.10055 -1.76056 0.920412 1.71419 0.385384
2.1006 -1.76063 0.92044 1.71421 0.385305
2.10065 -1.76063 0.92044 1.71417 0.385287
2.1007 -1.76063 0.92044 1.71413 0.385269
2.10075 -1.76063 0.92044 1.71409 0.38525
2.1008 -1.76063 0.92044 1.71405 0.385232
2.10085 -1.76052 0.920405 1.71463 0.385365
2.1009 -1.76071 0.92047 1.71476 0.385085
2.10095 -1.76062 0.92044 1.71465 0.385191
2.101 -1.76064 0.920447 1.71374 0.385145
2.10105 -1.76055 0.920412 1.71271 0.385251
2.1011 -1.76055 0.920412 1.71267 0.385232
2.10115 -1.76055 0.920412 1.71263 0.385214
2.1012 -1.76048 0.92039 1.71253 0.385292
2.10125 -1.76048 0.92039 1.71249 0.385274
2.1013 -1.76048 0.92039 1.71245 0.385255
2.10135 -1.76049 0.920392 1.71242 0.385223
2.1014 -1.76049 0.920392 1.71238 0.385205
2.10145 -1.76049 0.920392 1.71234 0.385187
2.1015 -1.76049 0.920392 1.7123 0.385168
2.10155 -1.76049 0.920392 1.71226 0.38515
2.1016 -1.76049 0.920392 1.71221 0.385132
2.10165 -1.76049 0.920392 1.71217 0.385113
2.1017 -1.76049 0.920392 1.71213 0.385095
2.10175 -1.76049 0.920392 1.71209 0.385077
2.1018 -1.76049 0.920392 1.71205 0.385058
2.10185 -1.76049 0.920392 1.71201 0.38504
2.1019 -1.76049 0.920392 1.71197 0.385022
2.10195 -1.7603 0.920327 1.7118 0.385265
2.102 -1.7603 0.920327 1.71176 0.385247
2.10205 -1.76028 0.920323 1.7115 0.385256
2.1021 -1.76028 0.920323 1.71146 0.385238
2.10215 -1.76028 0.920323 1.71142 0.385219
2.1022 -1.76028 0.920323 1.71138 0.385201
2.10225 -1.76028 0.920323 1.71134 0.385183
2.1023 -1.76028 0.920323 1.7113 0.385164
2.10235 -1.76028 0.920323 1.71126 0.385146
2.1024 -1.76028 0.920323 1.71122 0.385128
2.10245 -1.76028 0.920323 1.71118 0.385109
2.1025 -1.76028 0.920323 1.71114 0.385091
2.10255 -1.76009 0.920257 1.71095 0.385406
2.1026 -1.76009 0.920257 1.71091 0.385388
2.10265 -1.76009 0.920257 1.71087 0.38537
2.1027 -1.76009 0.920257 1.71082 0.385351
2.10275 -1.76009 0.920257 1.71078 0.385333
2.1028 -1.76009 0.920257 1.71074 0.385315
2.10285 -1.76009 0.920257 1.7107 0.385297
2.1029 -1.75957 0.920075 1.71034 0.385993
2.10295 -1.75958 0.920083 1.71145 0.385961
2.103 -1.75958 0.920083 1.7114 0.385943
2.10305 -1.75958 0.920083 1.71136 0.385924
2.1031 -1.75958 0.920083 1.71132 0.385906
2.10315 -1.75958 0.920083 1.71128 0.385887
2.1032 -1.75958 0.920083 1.71124 0.385869
2.10325 -1.75958 0.920083 1.7112 0.385851
2.1033 -1.75958 0.920083 1.71116 0.385832
2.10335 -1.75958 0.920083 1.71112 0.385814
2.1034 -1.75939 0.920025 1.71167 0.386057
2.10345 -1.75939 0.920025 1.71163 0.386038
2.1035 -1.75937 0.920018 1.71157 0.386047
2.10355 -1.75937 0.920018 1.71153 0.386029
2.1036 -1.75958 0.920092 1.71166 0.385722
2.10365 -1.75958 0.920092 1.71161 0.385704
2.1037 -1.75958 0.920092 1.71157 0.385686
2.10375 -1.75958 0.920092 1.71153 0.385667
2.1038 -1.75958 0.920092 1.71149 0.385649
2.10385 -1.75958 0.920092 1.71145 0.385631
2.1039 -1.75958 0.920092 1.71141 0.385612
2.10395 -1.75958 0.920092 1.71137 0.385594
2.104 -1.75958 0.920092 1.71133 0.385576
2.10405 -1.75958 0.920092 1.71129 0.385557
2.1041 -1.75958 0.920092 1.71125 0.385539
2.10415 -1.75958 0.920092 1.71121 0.385521
2.1042 -1.75958 0.920092 1.71117 0.385502
2.10425 -1.75946 0.92005 1.71101 0.385649
2.1043 -1.75938 0.92002 1.71094 0.38574
2.10435 -1.7594 0.920025 1.71091 0.385694
2.1044 -1.7594 0.920025 1.71087 0.385676
2.10445 -1.75934 0.920002 1.71003 0.38574
2.1045 -1.75934 0.920002 1.70999 0.385722
2.10455 -1.75934 0.920002 1.70995 0.385703
2.1046 -1.75934 0.920002 1.70991 0.385685
2.10465 -1.75934 0.920002 1.70987 0.385667
2.1047 -1.75934 0.920002 1.70983 0.385648
2.10475 -1.75925 0.91997 1.70971 0.385754
2.1048 -1.75925 0.91997 1.70967 0.385735
2.10485 -1.75925 0.91997 1.70963 0.385717
2.1049 -1.75925 0.91997 1.70959 0.385699
2.10495 -1.75925 0.91997 1.70955 0.38568
2.105 -1.75925 0.91997 1.70951 0.385662
2.10505 -1.75925 0.91997 1.70947 0.385644
2.1051 -1.75925 0.91997 1.70943 0.385625
2.10515 -1.75925 0.91997 1.70939 0.385607
2.1052 -1.75925 0.91997 1.70935 0.385589
2.10525 -1.75925 0.91997 1.70931 0.38557
2.1053 -1.75925 0.91997 1.70927 0.385552
2.10535 -1.75892 0.919865 1.70895 0.386022
2.1054 -1.75892 0.919865 1.70891 0.386004
2.10545 -1.75905 0.919915 1.70961 0.385843
2.1055 -1.75902 0.919902 1.7096 0.385866
2.10555 -1.75894 0.919875 1.7095 0.385957
2.1056 -1.75894 0.919875 1.70946 0.385939
2.10565 -1.75894 0.919875 1.70942 0.385921
2.1057 -1.75894 0.919875 1.70938 0.385902
2.10575 -1.75876 0.919815 1.70929 0.38613
2.1058 -1.75876 0.919815 1.70925 0.386112
2.10585 -1.75879 0.919825 1.70923 0.386053
2.1059 -1.75879 0.919825 1.70919 0.386034
2.10595 -1.75879 0.919825 1.70915 0.386016
2.106 -1.75879 0.919825 1.70911 0.385998
2.10605 -1.75879 0.919825 1.70907 0.385979
2.1061 -1.75879 0.919825 1.70903 0.385961
2.10615 -1.75879 0.919825 1.70898 0.385943
2.1062 -1.75879 0.919825 1.70894 0.385924
2.10625 -1.75879 0.919825 1.7089 0.385906
2.1063 -1.75879 0.919825 1.70886 0.385888
2.10635 -1.75879 0.919825 1.70882 0.385869
2.1064 -1.75879 0.919825 1.70878 0.385851
2.10645 -1.75879 0.919825 1.70874 0.385833
2.1065 -1.75876 0.919815 1.70868 0.385856
2.10655 -1.75876 0.919815 1.70864 0.385837
2.1066 -1.75876 0.919815 1.7086 0.385819
2.10665 -1.75857 0.919745 1.70799 0.38606
2.1067 -1.75868 0.919787 1.70805 0.385928
2.10675 -1.75868 0.919787 1.70801 0.385909
2.1068 -1.75866 0.919782 1.70795 0.385918
2.10685 -1.75866 0.919782 1.70791 0.3859
2.1069 -1.75831 0.919663 1.7076 0.38636
2.10695 -1.7583 0.919655 1.70754 0.386356
2.107 -1.7583 0.919655 1.7075 0.386337
2.10705 -1.7583 0.919655 1.70746 0.386319
2.1071 -1.75815 0.919595 1.7073 0.386505
2.10715 -1.75815 0.919595 1.70726 0.386487
2.1072 -1.75815 0.919595 1.70722 0.386469
2.10725 -1.75808 0.919573 1.70565 0.386546
2.1073 -1.75808 0.919573 1.70561 0.386528
2.10735 -1.75808 0.919573 1.70557 0.386509
2.1074 -1.75808 0.919573 1.70552 0.386491
2.10745 -1.75808 0.919573 1.70548 0.386473
2.1075 -1.75808 0.919573 1.70544 0.386454
2.10755 -1.75808 0.919573 1.7054 0.386436
2.1076 -1.75808 0.919573 1.70536 0.386418
2.10765 -1.75808 0.919573 1.70532 0.386399
2.1077 -1.75808 0.919573 1.70528 0.386381
2.10775 -1.75808 0.919573 1.70524 0.386363
2.1078 -1.75808 0.919573 1.7052 0.386344
2.10785 -1.75806 0.919565 1.70294 0.386353
2.1079 -1.75802 0.919552 1.70695 0.38639
2.10795 -1.75802 0.919552 1.70691 0.386371
2.108 -1.75802 0.919552 1.70687 0.386353
2.10805 -1.75803 0.919558 1.70684 0.386321
2.1081 -1.75808 0.919575 1.7047 0.386234
2.10815 -1.75788 0.919508 1.70452 0.386489
2.1082 -1.75788 0.919508 1.70448 0.386471
2.10825 -1.75788 0.919508 1.70444 0.386452
2.1083 -1.75788 0.919508 1.7044 0.386434
2.10835 -1.75762 0.919412 1.70617 0.38677
2.1084 -1.75772 0.919447 1.70471 0.386616
2.10845 -1.75774 0.91945 1.70557 0.386534
2.1085 -1.75774 0.91945 1.70553 0.386516
2.10855 -1.75774 0.91945 1.70549 0.386497
2.1086 -1.75774 0.91945 1.70545 0.386479
2.10865 -1.75774 0.91945 1.70541 0.386461
2.1087 -1.75761 0.91941 1.70526 0.38662
2.10875 -1.75761 0.91941 1.70522 0.386601
2.1088 -1.75729 0.919295 1.70491 0.387019
2.10885 -1.75729 0.919295 1.70487 0.387001
2.1089 -1.75729 0.919295 1.70483 0.386982
2.10895 -1.75712 0.919238 1.70536 0.387195
2.109 -1.75713 0.91924 1.70533 0.387163
2.10905 -1.757 0.919198 1.70519 0.387322
2.1091 -1.757 0.919198 1.70515 0.387304
2.10915 -1.757 0.919198 1.70511 0.387285
2.1092 -1.75694 0.91918 1.70502 0.387349
2.10925 -1.75674 0.919115 1.70189 0.387638
2.1093 -1.75662 0.919072 1.70469 0.387783
2.10935 -1.75662 0.919072 1.70465 0.387765
2.1094 -1.75662 0.919072 1.70461 0.387747
2.10945 -1.75659 0.919068 1.70455 0.387769
2.1095 -1.75659 0.919068 1.70451 0.387751
2.10955 -1.75659 0.919068 1.70447 0.387732
2.1096 -1.75657 0.91906 1.70235 0.387741
2.10965 -1.75642 0.919013 1.70392 0.387927
2.1097 -1.75639 0.919003 1.70246 0.387949
2.10975 -1.75641 0.919013 1.70198 0.387903
2.1098 -1.75641 0.919013 1.70194 0.387885
2.10985 -1.75641 0.919013 1.7019 0.387867
2.1099 -1.75641 0.919013 1.70186 0.387848
2.10995 -1.75641 0.919013 1.70182 0.38783
2.11 -1.75641 0.919013 1.70178 0.387812
2.11005 -1.75641 0.919013 1.70174 0.387793
2.1101 -1.75649 0.91904 1.70176 0.387666
2.11015 -1.75612 0.918915 1.70304 0.388079
2.1102 -1.75612 0.918915 1.703 0.38806
2.11025 -1.75612 0.918915 1.70296 0.388042
2.1103 -1.75612 0.918915 1.70292 0.388023
2.11035 -1.75617 0.918933 1.70292 0.387937
2.1104 -1.75613 0.91892 1.70285 0.387973
2.11045 -1.75607 0.918898 1.7033 0.388036
2.1105 -1.75609 0.918907 1.70331 0.387991
2.11055 -1.75595 0.91886 1.70316 0.388162
2.1106 -1.75595 0.91886 1.70312 0.388144
2.11065 -1.7559 0.918848 1.70304 0.388193
2.1107 -1.7559 0.918848 1.703 0.388175
2.11075 -1.7559 0.918848 1.70296 0.388157
2.1108 -1.75568 0.918767 1.70258 0.388401
2.11085 -1.75568 0.918767 1.70254 0.388382
2.1109 -1.75568 0.918767 1.7025 0.388364
2.11095 -1.75568 0.918767 1.70246 0.388346
2.111 -1.75541 0.918678 1.7009 0.388729
2.11105 -1.75542 0.91868 1.70087 0.388697
2.1111 -1.75533 0.918652 1.70206 0.388801
2.11115 -1.75518 0.918602 1.70206 0.388986
2.1112 -1.75518 0.918602 1.70202 0.388968
2.11125 -1.75518 0.918602 1.70198 0.388949
2.1113 -1.75518 0.918602 1.70194 0.388931
2.11135 -1.75518 0.918602 1.7019 0.388912
2.1114 -1.75518 0.918602 1.70186 0.388894
2.11145 -1.7551 0.918573 1.70132 0.388984
2.1115 -1.75522 0.918623 1.70139 0.388803
2.11155 -1.75522 0.918623 1.70135 0.388784
2.1116 -1.75522 0.918623 1.70131 0.388766
2.11165 -1.75522 0.918623 1.70127 0.388748
2.1117 -1.7552 0.918615 1.70159 0.388756
2.11175 -1.7552 0.918615 1.70155 0.388738
2.1118 -1.7552 0.918615 1.70151 0.388719
2.11185 -1.7552 0.918615 1.70147 0.388701
2.1119 -1.7552 0.918615 1.70143 0.388683
2.11195 -1.7552 0.918615 1.70139 0.388664
2.112 -1.75497 0.918538 1.70117 0.388957
2.11205 -1.75497 0.918538 1.70113 0.388939
2.1121 -1.75497 0.918538 1.70109 0.38892
2.11215 -1.75497 0.918538 1.70105 0.388902
2.1122 -1.75497 0.918538 1.70101 0.388884
2.11225 -1.75497 0.918538 1.70097 0.388865
2.1123 -1.75497 0.918538 1.70093 0.388847
2.11235 -1.75498 0.91854 1.70039 0.388815
2.1124 -1.75498 0.91854 1.70035 0.388796
2.11245 -1.75498 0.91854 1.70031 0.388778
2.1125 -1.75498 0.91854 1.70027 0.38876
2.11255 -1.75498 0.91854 1.70023 0.388741
2.1126 -1.75498 0.91854 1.70019 0.388723
2.11265 -1.75498 0.91854 1.70015 0.388704
2.1127 -1.75498 0.91854 1.70011 0.388686
2.11275 -1.75494 0.91853 1.7003 0.388722
2.1128 -1.75488 0.918512 1.70022 0.388785
2.11285 -1.75488 0.918512 1.70018 0.388766
2.1129 -1.7549 0.91852 1.70016 0.388721
2.11295 -1.75493 0.918532 1.69981 0.388662
2.113 -1.75483 0.9185 1.69948 0.388779
2.11305 -1.75483 0.9185 1.69944 0.38876
2.1131 -1.75483 0.9185 1.6994 0.388742
2.11315 -1.75483 0.9185 1.69936 0.388723
2.1132 -1.75488 0.918517 1.69936 0.388637
2.11325 -1.75488 0.918517 1.69932 0.388619
2.1133 -1.75488 0.918517 1.69928 0.388601
2.11335 -1.75488 0.918517 1.69924 0.388582
2.1134 -1.75481 0.918495 1.69915 0.388658
2.11345 -1.75481 0.918495 1.69911 0.38864
2.1135 -1.75481 0.918495 1.69907 0.388622
2.11355 -1.75481 0.918495 1.69903 0.388603
2.1136 -1.75481 0.918495 1.69899 0.388585
2.11365 -1.75438 0.918347 1.69898 0.389148
2.1137 -1.75438 0.918347 1.69893 0.389129
2.11375 -1.75434 0.918332 1.69871 0.389201
2.1138 -1.75432 0.918325 1.69894 0.389209
2.11385 -1.75412 0.918257 1.697 0.389461
2.1139 -1.75412 0.918257 1.69696 0.389442
2.11395 -1.75412 0.918257 1.69692 0.389424
2.114 -1.75416 0.91827 1.6969 0.389352
2.11405 -1.75408 0.91824 1.69679 0.389441
2.1141 -1.75408 0.91824 1.69675 0.389423
2.11415 -1.75405 0.918233 1.69877 0.389481
2.1142 -1.75414 0.918265 1.69686 0.389341
2.11425 -1.75421 0.918292 1.69871 0.389228
2.1143 -1.75421 0.918292 1.69867 0.389209
2.11435 -1.75421 0.918292 1.69863 0.389191
2.1144 -1.75421 0.918292 1.69859 0.389173
2.11445 -1.75421 0.918292 1.69855 0.389154
2.1145 -1.75421 0.918292 1.69851 0.389136
2.11455 -1.75422 0.918297 1.69712 0.389104
2.1146 -1.75422 0.918297 1.69708 0.389086
2.11465 -1.75422 0.918297 1.69704 0.389067
2.1147 -1.75422 0.918297 1.697 0.389049
2.11475 -1.75428 0.918318 1.69701 0.388949
2.1148 -1.75431 0.918327 1.69792 0.38889
2.11485 -1.75431 0.918327 1.69788 0.388872
2.1149 -1.75431 0.918327 1.69784 0.388854
2.11495 -1.75431 0.918327 1.6978 0.388835
2.115 -1.75431 0.918327 1.69776 0.388817
2.11505 -1.75431 0.918327 1.69772 0.388799
2.1151 -1.75431 0.918327 1.69768 0.38878
2.11515 -1.75421 0.918295 1.69809 0.388897
2.1152 -1.75421 0.918295 1.69805 0.388878
2.11525 -1.75421 0.918295 1.69801 0.38886
2.1153 -1.75418 0.918285 1.69795 0.388882
2.11535 -1.75418 0.918285 1.69791 0.388864
2.1154 -1.75418 0.918285 1.69787 0.388845
2.11545 -1.75418 0.918285 1.69783 0.388827
2.1155 -1.75418 0.918285 1.69779 0.388808
2.11555 -1.75418 0.918285 1.69775 0.38879
2.1156 -1.7541 0.918255 1.69764 0.38888
2.11565 -1.7541 0.918255 1.6976 0.388861
2.1157 -1.7541 0.918255 1.69756 0.388843
2.11575 -1.75391 0.91819 1.69738 0.38908
2.1158 -1.75391 0.91819 1.69734 0.389062
2.11585 -1.75391 0.91819 1.6973 0.389044
2.1159 -1.75373 0.91813 1.69712 0.389268
2.11595 -1.75373 0.91813 1.69707 0.389249
2.116 -1.75366 0.918105 1.69698 0.389325
2.11605 -1.7537 0.918118 1.69685 0.389253
2.1161 -1.7537 0.918118 1.69681 0.389235
2.11615 -1.75378 0.91815 1.6919 0.389108
2.1162 -1.75378 0.91815 1.69186 0.38909
2.11625 -1.75378 0.91815 1.69182 0.389072
2.1163 -1.75362 0.918095 1.69175 0.389269
2.11635 -1.75362 0.918095 1.69171 0.38925
2.1164 -1.75349 0.918045 1.69609 0.389407
2.11645 -1.75341 0.91802 1.69642 0.389496
2.1165 -1.75341 0.91802 1.69638 0.389478
2.11655 -1.75341 0.91802 1.69634 0.389459
2.1166 -1.75341 0.91802 1.6963 0.389441
2.11665 -1.75341 0.91802 1.69626 0.389422
2.1167 -1.75341 0.91802 1.69622 0.389404
2.11675 -1.75341 0.91802 1.69618 0.389386
2.1168 -1.75341 0.91802 1.69614 0.389367
2.11685 -1.75344 0.918027 1.69613 0.389309
2.1169 -1.75337 0.918007 1.69554 0.389384
2.11695 -1.75332 0.91799 1.69546 0.389433
2.117 -1.75332 0.91799 1.69542 0.389415
2.11705 -1.75332 0.91799 1.69538 0.389396
2.1171 -1.75348 0.91805 1.69547 0.389163
2.11715 -1.75348 0.91805 1.69543 0.389144
2.1172 -1.75348 0.91805 1.69539 0.389126
2.11725 -1.75348 0.91805 1.69535 0.389108
2.1173 -1.75348 0.91805 1.69531 0.389089
2.11735 -1.7535 0.918055 1.69528 0.389044
2.1174 -1.7535 0.918055 1.69524 0.389026
2.11745 -1.7535 0.918055 1.6952 0.389007
2.1175 -1.7535 0.918055 1.69516 0.388989
2.11755 -1.7535 0.918055 1.69512 0.388971
2.1176 -1.75334 0.918007 1.69496 0.389167
2.11765 -1.75334 0.918007 1.69492 0.389149
2.1177 -1.75334 0.918007 1.69488 0.389131
2.11775 -1.75334 0.918007 1.69484 0.389112
2.1178 -1.75326 0.91798 1.69485 0.389201
2.11785 -1.75326 0.91798 1.69481 0.389183
2.1179 -1.75296 0.91788 1.69278 0.389567
2.11795 -1.75292 0.917865 1.69271 0.389603
2.118 -1.75295 0.91788 1.69349 0.38958
2.11805 -1.7527 0.917798 1.69437 0.389897
2.1181 -1.7527 0.917798 1.69433 0.389879
2.11815 -1.7527 0.917798 1.69429 0.38986
2.1182 -1.75271 0.9178 1.69426 0.389828
2.11825 -1.75289 0.91787 1.69437 0.389568
2.1183 -1.75278 0.917837 1.6941 0.389698
2.11835 -1.75278 0.917837 1.69406 0.389679
2.1184 -1.75278 0.917837 1.69402 0.389661
2.11845 -1.75278 0.917837 1.69398 0.389642
2.1185 -1.75278 0.917837 1.69394 0.389624
2.11855 -1.75278 0.917837 1.6939 0.389606
2.1186 -1.75278 0.917837 1.69386 0.389587
2.11865 -1.75278 0.917837 1.69382 0.389569
2.1187 -1.75278 0.917837 1.69378 0.38955
2.11875 -1.75278 0.917837 1.69374 0.389532
2.1188 -1.75278 0.917837 1.6937 0.389514
2.11885 -1.7528 0.917845 1.69404 0.389468
2.1189 -1.75243 0.917717 1.69371 0.389946
2.11895 -1.75243 0.917717 1.69367 0.389928
2.119 -1.75243 0.917717 1.69363 0.389909
2.11905 -1.75218 0.917635 1.69339 0.390226
2.1191 -1.75218 0.917635 1.69335 0.390208
2.11915 -1.75214 0.91762 1.69327 0.390243
2.1192 -1.75214 0.91762 1.69323 0.390225
2.11925 -1.75219 0.91764 1.69254 0.390139
2.1193 -1.75219 0.91764 1.6925 0.390121
2.11935 -1.75219 0.91764 1.69246 0.390102
2.1194 -1.7524 0.917717 1.69322 0.389803
2.11945 -1.75233 0.917695 1.69312 0.389878
2.1195 -1.75233 0.917695 1.69308 0.38986
2.11955 -1.75233 0.917695 1.69304 0.389841
2.1196 -1.75233 0.917695 1.693 0.389823
2.11965 -1.75217 0.91764 1.69284 0.390019
2.1197 -1.75218 0.917643 1.69281 0.389987
2.11975 -1.752 0.917582 1.6925 0.39021
2.1198 -1.752 0.917582 1.69246 0.390191
2.11985 -1.752 0.917582 1.69242 0.390173
2.1199 -1.752 0.917582 1.69238 0.390154
2.11995 -1.75178 0.917508 1.69234 0.39043
2.12 -1.75179 0.91751 1.69231 0.390399
2.12005 -1.75179 0.91751 1.69227 0.39038
2.1201 -1.75179 0.91751 1.69223 0.390362
2.12015 -1.75179 0.91751 1.69219 0.390343
2.1202 -1.75179 0.91751 1.69215 0.390325
2.12025 -1.75179 0.91751 1.69211 0.390306
2.1203 -1.75189 0.917547 1.69219 0.39019
2.12035 -1.75189 0.917547 1.69215 0.390171
2.1204 -1.75185 0.917532 1.69208 0.390207
2.12045 -1.75134 0.917362 1.69135 0.39087
2.1205 -1.75134 0.917362 1.69131 0.390852
2.12055 -1.75131 0.917355 1.69125 0.390873
2.1206 -1.75133 0.917362 1.69123 0.390828
2.12065 -1.75133 0.917362 1.69119 0.39081
2.1207 -1.75133 0.917362 1.69115 0.390791
2.12075 -1.75124 0.917332 1.69108 0.390893
2.1208 -1.75124 0.917332 1.69104 0.390875
2.12085 -1.75124 0.917332 1.691 0.390856
2.1209 -1.75123 0.917327 1.69096 0.390851
2.12095 -1.75123 0.917327 1.69092 0.390833
2.121 -1.75123 0.917327 1.69088 0.390814
2.12105 -1.75123 0.917327 1.69084 0.390796
2.1211 -1.75123 0.917327 1.6908 0.390778
2.12115 -1.75123 0.917327 1.69076 0.390759
2.1212 -1.75123 0.917327 1.69072 0.390741
2.12125 -1.75123 0.917327 1.69068 0.390722
2.1213 -1.75123 0.917327 1.69029 0.390704
2.12135 -1.75117 0.91731 1.69021 0.390801
2.1214 -1.75117 0.91731 1.69017 0.390783
2.12145 -1.75118 0.917312 1.69014 0.390751
2.1215 -1.75118 0.917312 1.6901 0.390733
2.12155 -1.75118 0.917312 1.69006 0.390714
2.1216 -1.75118 0.917312 1.69002 0.390696
2.12165 -1.75118 0.917312 1.68998 0.390677
2.1217 -1.75118 0.917312 1.68994 0.390659
2.12175 -1.75118 0.917312 1.6899 0.390641
2.1218 -1.75118 0.917312 1.68986 0.390622
2.12185 -1.75118 0.917312 1.68982 0.390604
2.1219 -1.7512 0.91732 1.6898 0.390559
2.12195 -1.7512 0.91732 1.68976 0.39054
2.122 -1.7512 0.91732 1.68972 0.390522
2.12205 -1.7512 0.91732 1.68968 0.390503
2.1221 -1.7512 0.91732 1.68964 0.390485
2.12215 -1.7512 0.91732 1.6896 0.390467
2.1222 -1.7512 0.91732 1.68956 0.390448
2.12225 -1.7512 0.91732 1.68952 0.39043
2.1223 -1.75113 0.917295 1.68941 0.390505
2.12235 -1.75113 0.917295 1.68937 0.390486
2.1224 -1.75113 0.917295 1.68933 0.390468
2.12245 -1.75119 0.917318 1.68934 0.39037
2.1225 -1.75119 0.917318 1.6893 0.390351
2.12255 -1.7512 0.91732 1.68927 0.390319
2.1226 -1.75116 0.917308 1.68976 0.390354
2.12265 -1.75116 0.917308 1.68972 0.390336
2.1227 -1.75116 0.917308 1.68968 0.390318
2.12275 -1.75119 0.917327 1.68967 0.390259
2.1228 -1.75121 0.917335 1.68957 0.390214
2.12285 -1.75116 0.91732 1.6895 0.390262
2.1229 -1.75116 0.91732 1.68946 0.390244
2.12295 -1.75116 0.91732 1.68942 0.390226
2.123 -1.75097 0.917257 1.68923 0.390461
2.12305 -1.75101 0.917275 1.68912 0.390389
2.1231 -1.75092 0.917245 1.68901 0.39049
2.12315 -1.75092 0.917245 1.68897 0.390472
2.1232 -1.75092 0.917245 1.68893 0.390454
2.12325 -1.75092 0.917245 1.68889 0.390435
2.1233 -1.75079 0.917197 1.68869 0.39059
2.12335 -1.75079 0.917197 1.68865 0.390572
2.1234 -1.75079 0.917197 1.68861 0.390553
2.12345 -1.75079 0.917197 1.68857 0.390535
2.1235 -1.7507 0.917165 1.68846 0.390636
2.12355 -1.7507 0.917165 1.68842 0.390618
2.1236 -1.7507 0.917165 1.68838 0.3906
2.12365 -1.7507 0.917165 1.68834 0.390581
2.1237 -1.7507 0.917165 1.6883 0.390563
2.12375 -1.7507 0.917165 1.68826 0.390544
2.1238 -1.75063 0.917142 1.68842 0.390655
2.12385 -1.75063 0.917142 1.68838 0.390636
2.1239 -1.75063 0.917142 1.68834 0.390618
2.12395 -1.75036 0.917055 1.68809 0.390959
2.124 -1.75036 0.917055 1.68805 0.39094
2.12405 -1.75036 0.917055 1.68801 0.390922
2.1241 -1.75036 0.917055 1.68797 0.390904
2.12415 -1.75058 0.91713 1.68811 0.390593
2.1242 -1.75062 0.91714 1.68777 0.390521
2.12425 -1.75062 0.91714 1.68773 0.390503
2.1243 -1.75062 0.91714 1.68769 0.390484
2.12435 -1.75061 0.917138 1.68765 0.390479
2.1244 -1.75061 0.917138 1.68761 0.390461
2.12445 -1.75061 0.917138 1.68757 0.390442
2.1245 -1.7506 0.917135 1.68752 0.390437
2.12455 -1.75029 0.91703 1.68749 0.390831
2.1246 -1.75029 0.91703 1.68745 0.390813
2.12465 -1.75029 0.91703 1.68741 0.390794
2.1247 -1.75029 0.91703 1.68737 0.390776
2.12475 -1.75045 0.917085 1.68747 0.390545
2.1248 -1.75045 0.917085 1.68743 0.390526
2.12485 -1.75045 0.917085 1.68739 0.390508
2.1249 -1.75036 0.91705 1.68727 0.390609
2.12495 -1.75035 0.917045 1.68723 0.390604
2.125 -1.75035 0.917045 1.68719 0.390586
2.12505 -1.75034 0.917042 1.68714 0.390581
2.1251 -1.74993 0.916913 1.68678 0.391107
2.12515 -1.74985 0.916883 1.68668 0.391195
2.1252 -1.74985 0.916883 1.68664 0.391177
2.12525 -1.74982 0.91687 1.68657 0.391198
2.1253 -1.74983 0.916878 1.68654 0.391166
2.12535 -1.75 0.91694 1.68667 0.390922
2.1254 -1.75 0.91694 1.68663 0.390904
2.12545 -1.75 0.91694 1.68659 0.390886
2.1255 -1.74994 0.916918 1.68649 0.390947
2.12555 -1.74994 0.916918 1.68645 0.390928
2.1256 -1.74993 0.916913 1.6864 0.390923
2.12565 -1.74993 0.916913 1.68636 0.390905
2.1257 -1.74993 0.916913 1.68632 0.390887
2.12575 -1.74993 0.916913 1.68628 0.390868
2.1258 -1.74993 0.916913 1.68624 0.39085
2.12585 -1.74996 0.916922 1.68622 0.390792
2.1259 -1.74996 0.916922 1.68618 0.390773
2.12595 -1.75008 0.916963 1.68601 0.39056
2.126 -1.75007 0.91696 1.68597 0.390555
2.12605 -1.75007 0.91696 1.68593 0.390537
2.1261 -1.75007 0.91696 1.68589 0.390518
2.12615 -1.75009 0.916965 1.68508 0.390473
2.1262 -1.75009 0.916965 1.68504 0.390455
2.12625 -1.75009 0.916965 1.685 0.390437
2.1263 -1.75009 0.916965 1.68496 0.390418
2.12635 -1.74984 0.916883 1.68576 0.390732
2.1264 -1.74977 0.916855 1.68566 0.390806
2.12645 -1.74977 0.916855 1.68562 0.390788
2.1265 -1.74977 0.916855 1.68559 0.390769
2.12655 -1.74977 0.916855 1.68555 0.390751
2.1266 -1.74977 0.916855 1.68551 0.390733
2.12665 -1.74977 0.916855 1.68547 0.390714
2.1267 -1.74977 0.916855 1.68543 0.390696
2.12675 -1.74995 0.916918 1.68554 0.390439
2.1268 -1.74995 0.916918 1.6855 0.39042
2.12685 -1.74995 0.916918 1.68546 0.390402
2.1269 -1.74994 0.916913 1.68541 0.390397
2.12695 -1.74994 0.916913 1.68537 0.390379
2.127 -1.74994 0.916913 1.68533 0.39036
2.12705 -1.74994 0.916913 1.68529 0.390342
2.1271 -1.74995 0.916918 1.68444 0.39031
2.12715 -1.74995 0.916918 1.6844 0.390292
2.1272 -1.74964 0.916807 1.68414 0.390684
2.12725 -1.74964 0.916807 1.6841 0.390666
2.1273 -1.74966 0.916813 1.68392 0.390621
2.12735 -1.74959 0.91679 1.68383 0.390696
2.1274 -1.74961 0.916798 1.68436 0.390651
2.12745 -1.74957 0.916785 1.68402 0.390685
2.1275 -1.74957 0.916785 1.68398 0.390667
2.12755 -1.74957 0.916785 1.68394 0.390649
2.1276 -1.74957 0.916785 1.6839 0.39063
2.12765 -1.74957 0.916785 1.68386 0.390612
2.1277 -1.74957 0.916785 1.68382 0.390594
2.12775 -1.74953 0.91677 1.68375 0.390628
2.1278 -1.74953 0.91677 1.68371 0.39061
2.12785 -1.74951 0.916765 1.68366 0.390618
2.1279 -1.74951 0.916765 1.68362 0.3906
2.12795 -1.7494 0.916725 1.68349 0.390727
2.128 -1.74929 0.91669 1.68336 0.390854
2.12805 -1.74928 0.916687 1.68331 0.390849
2.1281 -1.74897 0.916578 1.68359 0.391241
2.12815 -1.74897 0.916578 1.68355 0.391223
2.1282 -1.74897 0.916578 1.68351 0.391204
2.12825 -1.74897 0.916578 1.68347 0.391186
2.1283 -1.74897 0.916578 1.68343 0.391167
2.12835 -1.74869 0.91648 1.68189 0.391519
2.1284 -1.74869 0.91648 1.68185 0.391501
2.12845 -1.74869 0.91648 1.68181 0.391483
2.1285 -1.74865 0.916465 1.68301 0.391517
2.12855 -1.74873 0.916493 1.68083 0.391393
2.1286 -1.74858 0.916438 1.6806 0.391573
2.12865 -1.74848 0.916403 1.68267 0.391687
2.1287 -1.74848 0.916403 1.68264 0.391668
2.12875 -1.74848 0.916403 1.6826 0.39165
2.1288 -1.74827 0.916332 1.68201 0.391979
2.12885 -1.74828 0.91634 1.68194 0.391948
2.1289 -1.74828 0.91634 1.6819 0.391929
2.12895 -1.74828 0.91634 1.68186 0.391911
2.129 -1.74828 0.91634 1.68182 0.391893
2.12905 -1.74828 0.91634 1.68178 0.391874
2.1291 -1.74828 0.91634 1.68174 0.391856
2.12915 -1.74805 0.916257 1.68152 0.392141
2.1292 -1.74805 0.916257 1.68148 0.392123
2.12925 -1.74795 0.916223 1.68136 0.392236
2.1293 -1.74795 0.916223 1.68132 0.392218
2.12935 -1.74795 0.916223 1.68128 0.392199
2.1294 -1.74795 0.916223 1.68124 0.392181
2.12945 -1.74778 0.916168 1.68108 0.392387
2.1295 -1.74778 0.916168 1.68104 0.392368
2.12955 -1.74774 0.916153 1.68106 0.392403
2.1296 -1.74774 0.916153 1.68102 0.392384
2.12965 -1.74768 0.91613 1.68141 0.392445
2.1297 -1.74768 0.91613 1.68137 0.392427
2.12975 -1.74768 0.91613 1.68133 0.392408
2.1298 -1.74768 0.91613 1.6813 0.39239
2.12985 -1.74768 0.91613 1.68126 0.392371
2.1299 -1.74768 0.91613 1.68122 0.392353
2.12995 -1.74768 0.91613 1.68118 0.392334
2.13 -1.74768 0.91613 1.68114 0.392316
2.13005 -1.74768 0.91613 1.6811 0.392298
2.1301 -1.74768 0.91613 1.68106 0.392279
2.13015 -1.74768 0.91613 1.68102 0.392261
2.1302 -1.74768 0.91613 1.68098 0.392242
2.13025 -1.74765 0.91612 1.68092 0.392263
2.1303 -1.74765 0.91612 1.68088 0.392245
2.13035 -1.74765 0.91612 1.68084 0.392227
2.1304 -1.74769 0.916135 1.68083 0.392156
2.13045 -1.74737 0.916025 1.68054 0.392559
2.1305 -1.74737 0.916025 1.6805 0.39254
2.13055 -1.74742 0.916042 1.68053 0.392456
2.1306 -1.74753 0.916083 1.68031 0.392293
2.13065 -1.74732 0.91601 1.68023 0.392551
2.1307 -1.74726 0.915992 1.68015 0.392611
2.13075 -1.74726 0.915992 1.68011 0.392593
2.1308 -1.74726 0.915992 1.68007 0.392575
2.13085 -1.7472 0.915972 1.67986 0.392635
2.1309 -1.74725 0.91599 1.67987 0.392551
2.13095 -1.74726 0.915992 1.67984 0.392519
2.131 -1.74712 0.915942 1.67993 0.39272
2.13105 -1.74712 0.915942 1.67989 0.392702
2.1311 -1.74712 0.915942 1.67985 0.392684
2.13115 -1.74716 0.91596 1.67898 0.392613
2.1312 -1.74701 0.915913 1.6792 0.392791
2.13125 -1.74652 0.915737 1.67909 0.393418
2.1313 -1.7463 0.915658 1.6788 0.393688
2.13135 -1.7463 0.915658 1.67877 0.39367
2.1314 -1.7463 0.915658 1.67873 0.393651
2.13145 -1.7463 0.915658 1.67869 0.393633
2.1315 -1.7463 0.915658 1.67865 0.393614
2.13155 -1.7464 0.915695 1.67895 0.3935
2.1316 -1.74611 0.915595 1.67865 0.393898
2.13165 -1.74611 0.915595 1.67861 0.393879
2.1317 -1.74596 0.91555 1.67846 0.394093
2.13175 -1.74596 0.91555 1.67842 0.394074
2.1318 -1.74597 0.915552 1.67839 0.394043
2.13185 -1.74597 0.915555 1.67835 0.394059
2.1319 -1.74576 0.915482 1.67811 0.394352
2.13195 -1.74576 0.915482 1.67807 0.394333
2.132 -1.74577 0.915485 1.67804 0.394302
2.13205 -1.74575 0.915478 1.67798 0.394309
2.1321 -1.74576 0.915482 1.67795 0.394278
2.13215 -1.74576 0.915482 1.67791 0.394259
2.1322 -1.74576 0.915482 1.67787 0.394241
2.13225 -1.74576 0.915482 1.67783 0.394222
2.1323 -1.74614 0.915617 1.67812 0.393705
2.13235 -1.74616 0.915625 1.6781 0.39366
2.1324 -1.74616 0.915625 1.67806 0.393642
2.13245 -1.74616 0.915625 1.67802 0.393623
2.1325 -1.74589 0.915535 1.67758 0.393995
2.13255 -1.74589 0.915535 1.67754 0.393976
2.1326 -1.74566 0.91546 1.67734 0.394295
2.13265 -1.74566 0.91546 1.6773 0.394276
2.1327 -1.74566 0.91546 1.67726 0.394258
2.13275 -1.74566 0.91546 1.67722 0.394239
2.1328 -1.74566 0.91546 1.67718 0.394221
2.13285 -1.74566 0.91546 1.67714 0.394202
2.1329 -1.74566 0.91546 1.6771 0.394184
2.13295 -1.74566 0.91546 1.67706 0.394165
2.133 -1.7456 0.915443 1.67717 0.394225
2.13305 -1.7456 0.915443 1.67713 0.394207
2.1331 -1.74555 0.915425 1.67675 0.394289
2.13315 -1.74555 0.915425 1.67671 0.394271
2.1332 -1.74555 0.915425 1.67667 0.394252
2.13325 -1.74555 0.915423 1.67662 0.394234
2.1333 -1.74552 0.915412 1.67663 0.394254
2.13335 -1.74552 0.915412 1.67659 0.394236
2.1334 -1.74541 0.915373 1.67632 0.394362
2.13345 -1.74541 0.915373 1.67628 0.394343
2.1335 -1.74541 0.915373 1.67624 0.394325
2.13355 -1.74521 0.91531 1.67399 0.394568
2.1336 -1.74521 0.91531 1.67395 0.39455
2.13365 -1.74521 0.91531 1.67391 0.394531
2.1337 -1.74521 0.91531 1.67387 0.394513
2.13375 -1.74521 0.91531 1.67383 0.394494
2.1338 -1.74522 0.915315 1.6738 0.394463
2.13385 -1.74522 0.915315 1.67376 0.394444
2.1339 -1.74522 0.915315 1.67372 0.394426
2.13395 -1.74514 0.915292 1.67352 0.394512
2.134 -1.74514 0.915292 1.67349 0.394493
2.13405 -1.74503 0.915257 1.67313 0.394619
2.1341 -1.74503 0.915257 1.67309 0.3946
2.13415 -1.74503 0.915257 1.67306 0.394582
2.1342 -1.74501 0.915247 1.67297 0.39459
2.13425 -1.7451 0.91528 1.673 0.394453
2.1343 -1.7451 0.91528 1.67296 0.394435
2.13435 -1.7451 0.91528 1.67292 0.394416
2.1344 -1.74492 0.915218 1.67556 0.394633
2.13445 -1.74492 0.915218 1.67552 0.394615
2.1345 -1.74492 0.915218 1.67548 0.394596
2.13455 -1.74492 0.915218 1.67544 0.394578
2.1346 -1.74492 0.915218 1.6754 0.394559
2.13465 -1.74492 0.915218 1.67536 0.394541
2.1347 -1.74492 0.915218 1.67532 0.394522
2.13475 -1.74492 0.915218 1.67528 0.394504
2.1348 -1.74494 0.915225 1.67269 0.394459
2.13485 -1.74494 0.915225 1.67265 0.394441
2.1349 -1.74494 0.915225 1.67261 0.394422
2.13495 -1.74494 0.915225 1.67257 0.394404
2.135 -1.74491 0.915212 1.67508 0.394425
2.13505 -1.74491 0.915212 1.67505 0.394406
2.1351 -1.74491 0.915212 1.67501 0.394388
2.13515 -1.74491 0.915212 1.67497 0.394369
2.1352 -1.74491 0.915212 1.67493 0.394351
2.13525 -1.74491 0.915212 1.67489 0.394332
2.1353 -1.74491 0.915212 1.67485 0.394314
2.13535 -1.74491 0.915212 1.67481 0.394295
2.1354 -1.74495 0.915233 1.67482 0.394225
2.13545 -1.74495 0.915233 1.67478 0.394206
2.1355 -1.74495 0.915233 1.67474 0.394188
2.13555 -1.74495 0.915233 1.67471 0.394169
2.1356 -1.74495 0.915233 1.67467 0.394151
2.13565 -1.74495 0.915233 1.67463 0.394132
2.1357 -1.74495 0.915233 1.67459 0.394114
2.13575 -1.74507 0.915275 1.67465 0.393939
2.1358 -1.74507 0.915275 1.67461 0.39392
2.13585 -1.74494 0.915233 1.6717 0.394072
2.1359 -1.74452 0.915088 1.67129 0.394602
2.13595 -1.74452 0.915088 1.67125 0.394583
2.136 -1.74452 0.915088 1.67121 0.394565
2.13605 -1.74467 0.915142 1.67133 0.394385
2.1361 -1.74448 0.915072 1.67271 0.39458
2.13615 -1.74448 0.915072 1.67267 0.394562
2.1362 -1.74448 0.915072 1.67263 0.394543
2.13625 -1.74448 0.915072 1.67259 0.394525
2.1363 -1.74445 0.91506 1.67252 0.394545
2.13635 -1.74445 0.91506 1.67249 0.394527
2.1364 -1.74445 0.91506 1.67245 0.394508
2.13645 -1.74445 0.91506 1.67241 0.39449
2.1365 -1.74445 0.91506 1.67237 0.394471
2.13655 -1.74445 0.91506 1.67233 0.394453
2.1366 -1.74446 0.915063 1.6723 0.394421
2.13665 -1.74446 0.915063 1.67226 0.394403
2.1367 -1.74414 0.914952 1.67191 0.394802
2.13675 -1.74414 0.914952 1.67187 0.394783
2.1368 -1.74414 0.914952 1.67183 0.394765
2.13685 -1.74414 0.914952 1.67179 0.394746
2.1369 -1.74414 0.914952 1.67175 0.394728
2.13695 -1.74359 0.914763 1.67136 0.395426
2.137 -1.74359 0.914763 1.67132 0.395408
2.13705 -1.74359 0.914763 1.67128 0.395389
2.1371 -1.74359 0.914763 1.67124 0.395371
2.13715 -1.74359 0.914763 1.6712 0.395352
2.1372 -1.74362 0.914772 1.67221 0.395295
2.13725 -1.74362 0.914772 1.67217 0.395276
2.1373 -1.74362 0.914772 1.67213 0.395258
2.13735 -1.74362 0.914772 1.67209 0.395239
2.1374 -1.74362 0.914772 1.67205 0.395221
2.13745 -1.74362 0.914772 1.67201 0.395202
2.1375 -1.74362 0.914772 1.67197 0.395184
2.13755 -1.74362 0.914772 1.67193 0.395165
2.1376 -1.74369 0.914798 1.67193 0.395056
2.13765 -1.74369 0.914798 1.6719 0.395037
2.1377 -1.74369 0.914798 1.67186 0.395019
2.13775 -1.74369 0.914798 1.67182 0.395
2.1378 -1.74369 0.914798 1.67178 0.394982
2.13785 -1.74369 0.914798 1.67174 0.394963
2.1379 -1.74377 0.91483 1.67177 0.394841
2.13795 -1.74377 0.91483 1.67173 0.394822
2.138 -1.74377 0.91483 1.67169 0.394804
2.13805 -1.74377 0.91483 1.67165 0.394785
2.1381 -1.74377 0.91483 1.67161 0.394767
2.13815 -1.74377 0.91483 1.67158 0.394748
2.1382 -1.74377 0.91483 1.67154 0.39473
2.13825 -1.74377 0.91483 1.6715 0.394711
2.1383 -1.74377 0.91483 1.67146 0.394693
2.13835 -1.74344 0.914728 1.67133 0.395104
2.1384 -1.74344 0.914728 1.67129 0.395085
2.13845 -1.74344 0.914728 1.67125 0.395067
2.1385 -1.74345 0.914725 1.67023 0.395
2.13855 -1.74345 0.914725 1.67019 0.394982
2.1386 -1.74279 0.914505 1.66974 0.395856
2.13865 -1.74285 0.91453 1.67065 0.39576
2.1387 -1.74285 0.91453 1.67061 0.395741
2.13875 -1.74285 0.91453 1.67057 0.395723
2.1388 -1.74289 0.914545 1.67057 0.395652
2.13885 -1.74289 0.914545 1.67053 0.395634
2.1389 -1.74297 0.914575 1.67056 0.395511
2.13895 -1.74297 0.914575 1.67052 0.395493
2.139 -1.74297 0.914575 1.67048 0.395474
2.13905 -1.74297 0.914575 1.67044 0.395456
2.1391 -1.74297 0.914575 1.6704 0.395437
2.13915 -1.74298 0.914575 1.67036 0.395371
2.1392 -1.74298 0.914575 1.67033 0.395353
2.13925 -1.743 0.914582 1.6703 0.395308
2.1393 -1.74295 0.914565 1.67024 0.395355
2.13935 -1.74295 0.914565 1.6702 0.395336
2.1394 -1.74295 0.914565 1.67016 0.395318
2.13945 -1.74295 0.914565 1.67013 0.395299
2.1395 -1.74295 0.914565 1.67009 0.395281
2.13955 -1.74295 0.914565 1.67005 0.395262
2.1396 -1.74295 0.914565 1.67001 0.395244
2.13965 -1.74295 0.914565 1.66997 0.395225
2.1397 -1.74295 0.914565 1.66993 0.395207
2.13975 -1.74295 0.914565 1.66989 0.395188
2.1398 -1.7429 0.914552 1.66982 0.395235
2.13985 -1.74268 0.914478 1.66946 0.395502
2.1399 -1.74269 0.914485 1.66944 0.395505
2.13995 -1.74258 0.91445 1.66933 0.395629
2.14 -1.74271 0.914497 1.66936 0.395442
2.14005 -1.7427 0.914495 1.66931 0.395437
2.1401 -1.74268 0.914485 1.6694 0.395444
2.14015 -1.74267 0.914482 1.66935 0.395439
2.1402 -1.74268 0.914485 1.66932 0.395407
2.14025 -1.74267 0.914482 1.66927 0.395402
2.1403 -1.74268 0.914485 1.66924 0.39537
2.14035 -1.74268 0.914485 1.6692 0.395352
2.1404 -1.74287 0.914555 1.66663 0.395122
2.14045 -1.74287 0.914555 1.6666 0.395103
2.1405 -1.74287 0.914555 1.66656 0.395085
2.14055 -1.74287 0.914555 1.66652 0.395067
2.1406 -1.74287 0.914555 1.66649 0.395048
2.14065 -1.74287 0.914555 1.66645 0.39503
2.1407 -1.74283 0.914543 1.66901 0.395063
2.14075 -1.74285 0.91455 1.669 0.395019
2.1408 -1.74287 0.914558 1.66898 0.394974
2.14085 -1.74291 0.914578 1.66898 0.394904
2.1409 -1.74292 0.91458 1.66894 0.394873
2.14095 -1.74291 0.914578 1.6689 0.394867
2.141 -1.74292 0.91458 1.66887 0.394836
2.14105 -1.74314 0.914655 1.66204 0.394532
2.1411 -1.74315 0.914658 1.66201 0.394501
2.14115 -1.74314 0.914655 1.66196 0.394495
2.1412 -1.74315 0.914658 1.66193 0.394464
2.14125 -1.74314 0.914655 1.66188 0.394458
2.1413 -1.74289 0.914567 1.66158 0.394764
2.14135 -1.74269 0.9145 1.66177 0.395005
2.1414 -1.74269 0.9145 1.66173 0.394986
2.14145 -1.74269 0.9145 1.66169 0.394968
2.1415 -1.74269 0.9145 1.66165 0.394949
2.14155 -1.74269 0.9145 1.66161 0.394931
2.1416 -1.74269 0.9145 1.66157 0.394912
2.14165 -1.74269 0.9145 1.66153 0.394894
2.1417 -1.74269 0.9145 1.6615 0.394876
2.14175 -1.74269 0.9145 1.66146 0.394857
2.1418 -1.74265 0.91449 1.66139 0.39489
2.14185 -1.74265 0.91449 1.66135 0.394872
2.1419 -1.74265 0.91449 1.66132 0.394854
2.14195 -1.74243 0.914415 1.66614 0.39512
2.142 -1.74243 0.914415 1.6661 0.395102
2.14205 -1.74243 0.914415 1.66606 0.395083
2.1421 -1.74243 0.914415 1.66603 0.395065
2.14215 -1.74243 0.914415 1.66599 0.395046
2.1422 -1.74243 0.914415 1.66595 0.395028
2.14225 -1.74243 0.914415 1.66591 0.395009
2.1423 -1.74245 0.914423 1.6659 0.394965
2.14235 -1.74245 0.914423 1.66586 0.394947
2.1424 -1.74245 0.914423 1.66582 0.394928
2.14245 -1.74245 0.914423 1.66578 0.39491
2.1425 -1.74245 0.914423 1.66574 0.394891
2.14255 -1.74246 0.914425 1.66571 0.39486
2.1426 -1.74242 0.91441 1.66533 0.394893
2.14265 -1.74241 0.914408 1.66528 0.394888
2.1427 -1.74241 0.914408 1.66524 0.394869
2.14275 -1.74241 0.914408 1.6652 0.394851
2.1428 -1.74198 0.91426 1.66558 0.395389
2.14285 -1.74198 0.91426 1.66555 0.39537
2.1429 -1.74206 0.914288 1.66557 0.395248
2.14295 -1.74206 0.914288 1.66553 0.39523
2.143 -1.74198 0.914257 1.66543 0.395315
2.14305 -1.74198 0.914257 1.66539 0.395296
2.1431 -1.74191 0.914238 1.66529 0.395403
2.14315 -1.74191 0.914238 1.66525 0.395385
2.1432 -1.74191 0.914238 1.66522 0.395366
2.14325 -1.74164 0.914145 1.66498 0.395697
2.1433 -1.74164 0.914145 1.66494 0.395678
2.14335 -1.74164 0.914145 1.6649 0.39566
2.1434 -1.74164 0.914145 1.66486 0.395641
2.14345 -1.7418 0.9142 1.66399 0.395416
2.1435 -1.7418 0.9142 1.66395 0.395398
2.14355 -1.7418 0.9142 1.66391 0.395379
2.1436 -1.7416 0.914133 1.6637 0.395619
2.14365 -1.7416 0.914133 1.66367 0.395601
2.1437 -1.7416 0.914133 1.66363 0.395582
2.14375 -1.7416 0.914133 1.66359 0.395564
2.1438 -1.74144 0.91408 1.66559 0.395752
2.14385 -1.74144 0.91408 1.66555 0.395733
2.1439 -1.7415 0.9141 1.66484 0.395637
2.14395 -1.7414 0.91407 1.66522 0.395748
2.144 -1.7414 0.91407 1.66518 0.39573
2.14405 -1.7414 0.91407 1.66514 0.395711
2.1441 -1.7414 0.91407 1.6651 0.395693
2.14415 -1.7414 0.91407 1.66506 0.395674
2.1442 -1.7414 0.91407 1.66502 0.395656
2.14425 -1.7414 0.91407 1.66498 0.395637
2.1443 -1.7414 0.91407 1.66494 0.395619
2.14435 -1.7414 0.91407 1.6649 0.3956
2.1444 -1.74142 0.914075 1.66262 0.395556
2.14445 -1.74128 0.91403 1.66247 0.395718
2.1445 -1.74128 0.91403 1.66243 0.3957
2.14455 -1.74128 0.91403 1.66239 0.395681
2.1446 -1.74128 0.91403 1.66235 0.395663
2.14465 -1.74128 0.91403 1.66231 0.395644
2.1447 -1.74128 0.91403 1.66227 0.395626
2.14475 -1.74128 0.91403 1.66224 0.395608
2.1448 -1.74128 0.91403 1.6622 0.395589
2.14485 -1.74128 0.91403 1.66216 0.395571
2.1449 -1.74128 0.91403 1.66212 0.395552
2.14495 -1.74128 0.91403 1.66208 0.395534
2.145 -1.74137 0.914057 1.6621 0.395365
2.14505 -1.74121 0.914003 1.66395 0.395552
2.1451 -1.74112 0.913975 1.66407 0.39565
2.14515 -1.74145 0.91409 1.66427 0.395206
2.1452 -1.74145 0.91409 1.66423 0.395188
2.14525 -1.74145 0.91409 1.66419 0.395169
2.1453 -1.74145 0.91409 1.66416 0.395151
2.14535 -1.74145 0.91409 1.66412 0.395132
2.1454 -1.74145 0.91409 1.66408 0.395114
2.14545 -1.74145 0.91409 1.66404 0.395096
2.1455 -1.74138 0.914062 1.66316 0.395167
2.14555 -1.74138 0.914062 1.66312 0.395149
2.1456 -1.74138 0.914062 1.66308 0.395131
2.14565 -1.7411 0.913965 1.66386 0.395473
2.1457 -1.7411 0.913965 1.66382 0.395454
2.14575 -1.7411 0.913965 1.66378 0.395436
2.1458 -1.74076 0.913855 1.66222 0.395855
2.14585 -1.74083 0.913878 1.65864 0.395747
2.1459 -1.74083 0.913878 1.6586 0.395728
2.14595 -1.74083 0.913878 1.65856 0.39571
2.146 -1.74083 0.913878 1.65852 0.395691
2.14605 -1.74083 0.913878 1.65848 0.395673
2.1461 -1.74083 0.913878 1.65845 0.395654
2.14615 -1.74073 0.913845 1.66183 0.395765
2.1462 -1.74068 0.91383 1.66175 0.395811
2.14625 -1.74068 0.91383 1.66171 0.395792
2.1463 -1.74068 0.91383 1.66167 0.395774
2.14635 -1.74068 0.91383 1.66163 0.395755
2.1464 -1.74068 0.91383 1.66159 0.395737
2.14645 -1.74068 0.91383 1.66155 0.395718
2.1465 -1.74059 0.913802 1.66231 0.395816
2.14655 -1.74059 0.913802 1.66227 0.395797
2.1466 -1.74059 0.913802 1.66223 0.395779
2.14665 -1.74059 0.913802 1.66219 0.39576
2.1467 -1.74059 0.913802 1.66215 0.395742
2.14675 -1.74059 0.913802 1.66211 0.395723
2.1468 -1.74059 0.913802 1.66208 0.395705
2.14685 -1.74059 0.913802 1.66204 0.395687
2.1469 -1.74034 0.913722 1.66176 0.39599
2.14695 -1.74034 0.913722 1.66173 0.395971
2.147 -1.74034 0.913722 1.66169 0.395953
2.14705 -1.74034 0.913722 1.66165 0.395934
2.1471 -1.74017 0.91367 1.66147 0.396134
2.14715 -1.74017 0.91367 1.66143 0.396116
2.1472 -1.74036 0.913737 1.66154 0.395853
2.14725 -1.74036 0.913737 1.6615 0.395835
2.1473 -1.74036 0.913737 1.66146 0.395816
2.14735 -1.74036 0.913737 1.66142 0.395798
2.1474 -1.74036 0.913737 1.66138 0.395779
2.14745 -1.74036 0.913737 1.66134 0.395761
2.1475 -1.74036 0.913737 1.6613 0.395743
2.14755 -1.74036 0.913737 1.66126 0.395724
2.1476 -1.74036 0.913737 1.66123 0.395706
2.14765 -1.74036 0.913737 1.66119 0.395687
2.1477 -1.74036 0.913737 1.66115 0.395669
2.14775 -1.74036 0.913737 1.66111 0.39565
2.1478 -1.74029 0.913713 1.66101 0.395722
2.14785 -1.74029 0.913713 1.66097 0.395703
2.1479 -1.74029 0.913713 1.66094 0.395685
2.14795 -1.74029 0.91371 1.66084 0.395667
2.148 -1.74029 0.91371 1.66081 0.395648
2.14805 -1.74029 0.91371 1.66077 0.39563
2.1481 -1.74029 0.91371 1.66073 0.395611
2.14815 -1.74019 0.913678 1.65968 0.395721
2.1482 -1.74019 0.913678 1.65964 0.395703
2.14825 -1.74031 0.913717 1.65946 0.39553
2.1483 -1.74031 0.913717 1.65942 0.395512
2.14835 -1.74031 0.913717 1.65938 0.395494
2.1484 -1.74031 0.913717 1.65934 0.395475
2.14845 -1.74031 0.913717 1.65931 0.395457
2.1485 -1.74031 0.913717 1.65927 0.395438
2.14855 -1.74031 0.913717 1.65923 0.39542
2.1486 -1.74031 0.913717 1.65919 0.395402
2.14865 -1.74027 0.913705 1.65841 0.395435
2.1487 -1.74027 0.913705 1.65838 0.395416
2.14875 -1.74027 0.913705 1.65834 0.395398
2.1488 -1.74018 0.913675 1.65822 0.395495
2.14885 -1.74018 0.913675 1.65818 0.395476
2.1489 -1.74018 0.913675 1.65815 0.395458
2.14895 -1.74018 0.913675 1.65811 0.39544
2.149 -1.74018 0.913675 1.65807 0.395421
2.14905 -1.74018 0.913675 1.65803 0.395403
2.1491 -1.74018 0.913675 1.65799 0.395384
2.14915 -1.74018 0.913675 1.65795 0.395366
2.1492 -1.74018 0.913675 1.65791 0.395348
2.14925 -1.74018 0.913675 1.65788 0.395329
2.1493 -1.74018 0.913675 1.65784 0.395311
2.14935 -1.74018 0.913675 1.6578 0.395292
2.1494 -1.73998 0.913605 1.65972 0.39553
2.14945 -1.74017 0.913675 1.65925 0.395268
2.1495 -1.74017 0.913675 1.65921 0.39525
2.14955 -1.74017 0.913675 1.65917 0.395232
2.1496 -1.74017 0.913675 1.65913 0.395213
2.14965 -1.74017 0.913675 1.65909 0.395195
2.1497 -1.73996 0.913605 1.65883 0.395446
2.14975 -1.73996 0.913605 1.6588 0.395427
2.1498 -1.73996 0.913605 1.65876 0.395409
2.14985 -1.73995 0.913602 1.65871 0.395403
2.1499 -1.73995 0.913602 1.65867 0.395385
2.14995 -1.73995 0.913602 1.65863 0.395366
