2.2125 -1.53329 0.779597 3.20394 1.2988
2.21287 -1.52804 0.762843 7.5023 1.5818
2.21325 -1.53105 0.774424 4.021 1.45101
2.21362 -1.52553 0.762863 5.49268 1.48193
2.214 -1.52429 0.765169 4.58153 1.40478
2.21437 -1.52663 0.76363 7.42451 1.57478
2.21475 -1.52812 0.771699 4.16125 1.40844
2.21513 -1.52259 0.765168 4.14597 1.47943
2.2155 -1.52053 0.757917 6.68882 1.55999
2.21588 -1.51734 0.747286 8.86877 1.69265
2.21625 -1.52009 0.753358 8.6446 1.60046
2.21663 -1.52135 0.761942 4.59648 1.49754
2.217 -1.52052 0.762024 5.21165 1.47738
2.21738 -1.52299 0.762224 5.73573 1.48139
2.21775 -1.5247 0.76884 4.66718 1.47571
2.21813 -1.52012 0.76052 5.01003 1.53837
2.2185 -1.51212 0.734634 12.5165 1.70336
2.21887 -1.52069 0.765609 4.3152 1.52112
2.21925 -1.52544 0.76624 6.02011 1.47854
2.21962 -1.51724 0.757291 6.45531 1.62632
2.22 -1.51363 0.752726 5.34306 1.52047
2.22037 -1.51469 0.746607 8.68292 1.67195
2.22075 -1.51493 0.749974 7.45553 1.58537
2.22112 -1.51364 0.744291 9.86502 1.62482
2.2215 -1.51203 0.751186 5.78467 1.45598
2.22187 -1.51098 0.744309 10.671 1.65724
2.22225 -1.51159 0.734001 12.6144 1.74639
2.22262 -1.50294 0.723586 15.9186 1.76247
2.223 -1.50782 0.7455 6.01883 1.56552
2.22337 -1.51268 0.75531 5.89497 1.55457
2.22375 -1.52129 0.771969 3.7598 1.40971
2.22412 -1.50729 0.737047 11.3002 1.74567
2.2245 -1.51485 0.747996 11.5084 1.55844
2.22487 -1.51005 0.740791 10.5629 1.62126
2.22525 -1.51014 0.750774 5.28517 1.53953
2.22562 -1.51142 0.756841 4.73291 1.40454
2.226 -1.49918 0.717487 17.9225 1.93502
2.22637 -1.51278 0.761456 4.0126 1.41032
2.22675 -1.50682 0.744824 8.37087 1.60088
2.22713 -1.51339 0.762449 4.19296 1.45872
2.2275 -1.50622 0.749647 5.7097 1.61658
2.22788 -1.5079 0.754472 4.74327 1.49342
2.22825 -1.50753 0.74659 7.90056 1.59874
2.22863 -1.50185 0.739161 7.87753 1.58717
2.229 -1.50364 0.749663 4.71931 1.49289
2.22938 -1.49537 0.722585 12.1541 1.68886
2.22975 -1.49757 0.723374 12.8837 1.66579
2.23013 -1.49529 0.71461 17.4801 1.77137
2.2305 -1.50662 0.747093 8.35017 1.61756
2.23088 -1.50361 0.747132 5.27772 1.48772
2.23125 -1.49623 0.719566 15.9101 1.76535
2.23162 -1.50189 0.745493 5.63155 1.48992
2.232 -1.50015 0.736817 9.72144 1.60074
2.23237 -1.4928 0.723737 8.89601 1.63401
2.23275 -1.49622 0.72939 10.3867 1.7299
2.23312 -1.48818 0.713694 10.8669 1.80896
2.2335 -1.4798 0.670248 28.8898 2.20588
2.23387 -1.48814 0.715263 10.7053 1.75256
2.23425 -1.50245 0.748118 5.79087 1.47858
2.23462 -1.48574 0.715973 9.81003 1.70498
2.235 -1.48956 0.72432 8.06582 1.70162
2.23537 -1.49261 0.721008 15.3739 1.87635
2.23575 -1.49362 0.732776 8.08963 1.69611
2.23612 -1.49044 0.728548 7.93715 1.65923
2.2365 -1.49085 0.729542 7.05675 1.60759
2.23687 -1.48659 0.714067 13.5291 1.83281
2.23725 -1.49077 0.727638 9.42364 1.7144
2.23762 -1.48395 0.708911 12.8876 1.71255
2.238 -1.47432 0.67277 23.6491 1.98882
2.23838 -1.48634 0.720515 8.67498 1.53288
2.23875 -1.48418 0.718728 8.20114 1.63052
2.23913 -1.47747 0.701073 13.5998 1.83854
2.2395 -1.48973 0.729721 7.88569 1.64285
2.23988 -1.49389 0.744336 4.82044 1.43367
2.24025 -1.48308 0.719086 11.4024 1.72908
2.24063 -1.47382 0.69334 14.4096 1.86356
2.241 -1.4893 0.736703 6.98611 1.64542
2.24138 -1.48194 0.718037 8.26235 1.61802
2.24175 -1.48921 0.727715 10.5883 1.61397
2.24213 -1.4739 0.696229 14.6131 1.81653
2.2425 -1.48114 0.716686 8.36772 1.75362
2.24288 -1.48491 0.728101 6.25341 1.55515
2.24325 -1.4738 0.686932 17.6271 1.78754
2.24363 -1.47459 0.687266 20.1328 1.924
2.244 -1.47972 0.714053 11.192 1.7797
2.24437 -1.46917 0.669732 25.7421 2.15025
2.24475 -1.47949 0.720281 6.89792 1.63065
2.24512 -1.47569 0.708862 9.36313 1.78242
2.2455 -1.47812 0.715782 9.30342 1.76522
2.24587 -1.47018 0.69194 14.3466 1.74336
2.24625 -1.46894 0.695849 14.2514 1.84398
2.24662 -1.46487 0.679549 18.2756 1.93842
2.247 -1.47586 0.705801 13.3379 1.77267
2.24737 -1.47694 0.711076 11.4707 1.70352
2.24775 -1.46496 0.688752 13.1155 1.90874
2.24812 -1.4692 0.703262 9.31513 1.6919
2.2485 -1.48003 0.727035 6.83072 1.60102
2.24887 -1.46741 0.698765 10.5838 1.68277
2.24925 -1.45754 0.659708 21.8034 2.0837
2.24962 -1.46416 0.683756 18.0434 1.91006
