2.3625 -1.25244 0.147395 52.8715 1.45589
2.36287 -1.25197 0.157732 32.7188 1.19812
2.36325 -1.25023 0.149077 40.5827 1.26539
2.36362 -1.24319 0.103935 22.037 1.16061
2.364 -1.24506 0.161031 49.983 1.20038
2.36437 -1.24884 0.151053 41.2009 1.1947
2.36475 -1.2489 0.152545 41.7714 1.51725
2.36512 -1.24686 0.0914089 23.6627 1.34998
2.3655 -1.24661 0.147536 34.5592 1.19861
2.36587 -1.24577 0.133431 48.4524 1.20188
2.36625 -1.24368 0.123761 28.5078 1.18571
2.36662 -1.2457 0.133598 29.5958 1.32545
2.367 -1.24196 0.109229 26.6813 1.24368
2.36738 -1.24153 0.105964 26.4071 1.22994
2.36775 -1.24256 0.106766 29.5685 1.23951
2.36813 -1.23882 0.121039 29.6484 1.15766
2.3685 -1.24404 0.140316 43.556 1.12087
2.36887 -1.23712 0.110334 25.6805 1.14556
2.36925 -1.23775 0.106265 19.8729 1.17577
2.36962 -1.24113 0.145394 58.495 1.35604
2.37 -1.24315 0.15875 38.3715 1.2861
2.37037 -1.23824 0.139159 32.4323 1.11279
2.37075 -1.23847 0.101208 21.8915 1.30525
2.37112 -1.23969 0.125289 37.0051 1.34176
2.3715 -1.23517 0.101035 27.7887 1.17274
2.37187 -1.24112 0.152511 37.8791 1.27242
2.37225 -1.23858 0.146972 33.7409 1.23025
2.37262 -1.23472 0.11375 26.7008 1.20335
2.373 -1.23223 0.137118 44.0127 1.27073
2.37337 -1.23799 0.122635 50.4355 1.28204
2.37375 -1.23628 0.124977 43.029 1.38473
2.37412 -1.2353 0.132616 33.0684 1.12908
2.3745 -1.23305 0.146022 32.8488 1.19112
2.37487 -1.23605 0.133017 40.5991 1.38795
2.37525 -1.23176 0.0869561 17.1459 1.17949
2.37562 -1.23099 0.140532 29.8422 1.19253
2.376 -1.23359 0.142323 46.4945 1.4109
2.37637 -1.23192 0.110414 24.221 1.17085
2.37675 -1.23193 0.108332 28.8063 1.20265
2.37712 -1.22752 0.0940186 16.8929 1.13051
2.3775 -1.2268 0.115179 25.6285 1.16428
2.37787 -1.22781 0.115697 37.8844 1.27442
2.37825 -1.22806 0.102457 21.3937 1.1642
2.37862 -1.22912 0.105696 24.7 1.20188
2.379 -1.22826 0.101268 21.6047 1.1309
2.37938 -1.22585 0.112296 26.5353 1.19467
2.37975 -1.22703 0.122478 32.7597 1.18702
2.38013 -1.2253 0.123173 30.1106 1.21434
2.3805 -1.22535 0.108695 26.824 1.12843
2.38088 -1.22678 0.132768 39.1854 1.25452
2.38125 -1.22719 0.122893 25.5821 1.15224
2.38162 -1.22529 0.110571 23.6468 1.21169
2.382 -1.2233 0.126517 34.0961 1.33751
2.38237 -1.22466 0.125653 35.6997 1.21557
2.38275 -1.2229 0.126425 34.2478 1.22005
2.38312 -1.22421 0.116446 25.8715 1.12617
2.3835 -1.22134 0.100849 20.3554 1.18863
2.38387 -1.22239 0.112048 30.5809 1.21751
2.38425 -1.22508 0.121622 24.8318 1.19393
2.38462 -1.22026 0.0994398 23.8855 1.05495
2.385 -1.22219 0.116249 32 1.24426
2.38537 -1.22566 0.128806 40.4663 1.20648
2.38575 -1.22055 0.125373 26.7491 1.24963
2.38612 -1.21861 0.0969021 18.2272 1.24533
2.3865 -1.22356 0.160923 59.9652 1.37564
2.38687 -1.21584 0.105452 27.4893 1.13216
2.38725 -1.21814 0.12356 26.5936 1.11892
2.38762 -1.21609 0.095414 18.733 1.06217
2.388 -1.21736 0.136821 31.6164 1.16807
2.38837 -1.21871 0.13566 43.7413 1.28228
2.38875 -1.21788 0.142867 36.5251 1.21695
2.38912 -1.21535 0.0971411 24.0057 1.19419
2.3895 -1.21349 0.118039 21.2222 1.08127
2.38987 -1.21575 0.0890415 17.4163 1.1985
2.39025 -1.21245 0.112287 35.1608 1.19817
2.39062 -1.21391 0.0954379 16.7388 1.16736
2.391 -1.21422 0.114764 26.2398 1.10943
2.39138 -1.21439 0.0775056 12.2601 1.14271
2.39175 -1.21741 0.134545 38.6882 1.1677
2.39213 -1.20994 0.0958372 23.2816 1.09769
2.3925 -1.21163 0.103554 20.6868 1.07813
2.39288 -1.20949 0.105612 25.3337 1.07855
2.39325 -1.21275 0.093453 19.6711 1.29197
2.39363 -1.2104 0.106891 18.3941 1.10345
2.394 -1.21376 0.117688 27.918 1.37946
2.39437 -1.21213 0.108312 26.6676 1.16841
2.39475 -1.20964 0.0934369 17.4653 1.05853
2.39512 -1.20741 0.0969126 20.3127 1.19115
2.3955 -1.20966 0.101442 22.9809 1.13182
2.39587 -1.20941 0.1099 25.1694 1.15359
2.39625 -1.2099 0.128763 42.1279 1.28476
2.39662 -1.20977 0.124533 23.5089 1.11848
2.397 -1.20774 0.101327 18.3248 1.044
2.39737 -1.21056 0.104699 20.3672 1.14167
2.39775 -1.20733 0.102902 23.1528 1.01717
2.39812 -1.20815 0.104814 22.8424 1.13844
2.3985 -1.20483 0.109532 26.8726 1.14954
2.39887 -1.20633 0.108785 24.9662 1.14573
2.39925 -1.20805 0.104979 27.7051 1.20279
2.39962 -1.20397 0.107888 24.6366 1.08212
