2.175 -1.58095 0.814933 2.93927 1.32194
2.17537 -1.57798 0.810775 3.52803 1.29073
2.17575 -1.57688 0.805216 5.00104 1.34766
2.17612 -1.57956 0.815907 2.2325 1.24805
2.1765 -1.57919 0.814869 2.28259 1.21351
2.17687 -1.57795 0.811935 2.65684 1.23615
2.17725 -1.57497 0.809657 3.02604 1.35709
2.17762 -1.57968 0.815837 2.23954 1.27106
2.178 -1.57616 0.809814 2.8521 1.29828
2.17837 -1.56577 0.792241 5.93221 1.43875
2.17875 -1.5749 0.81059 2.49541 1.20756
2.17912 -1.57608 0.812389 2.43015 1.19145
2.1795 -1.57357 0.808266 2.57672 1.24268
2.17988 -1.5703 0.804283 2.7378 1.28907
2.18025 -1.56878 0.800421 3.59066 1.33914
2.18063 -1.57164 0.807063 2.63995 1.2777
2.181 -1.57184 0.804084 5.89928 1.4024
2.18137 -1.5702 0.804975 2.91366 1.26417
2.18175 -1.57176 0.808443 2.55097 1.23905
2.18212 -1.57217 0.809981 2.60327 1.35048
2.1825 -1.57186 0.809432 2.72957 1.28125
2.18287 -1.57231 0.809756 2.28664 1.2301
2.18325 -1.56912 0.805476 2.66348 1.29916
2.18362 -1.5652 0.799541 3.26753 1.26557
2.184 -1.56596 0.799108 3.9101 1.36842
2.18437 -1.56541 0.7997 3.93499 1.35922
2.18475 -1.56812 0.805113 2.92934 1.29063
2.18512 -1.5662 0.801943 3.26188 1.26679
2.1855 -1.56641 0.803514 2.75727 1.26157
2.18587 -1.56909 0.808132 2.28335 1.2236
2.18625 -1.56461 0.801861 3.19511 1.32319
2.18662 -1.5654 0.800481 3.8885 1.34112
2.187 -1.56439 0.800986 3.65128 1.38186
2.18737 -1.56662 0.805147 2.48553 1.21496
2.18775 -1.55986 0.793356 5.3715 1.41677
2.18812 -1.56127 0.797234 3.56475 1.36047
2.1885 -1.56141 0.800489 2.75032 1.27864
2.18887 -1.5596 0.795383 4.40894 1.42198
2.18925 -1.56392 0.803753 2.45884 1.23961
2.18962 -1.56294 0.801521 2.79623 1.32964
2.19 -1.56065 0.798672 3.05074 1.31177
2.19037 -1.56385 0.805826 2.21951 1.22123
2.19075 -1.56188 0.803223 2.36512 1.30013
2.19112 -1.55977 0.799509 2.89707 1.35176
2.1915 -1.55794 0.793545 4.29533 1.31294
2.19188 -1.56007 0.799498 3.1611 1.29367
2.19225 -1.55643 0.794896 3.46923 1.31167
2.19263 -1.55483 0.792931 3.18055 1.31621
2.193 -1.5554 0.795466 2.6644 1.26298
2.19338 -1.55905 0.79888 3.19624 1.41339
2.19375 -1.55202 0.788158 4.06367 1.41136
2.19412 -1.55804 0.800833 2.38052 1.21221
2.1945 -1.55413 0.788425 6.96405 1.41662
2.19487 -1.5519 0.78763 3.68623 1.39048
2.19525 -1.55215 0.788175 5.32732 1.49808
2.19562 -1.54458 0.766874 13.262 1.63875
2.196 -1.54753 0.784815 3.62238 1.33833
2.19637 -1.54893 0.785802 4.74874 1.36793
2.19675 -1.55199 0.793019 3.20554 1.37395
2.19712 -1.55048 0.790274 3.3225 1.38947
2.1975 -1.54731 0.786636 3.53997 1.34375
2.19787 -1.54821 0.78541 4.35977 1.47376
2.19825 -1.55235 0.793084 3.34586 1.34049
2.19862 -1.54648 0.783392 4.23037 1.42608
2.199 -1.54735 0.783747 5.11215 1.43375
2.19937 -1.54647 0.788312 3.09215 1.3598
2.19975 -1.54884 0.791028 2.84939 1.28045
2.20012 -1.54496 0.783036 3.96615 1.41894
2.2005 -1.54077 0.773876 6.2531 1.43309
2.20087 -1.54093 0.774052 5.28838 1.43658
2.20125 -1.54742 0.789974 3.206 1.37131
2.20162 -1.54527 0.784634 4.08317 1.36807
2.202 -1.54229 0.781041 5.34045 1.45595
2.20237 -1.54475 0.785009 4.58092 1.43878
2.20275 -1.53952 0.774671 5.69259 1.4852
2.20312 -1.54105 0.777338 6.69371 1.5341
2.2035 -1.54453 0.788216 3.29285 1.3263
2.20388 -1.54203 0.781161 5.5242 1.51904
2.20425 -1.53785 0.774395 5.57456 1.48172
2.20463 -1.54253 0.783127 3.80783 1.33204
2.205 -1.54454 0.78942 3.09473 1.32591
2.20538 -1.54358 0.787755 3.24155 1.30162
2.20575 -1.53732 0.775112 4.62705 1.41072
2.20613 -1.53771 0.778577 4.64468 1.44578
2.2065 -1.5386 0.774786 7.44801 1.51167
2.20687 -1.53441 0.773072 4.7797 1.45307
2.20725 -1.53756 0.779931 3.92173 1.43886
2.20762 -1.53177 0.767638 6.40681 1.55003
2.208 -1.53466 0.775136 4.57374 1.51785
2.20837 -1.53111 0.769408 4.75593 1.50181
2.20875 -1.53239 0.769426 5.78684 1.50659
2.20912 -1.53113 0.770619 4.60037 1.41508
2.2095 -1.53659 0.782663 3.01378 1.32773
2.20987 -1.53249 0.77347 3.88831 1.41994
2.21025 -1.53392 0.778453 3.80534 1.38163
2.21062 -1.53666 0.779086 4.87072 1.42809
2.211 -1.52917 0.763698 7.39159 1.44546
2.21137 -1.53385 0.777355 3.881 1.40158
2.21175 -1.53041 0.771364 4.89414 1.48867
2.21212 -1.5282 0.766373 6.18805 1.4309
