2.2875 -1.37914 0.46962 92.2472 2.13604
2.28788 -1.37952 0.49575 71.4167 1.96515
2.28825 -1.37082 0.422857 123.846 1.98806
2.28863 -1.35846 0.320702 89.6206 1.8029
2.289 -1.36942 0.446698 52.1475 1.84878
2.28938 -1.36595 0.385607 138.678 2.28692
2.28975 -1.35112 0.196175 59.7992 1.4614
2.29013 -1.3621 0.360235 101.015 1.79444
2.2905 -1.37309 0.457036 77.7716 2.0362
2.29088 -1.3702 0.435128 77.7274 1.76926
2.29125 -1.36138 0.36744 151.994 2.3493
2.29163 -1.36481 0.360746 135.333 1.94485
2.292 -1.38909 0.580841 20.4441 1.81643
2.29238 -1.38783 0.562131 27.9134 1.94548
2.29275 -1.34584 0.231104 90.6675 1.51727
2.29313 -1.3473 0.191374 97.0584 1.42473
2.2935 -1.35579 0.339056 141.932 1.79025
2.29387 -1.35989 0.421392 67.317 1.74118
2.29425 -1.37808 0.534893 38.8664 2.027
2.29462 -1.34598 0.245417 148.087 1.75563
2.295 -1.34947 0.274584 149.067 1.97496
2.29537 -1.33821 0.185128 96.8652 1.52819
2.29575 -1.3722 0.497346 50.6249 2.17141
2.29612 -1.3546 0.35358 71.4137 1.86087
2.2965 -1.36014 0.406277 148.222 2.25726
2.29688 -1.34511 0.273328 102.855 1.86442
2.29725 -1.3683 0.511418 69.9556 2.0767
2.29763 -1.3512 0.332357 154.844 2.11017
2.298 -1.3565 0.362986 94.8585 1.87008
2.29838 -1.36736 0.498149 38.0095 2.18583
2.29875 -1.33822 0.284475 91.4875 1.56178
2.29913 -1.33602 0.216219 107.259 1.62989
2.2995 -1.36482 0.4601 114.441 2.14165
2.29988 -1.34751 0.317019 142.638 2.01141
2.30025 -1.34605 0.376571 57.9806 1.64429
2.30063 -1.3477 0.332765 157.8 2.30706
2.301 -1.35116 0.315932 220.098 2.33752
2.30138 -1.34071 0.313814 78.8017 1.75167
2.30175 -1.37118 0.547346 40.1235 2.25098
2.30213 -1.35172 0.394228 61.0563 1.68502
2.3025 -1.33306 0.192249 81.0148 1.48396
2.30288 -1.33242 0.228568 112.424 1.75381
2.30325 -1.34167 0.294218 140.875 2.26902
2.30363 -1.34609 0.35866 117.359 1.80061
2.304 -1.34377 0.369902 110.84 1.76233
2.30438 -1.3347 0.229538 91.4978 1.72218
2.30475 -1.33123 0.250818 85.8373 1.68066
2.30513 -1.33033 0.243137 80.978 1.63892
2.3055 -1.33055 0.261087 127.405 2.21543
2.30588 -1.32452 0.178672 78.9936 1.57021
2.30625 -1.33059 0.286341 82.2916 1.80356
2.30662 -1.33769 0.311128 141.523 2.21327
2.307 -1.33114 0.233387 142.84 1.96714
2.30737 -1.33168 0.275237 75.9788 1.84578
2.30775 -1.35271 0.462129 57.2457 2.15365
2.30812 -1.33479 0.296227 128.103 1.73559
2.3085 -1.34365 0.410752 115.126 2.16744
2.30888 -1.32682 0.228167 125.544 1.53743
2.30925 -1.3271 0.267094 91.136 1.67874
2.30963 -1.33034 0.291225 97.1589 1.74621
2.31 -1.3307 0.287117 138.936 2.33288
2.31038 -1.32907 0.259552 124.761 1.97914
2.31075 -1.32048 0.200811 93.377 1.6277
2.31113 -1.32338 0.287086 108.168 2.08002
2.3115 -1.32361 0.291716 84.7188 1.88149
2.31188 -1.31286 0.1409 63.5292 1.5665
2.31225 -1.31639 0.238579 94.9909 1.50944
2.31263 -1.32396 0.297616 83.5738 1.55638
2.313 -1.32252 0.24859 71.8998 1.36479
2.31338 -1.31907 0.249483 116.923 1.83788
2.31375 -1.31878 0.220661 102.709 1.86051
2.31413 -1.31417 0.180654 87.4501 1.65498
2.3145 -1.3254 0.291434 183.325 2.1659
2.31488 -1.32299 0.256764 86.9362 1.50921
2.31525 -1.31561 0.222009 67.2475 1.63979
2.31563 -1.31839 0.253935 93.9857 1.66456
2.316 -1.32883 0.356258 91.4576 1.81824
2.31638 -1.31742 0.241124 98.7426 1.80372
2.31675 -1.30612 0.130058 43.1797 1.36432
2.31713 -1.32547 0.319942 141.626 2.18025
2.3175 -1.3139 0.250059 79.0272 1.58313
2.31788 -1.30458 0.172889 53.3669 1.44378
2.31825 -1.31085 0.246461 78.0668 1.67676
2.31863 -1.31196 0.237908 98.9566 1.7732
2.319 -1.32342 0.368984 96.2223 1.85743
2.31937 -1.30811 0.226262 79.804 1.65164
2.31975 -1.30776 0.222171 74.1201 1.70238
2.32012 -1.3078 0.215668 95.9157 1.73643
2.3205 -1.30527 0.153386 68.7423 1.37344
2.32088 -1.30581 0.20499 69.234 1.40727
2.32125 -1.30851 0.175225 76.0022 1.54573
2.32163 -1.30194 0.163969 48.5043 1.31631
2.322 -1.30894 0.203284 123.823 1.8233
2.32238 -1.30648 0.183117 73.2793 1.45869
2.32275 -1.30146 0.115925 39.3424 1.3278
2.32313 -1.30767 0.268456 102.458 1.856
2.3235 -1.30305 0.229594 62.7039 1.60444
2.32388 -1.30195 0.207062 60.6502 1.41053
2.32425 -1.30311 0.236749 55.6119 1.48541
2.32463 -1.30412 0.19287 88.157 1.62127
