2.3625 -1.2595 0.341185 27.5858 1.62968
2.36287 -1.26224 0.35765 28.1694 1.62276
2.36325 -1.2513 0.299726 24.7687 1.45225
2.36362 -1.25395 0.304613 24.6701 1.39059
2.364 -1.25198 0.315564 23.0629 1.33112
2.36437 -1.24561 0.291122 21.4947 1.28753
2.36475 -1.24775 0.298888 23.7085 1.34314
2.36512 -1.24524 0.279009 23.332 1.33266
2.3655 -1.25316 0.328054 26.6478 1.55665
2.36587 -1.25742 0.356316 23.5479 1.43882
2.36625 -1.24428 0.285085 23.4862 1.40203
2.36662 -1.25508 0.34476 24.0169 1.52014
2.367 -1.24942 0.312572 27.879 1.46654
2.36738 -1.25059 0.319869 25.3233 1.3935
2.36775 -1.24525 0.295207 22.5738 1.33551
2.36813 -1.24265 0.283552 24.8739 1.42902
2.3685 -1.24112 0.279772 22.4169 1.38012
2.36887 -1.25311 0.339801 23.4466 1.3846
2.36925 -1.24175 0.304096 20.5085 1.28174
2.36962 -1.24857 0.324575 25.6502 1.45037
2.37 -1.2372 0.272962 22.1563 1.31623
2.37037 -1.24291 0.295024 20.5472 1.29015
2.37075 -1.24592 0.324292 23.9619 1.45603
2.37112 -1.23832 0.26712 22.0568 1.32351
2.3715 -1.24117 0.291321 24.236 1.33712
2.37187 -1.24641 0.314562 26.8128 1.49327
2.37225 -1.24311 0.316294 22.9923 1.3425
2.37262 -1.24445 0.321911 22.2783 1.43107
2.373 -1.24657 0.333121 22.3309 1.40751
2.37337 -1.24128 0.308892 23.1889 1.42457
2.37375 -1.23715 0.294678 23.6599 1.40247
2.37412 -1.23768 0.280073 20.3694 1.25556
2.3745 -1.23825 0.304296 20.6255 1.27474
2.37487 -1.24299 0.324275 23.2185 1.485
2.37525 -1.23639 0.286178 23.0109 1.35605
2.37562 -1.23367 0.268485 20.3003 1.24672
2.376 -1.24277 0.293486 23.6712 1.41999
2.37637 -1.24096 0.312896 23.1093 1.40215
2.37675 -1.23218 0.281276 20.8845 1.26659
2.37712 -1.23736 0.299603 21.2077 1.31757
2.3775 -1.23889 0.306934 22.8179 1.34602
2.37787 -1.23746 0.31686 21.7603 1.40186
2.37825 -1.23441 0.284889 22.7457 1.33273
2.37862 -1.24164 0.32123 23.7515 1.48471
2.379 -1.23607 0.301068 21.3764 1.34827
2.37938 -1.23854 0.310107 24.5818 1.40138
2.37975 -1.23421 0.314957 24.4585 1.50533
2.38013 -1.22619 0.267211 22.207 1.3408
2.3805 -1.24001 0.333687 21.4777 1.38198
2.38088 -1.23094 0.281016 20.1392 1.29494
2.38125 -1.23631 0.318002 22.8069 1.36866
2.38162 -1.22759 0.263499 21.4942 1.31544
2.382 -1.23261 0.290569 22.8483 1.39805
2.38237 -1.22933 0.286609 20.5427 1.30189
2.38275 -1.22786 0.288774 21.5669 1.28919
2.38312 -1.23167 0.310413 21.2959 1.35987
2.3835 -1.23066 0.301812 23.6616 1.34867
2.38387 -1.2254 0.270206 22.787 1.29112
2.38425 -1.22757 0.275886 18.734 1.20758
2.38462 -1.22731 0.277576 21.0186 1.28476
2.385 -1.23671 0.329336 24.5575 1.41305
2.38537 -1.22846 0.279717 22.7047 1.29955
2.38575 -1.22287 0.271285 19.575 1.24145
2.38612 -1.21566 0.239074 18.4863 1.21269
2.3865 -1.22506 0.274483 20.8926 1.23823
2.38687 -1.22503 0.273788 21.5423 1.30731
2.38725 -1.21938 0.265151 19.1711 1.21286
2.38762 -1.22071 0.263121 20.4319 1.24797
2.388 -1.22275 0.258141 22.3674 1.26318
2.38837 -1.22139 0.283998 20.2618 1.20496
2.38875 -1.21884 0.257397 19.7021 1.17131
2.38912 -1.22133 0.286147 22.431 1.34562
2.3895 -1.22142 0.28522 19.8736 1.30432
2.38987 -1.21685 0.250221 18.656 1.22783
2.39025 -1.21767 0.272539 20.3208 1.26887
2.39062 -1.22399 0.295794 22.4679 1.34745
2.391 -1.2254 0.295159 21.8281 1.29903
2.39138 -1.21463 0.265403 18.5722 1.23354
2.39175 -1.21714 0.263989 19.5243 1.22511
2.39213 -1.22038 0.278572 20.5842 1.2984
2.3925 -1.22046 0.286949 21.5451 1.35516
2.39288 -1.22102 0.282442 20.8942 1.31341
2.39325 -1.21612 0.276139 18.5082 1.2177
2.39363 -1.21317 0.256429 20.3223 1.21172
2.394 -1.21508 0.257743 21.145 1.22594
2.39437 -1.21395 0.260453 18.9298 1.24299
2.39475 -1.22434 0.301266 22.3433 1.30585
2.39512 -1.21329 0.258071 19.066 1.21228
2.3955 -1.21715 0.279322 22.045 1.42466
2.39587 -1.21147 0.250496 18.1054 1.21995
2.39625 -1.21618 0.276958 20.064 1.2132
2.39662 -1.21484 0.268807 20.7787 1.25026
2.397 -1.212 0.247132 20.1154 1.21193
2.39737 -1.2104 0.250194 17.8968 1.17785
2.39775 -1.20611 0.246149 17.529 1.21562
2.39812 -1.20666 0.243289 19.5734 1.23256
2.3985 -1.20112 0.241664 18.3577 1.22041
2.39887 -1.21023 0.263708 17.5387 1.14172
2.39925 -1.20898 0.246785 19.3535 1.15477
2.39962 -1.21081 0.265303 19.7867 1.24701
