2.1 -1.66405 0.871319 0.795423 0.935992
2.10038 -1.66335 0.870905 0.774156 0.967475
2.10075 -1.66189 0.868813 0.871494 0.92613
2.10113 -1.66042 0.868108 0.944044 0.982145
2.1015 -1.65754 0.863956 1.178 1.01181
2.10188 -1.65718 0.865893 0.936908 0.997944
2.10225 -1.65928 0.866644 1.06486 1.01512
2.10263 -1.65996 0.867679 0.912326 0.941447
2.103 -1.65798 0.865732 1.01932 0.975296
2.10338 -1.65723 0.867113 0.80225 0.931587
2.10375 -1.65772 0.866788 0.913392 0.986969
2.10413 -1.65748 0.865788 0.996503 0.986658
2.1045 -1.65265 0.858518 1.73819 1.09153
2.10488 -1.65745 0.864799 1.23039 0.977521
2.10525 -1.65646 0.864541 1.14954 1.00676
2.10563 -1.65703 0.865805 0.909028 0.957131
2.106 -1.65653 0.866305 0.904639 0.957159
2.10637 -1.65428 0.86385 1.00101 1.00444
2.10675 -1.65613 0.866838 0.916547 0.977438
2.10712 -1.65552 0.863981 1.28273 0.998171
2.1075 -1.65775 0.867521 0.831707 0.949553
2.10787 -1.65448 0.865512 0.848402 0.971931
2.10825 -1.65352 0.864649 0.881888 0.978225
2.10862 -1.65305 0.862994 1.12912 0.998973
2.109 -1.65305 0.864101 0.986188 1.00438
2.10938 -1.65053 0.860251 1.41624 1.01841
2.10975 -1.65251 0.862718 1.27765 1.01228
2.11013 -1.65363 0.864738 0.897603 0.959255
2.1105 -1.64774 0.859066 1.23858 1.04339
2.11088 -1.65058 0.860671 1.43864 1.08883
2.11125 -1.65032 0.862201 0.90953 0.978022
2.11163 -1.65181 0.863703 0.968271 0.99299
2.112 -1.65041 0.860624 1.54047 1.0191
2.11238 -1.64993 0.861515 1.06516 1.00931
2.11275 -1.65042 0.86303 0.997641 0.994782
2.11313 -1.64928 0.86207 1.06952 1.01978
2.1135 -1.65033 0.863517 0.913147 0.987682
2.11388 -1.64866 0.86175 0.999112 1.00854
2.11425 -1.64804 0.860695 1.05873 1.02118
2.11463 -1.64655 0.859438 1.1033 1.02126
2.115 -1.64607 0.859684 0.972369 1.00729
2.11538 -1.64702 0.860086 1.02451 1.01547
2.11575 -1.64391 0.854366 2.06629 1.14267
2.11613 -1.64876 0.862741 0.892874 0.988616
2.1165 -1.64518 0.857929 1.21328 1.05233
2.11688 -1.64541 0.858916 1.07482 1.00828
2.11725 -1.64578 0.860542 0.928104 0.97793
2.11763 -1.6434 0.856241 1.38859 1.0522
2.118 -1.64176 0.856361 1.15217 1.03196
2.11838 -1.6455 0.860525 0.961332 0.992819
2.11875 -1.64469 0.859104 1.06732 0.990077
2.11912 -1.64377 0.859192 0.986654 1.0168
2.1195 -1.64321 0.859191 0.916558 0.983954
2.11987 -1.64461 0.859397 0.987049 1.03881
2.12025 -1.64141 0.856556 1.20639 1.01979
2.12062 -1.64107 0.856585 1.11575 1.00862
2.121 -1.6435 0.858448 1.16376 0.986659
2.12138 -1.64074 0.856661 1.11242 1.0212
2.12175 -1.63839 0.854935 1.09281 1.03346
2.12213 -1.64104 0.857923 0.988352 0.983207
2.1225 -1.63742 0.852626 1.40656 1.08296
2.12288 -1.63866 0.855184 1.26616 1.0265
2.12325 -1.63901 0.855527 1.16147 1.03793
2.12363 -1.6383 0.854925 1.16302 1.03552
2.124 -1.63971 0.857945 0.920997 0.977731
2.12438 -1.63418 0.847165 2.40326 1.13383
2.12475 -1.63491 0.850971 1.83163 1.10116
2.12513 -1.63535 0.85205 1.413 1.08592
2.1255 -1.63839 0.855427 1.06944 0.992436
2.12588 -1.63551 0.852371 1.37427 1.06604
2.12625 -1.63714 0.854812 1.13919 1.03566
2.12663 -1.63674 0.853927 1.21088 1.01764
2.127 -1.63541 0.85171 1.53644 1.0527
2.12738 -1.6341 0.852667 1.14355 1.01509
2.12775 -1.63006 0.83988 4.06046 1.23311
2.12813 -1.63476 0.853278 1.08916 1.01007
2.1285 -1.63201 0.850083 1.30561 1.08359
2.12888 -1.62885 0.847819 1.344 1.09073
2.12925 -1.63173 0.851215 1.17913 1.0498
2.12963 -1.63066 0.847901 1.57528 1.08532
2.13 -1.63125 0.847887 2.2759 1.12144
2.13038 -1.63265 0.853013 1.11285 1.05107
2.13075 -1.63046 0.848998 1.45964 1.07885
2.13113 -1.63039 0.849858 1.3688 1.05697
2.1315 -1.63111 0.851858 1.06423 1.00137
2.13187 -1.6313 0.851262 1.16527 1.04746
2.13225 -1.63097 0.85096 1.19629 1.06185
2.13262 -1.62725 0.845706 1.62128 1.12722
2.133 -1.62875 0.84706 1.75332 1.06913
2.13338 -1.62791 0.847799 1.34754 1.07183
2.13375 -1.62532 0.846431 1.4179 1.08539
2.13413 -1.62713 0.84786 1.47094 1.08934
2.1345 -1.62493 0.841621 3.0655 1.18515
2.13488 -1.62648 0.847836 1.21682 1.07136
2.13525 -1.62818 0.84893 1.66522 1.07482
2.13563 -1.62175 0.83781 3.15989 1.19622
2.136 -1.62446 0.846814 1.14764 1.05682
2.13638 -1.62594 0.848915 1.13057 1.03395
2.13675 -1.62243 0.842657 1.78668 1.16109
2.13713 -1.62559 0.847843 1.2981 1.0784
