2.2875 -1.37854 0.500266 56.9556 2.20145
2.28788 -1.39075 0.539182 50.9961 2.20518
2.28825 -1.36795 0.424767 71.3966 2.21482
2.28863 -1.39136 0.550902 59.0712 2.40659
2.289 -1.3904 0.558881 32.2692 1.84005
2.28938 -1.39577 0.581448 29.3159 2.05899
2.28975 -1.37157 0.454737 60.2282 2.06799
2.29013 -1.37363 0.49231 51.0217 2.0531
2.2905 -1.3741 0.493978 45.27 1.96812
2.29088 -1.35147 0.362044 72.1643 2.20653
2.29125 -1.38994 0.578808 23.3241 1.93239
2.29163 -1.37327 0.491233 45.4516 2.07559
2.292 -1.36763 0.437076 83.0801 2.49712
2.29238 -1.38842 0.580972 30.4289 2.07441
2.29275 -1.3773 0.515221 61.8328 2.5867
2.29313 -1.37791 0.526561 41.1612 2.07803
2.2935 -1.36967 0.487188 60.115 2.10038
2.29387 -1.37993 0.521514 49.488 1.91009
2.29425 -1.37101 0.476192 56.5048 1.91546
2.29462 -1.3721 0.490948 55.3122 2.03647
2.295 -1.38403 0.563742 34.8531 1.83484
2.29537 -1.36446 0.460069 59.8562 2.17434
2.29575 -1.35405 0.390268 82.6708 2.30432
2.29612 -1.35611 0.443762 51.5276 1.91476
2.2965 -1.37596 0.546808 25.5753 1.84475
2.29688 -1.34747 0.362314 67.7098 1.66516
2.29725 -1.36749 0.503141 46.5808 2.0699
2.29763 -1.36997 0.518501 38.1089 2.06179
2.298 -1.35383 0.41385 65.6351 2.04782
2.29838 -1.35819 0.420926 69.7653 2.08572
2.29875 -1.37166 0.524462 36.2874 1.93203
2.29913 -1.353 0.415507 68.8549 2.15615
2.2995 -1.35247 0.422727 63.1503 2.03849
2.29988 -1.3596 0.462104 59.282 2.10741
2.30025 -1.36888 0.517816 46.4421 2.04736
2.30063 -1.35868 0.45652 64.7788 2.16954
2.301 -1.36078 0.456316 66.2583 2.04991
2.30138 -1.34851 0.418657 59.095 1.95141
2.30175 -1.35776 0.472086 48.8506 1.99091
2.30213 -1.35268 0.446454 56.9977 2.10272
2.3025 -1.35913 0.470668 66.7032 2.32085
2.30288 -1.33777 0.377752 67.0024 2.22404
2.30325 -1.34689 0.416363 66.8123 2.12529
2.30363 -1.33659 0.380464 58.3451 1.85226
2.304 -1.34514 0.390656 72.3257 2.02936
2.30438 -1.34969 0.428361 58.6552 1.88877
2.30475 -1.35524 0.474403 43.6283 1.81171
2.30513 -1.34411 0.397172 74.8304 1.91712
2.3055 -1.32049 0.274614 46.2357 1.59283
2.30588 -1.3593 0.492069 46.4156 2.07092
2.30625 -1.34455 0.423627 55.8922 1.92278
2.30662 -1.34065 0.394761 56.7832 1.89669
2.307 -1.33907 0.40614 56.8916 1.97448
2.30737 -1.34555 0.447522 51.7786 1.99246
2.30775 -1.33407 0.383237 55.8666 1.72281
2.30812 -1.3472 0.431873 68.8112 2.08483
2.3085 -1.34667 0.459759 41.1772 1.82715
2.30888 -1.33587 0.401289 53.2147 1.88643
2.30925 -1.33671 0.368454 65.9865 1.88334
2.30963 -1.3264 0.352995 54.929 1.71637
2.31 -1.33886 0.401618 62.591 2.16451
2.31038 -1.32302 0.304777 61.3656 1.74822
2.31075 -1.336 0.412357 48.4881 1.67439
2.31113 -1.33665 0.424795 54.7048 2.08015
2.3115 -1.33002 0.391111 54.4998 2.00109
2.31188 -1.33404 0.417352 51.8656 1.89153
2.31225 -1.338 0.414602 60.6611 1.82276
2.31263 -1.31709 0.296782 45.6411 1.63529
2.313 -1.33496 0.375213 72.3995 2.07636
2.31338 -1.31574 0.311307 64.3115 2.05748
2.31375 -1.32667 0.37818 47.6337 1.81004
2.31413 -1.32268 0.359513 55.826 1.95314
2.3145 -1.32555 0.385092 62.5062 2.20035
2.31488 -1.32052 0.329937 55.2844 1.68908
2.31525 -1.31081 0.277009 49.5795 1.50667
2.31563 -1.31276 0.292523 55.2847 1.68879
2.316 -1.32567 0.390204 57.3129 1.84158
2.31638 -1.31828 0.34027 61.3638 1.9207
2.31675 -1.32807 0.373466 72.9472 2.02116
2.31713 -1.31837 0.33143 73.6293 1.97632
2.3175 -1.3188 0.374324 50.7537 1.84353
2.31788 -1.32227 0.351375 64.5011 2.12139
2.31825 -1.3278 0.429548 40.5287 1.73665
2.31863 -1.32899 0.408815 51.0391 1.81533
2.319 -1.31559 0.318113 64.6538 1.84514
2.31937 -1.32058 0.364844 62.2892 1.75836
2.31975 -1.31973 0.359359 55.9654 1.62166
2.32012 -1.31546 0.347401 63.4288 2.07538
2.3205 -1.31086 0.296034 55.9003 1.66095
2.32088 -1.30706 0.324 51.4863 1.70081
2.32125 -1.30881 0.339114 51.322 1.75668
2.32163 -1.29886 0.25669 54.8146 1.57864
2.322 -1.30562 0.300383 52.2474 1.67963
2.32238 -1.31398 0.358245 50.7897 1.62231
2.32275 -1.30373 0.31558 44.7686 1.49406
2.32313 -1.30708 0.284793 65.567 1.84674
2.3235 -1.30987 0.343435 56.2698 1.75462
2.32388 -1.31315 0.364832 53.1029 1.809
2.32425 -1.31157 0.360461 57.9023 2.00595
2.32463 -1.31489 0.363959 64.6929 1.94176
