2.25 -1.46677 0.689009 16.9931 1.92401
2.25038 -1.46373 0.679557 19.9893 1.98334
2.25075 -1.46367 0.679552 24.1636 2.04561
2.25113 -1.46156 0.67754 14.7957 1.81186
2.2515 -1.45696 0.665094 21.1931 1.83555
2.25188 -1.42658 0.412946 192.349 2.91328
2.25225 -1.45294 0.618794 83.9009 2.25304
2.25263 -1.46426 0.696651 11.9631 1.77531
2.253 -1.45144 0.641901 43.7157 2.14722
2.25338 -1.46307 0.693472 14.6007 1.94138
2.25375 -1.46036 0.674052 21.0491 1.85956
2.25413 -1.45248 0.666551 17.4352 1.87134
2.2545 -1.46384 0.703234 6.66205 1.50889
2.25488 -1.44927 0.649666 28.8157 2.13341
2.25525 -1.45629 0.687226 9.91766 1.56532
2.25563 -1.44838 0.649845 23.1701 1.81688
2.256 -1.44474 0.623069 66.0366 2.15657
2.25637 -1.45409 0.662626 36.8605 2.20357
2.25675 -1.44812 0.649176 25.2762 1.82774
2.25712 -1.44995 0.671042 14.3402 1.95032
2.2575 -1.41889 0.428065 160.083 2.5889
2.25787 -1.44811 0.643728 31.082 2.01489
2.25825 -1.44482 0.630878 43.4258 2.31713
2.25862 -1.43859 0.6099 48.2263 2.24704
2.259 -1.42825 0.567948 65.5481 2.0985
2.25937 -1.43328 0.540114 174.966 2.96713
2.25975 -1.43249 0.576637 80.0806 2.63172
2.26012 -1.44355 0.643834 28.2459 2.03993
2.2605 -1.44501 0.65559 25.6781 2.05545
2.26087 -1.43031 0.585562 49.4938 2.23706
2.26125 -1.45135 0.681212 17.2315 1.9657
2.26162 -1.4223 0.539228 107.109 2.37509
2.262 -1.4323 0.613867 32.0896 2.08864
2.26238 -1.42917 0.597411 35.1961 2.0425
2.26275 -1.44207 0.648712 24.7309 2.00609
2.26313 -1.43549 0.625011 25.957 1.92051
2.2635 -1.41802 0.515034 118.715 2.65895
2.26388 -1.44105 0.630579 63.4597 2.37914
2.26425 -1.42473 0.530856 142.849 2.35107
2.26463 -1.4327 0.630435 17.7516 1.77647
2.265 -1.41773 0.524381 113.836 2.95803
2.26538 -1.4367 0.653282 15.8644 1.74186
2.26575 -1.43151 0.62525 37.593 2.37046
2.26613 -1.41851 0.506326 143.768 2.44819
2.2665 -1.43931 0.651748 20.5048 1.9486
2.26688 -1.42711 0.608584 26.1075 1.75554
2.26725 -1.42463 0.609893 23.5609 1.90168
2.26763 -1.42989 0.615865 56.2218 2.58099
2.268 -1.42743 0.61002 37.4109 2.13137
2.26838 -1.3962 0.405655 116.198 2.3976
2.26875 -1.39846 0.434226 159.828 2.99506
2.26912 -1.43249 0.643215 19.7396 1.85782
2.2695 -1.43672 0.652856 17.2833 1.85613
2.26987 -1.42531 0.615666 32.6557 2.14841
2.27025 -1.42119 0.597351 34.898 2.04228
2.27062 -1.41989 0.580469 38.7278 1.92779
2.271 -1.41785 0.589767 55.323 2.56975
2.27137 -1.40699 0.507082 105.798 2.5014
2.27175 -1.41522 0.570999 59.7615 2.24052
2.27212 -1.42841 0.641291 22.6436 1.94082
2.2725 -1.42333 0.623984 30.1485 2.16863
2.27287 -1.43399 0.665574 14.2426 1.98117
2.27325 -1.35885 0.201101 55.1414 1.78218
2.27363 -1.40957 0.537746 115.141 2.41645
2.274 -1.42213 0.629024 19.5729 1.9032
2.27438 -1.4223 0.633819 16.6534 1.84715
2.27475 -1.41902 0.601987 37.4117 2.06758
2.27513 -1.42625 0.65069 11.8139 1.83334
2.2755 -1.41941 0.618522 38.3194 2.28146
2.27588 -1.419 0.620114 25.6314 2.0752
2.27625 -1.40738 0.544885 58.8527 2.11522
2.27663 -1.41521 0.606852 29.9846 2.10978
2.277 -1.40987 0.583472 34.4415 1.95191
2.27738 -1.40099 0.542346 62.4997 2.31313
2.27775 -1.38826 0.468091 87.5923 2.31492
2.27813 -1.39693 0.527834 36.1167 2.00554
2.2785 -1.41598 0.61487 30.256 2.0403
2.27888 -1.38863 0.429394 117.55 2.39167
2.27925 -1.41011 0.571685 86.0474 2.30372
2.27963 -1.38899 0.472153 141.636 2.8075
2.28 -1.40736 0.596565 23.9998 1.75764
2.28038 -1.39529 0.522928 62.4031 2.22935
2.28075 -1.41282 0.610377 34.5663 1.9099
2.28113 -1.39385 0.482213 125.236 2.19398
2.2815 -1.38628 0.453429 101.565 2.42265
2.28187 -1.39119 0.51707 71.0304 2.46437
2.28225 -1.39864 0.561424 48.881 2.18718
2.28262 -1.40084 0.564213 59.4514 2.33484
2.283 -1.39795 0.571141 27.1035 1.71435
2.28337 -1.37484 0.422358 76.9247 1.7965
2.28375 -1.37944 0.408657 106.498 1.97449
2.28412 -1.38302 0.470068 63.8998 2.07018
2.2845 -1.39843 0.565907 44.1992 2.24959
2.28487 -1.39481 0.557811 43.557 2.24663
2.28525 -1.37876 0.421037 115.617 1.99863
2.28563 -1.38774 0.528037 39.6806 1.96469
2.286 -1.36505 0.358812 85.6486 2.06972
2.28638 -1.38286 0.492039 95.8896 2.23466
2.28675 -1.39289 0.529152 90.3495 2.31573
2.28713 -1.38217 0.511018 62.1074 2.18151
