<<<<<<< HEAD
2.25 -1.46724 0.698187 11.2997 1.68975
2.25375 -1.45996 0.691406 12.3319 1.89769
2.2575 -1.44843 0.658754 20.1831 1.81677
2.26125 -1.45015 0.681052 10.9764 1.72971
2.265 -1.42671 0.587791 49.5677 1.9931
2.26875 -1.40929 0.480473 164.646 2.99506
2.2725 -1.4248 0.622287 42.1568 2.49048
2.27625 -1.41924 0.625878 16.9256 1.86398
2.28 -1.40286 0.571243 52.1959 2.45479
2.28375 -1.40166 0.582271 40.9584 2.45913
2.2875 -1.39518 0.572258 28.8828 1.83725
2.29125 -1.38076 0.487109 95.3364 2.27008
2.295 -1.37217 0.492656 52.2923 2.07211
2.29875 -1.34825 0.3875 81.2306 1.80211
2.3025 -1.33567 0.293231 93.2373 1.70737
2.30625 -1.33586 0.342966 85.1137 2.0446
2.31 -1.32799 0.311075 69.6486 1.65695
2.31375 -1.31754 0.289451 96.3257 1.94341
2.3175 -1.31179 0.27352 58.4017 1.46207
2.32125 -1.31767 0.335878 92.1746 2.00243
2.325 -1.30683 0.272165 86.2821 1.70726
2.32875 -1.30096 0.284637 59.1593 1.46883
2.3325 -1.30127 0.274402 63.3778 1.36008
2.33625 -1.28254 0.177794 44.2942 1.31148
2.34 -1.2853 0.256052 60.941 1.48603
2.34375 -1.2728 0.160688 47.4238 1.34896
2.3475 -1.27063 0.229235 46.7568 1.40519
2.35125 -1.26839 0.228988 55.2718 1.46248
2.355 -1.25556 0.156877 29.95 1.19135
2.35875 -1.256 0.182134 40.6275 1.23638
2.3625 -1.24639 0.134134 29.7431 1.18894
2.36625 -1.24542 0.157745 38.9522 1.2128
2.37 -1.23308 0.122252 19.9037 1.19342
2.37375 -1.23132 0.15143 27.2138 1.22947
2.3775 -1.22962 0.13941 24.9093 1.22716
2.38125 -1.22559 0.161309 31.7477 1.25007
2.385 -1.22219 0.133356 34.0156 1.24917
2.38875 -1.21599 0.125664 24.4194 1.10439
2.3925 -1.21097 0.132425 22.27 1.07086
2.39625 -1.21013 0.161395 32.6693 1.09367
=======
2.2125 -1.52835 0.766861 6.40958 1.50562
2.21875 -1.51823 0.754445 8.99384 1.5883
>>>>>>> 8dc16e33635cd2a4d57c39d3001d0c20a59f3124
