2.175 -1.5792 0.812557 2.33253 1.17038
2.17537 -1.5804 0.815492 2.52246 1.30767
2.17575 -1.58105 0.815419 2.39412 1.22312
2.17612 -1.58178 0.81724 2.05872 1.26594
2.1765 -1.57641 0.810282 2.92711 1.33893
2.17687 -1.57895 0.814164 2.26875 1.2255
2.17725 -1.57822 0.812334 3.09681 1.29303
2.17762 -1.57847 0.815096 1.9274 1.15538
2.178 -1.57618 0.811006 2.4599 1.22075
2.17837 -1.57497 0.808675 3.23131 1.2932
2.17875 -1.57338 0.805297 3.95606 1.36781
2.17912 -1.57508 0.80757 3.71506 1.33863
2.1795 -1.57337 0.806986 3.33672 1.28322
2.17988 -1.57251 0.806324 4.52106 1.39274
2.18025 -1.57067 0.805516 2.92745 1.36586
2.18063 -1.57291 0.807456 3.56881 1.33354
2.181 -1.57384 0.80925 2.69315 1.3027
2.18137 -1.57655 0.813297 2.42882 1.2302
2.18175 -1.57026 0.799293 7.8871 1.49411
2.18212 -1.57359 0.811836 2.09857 1.23232
2.1825 -1.57361 0.811121 2.80856 1.32439
2.18287 -1.56865 0.803 3.39559 1.2815
2.18325 -1.57301 0.812131 2.30205 1.26768
2.18362 -1.5707 0.808298 2.59646 1.29746
2.184 -1.5709 0.808098 2.98891 1.30849
2.18437 -1.56973 0.808334 2.25957 1.25798
2.18475 -1.56829 0.804333 2.90626 1.29482
2.18512 -1.56359 0.795068 5.0092 1.46551
2.1855 -1.56579 0.800664 4.45725 1.48762
2.18587 -1.56693 0.805037 2.65037 1.30155
2.18625 -1.56419 0.801772 2.79119 1.27668
2.18662 -1.56559 0.802967 3.13478 1.20928
2.187 -1.56599 0.802605 3.10732 1.32589
2.18737 -1.56541 0.802103 2.94571 1.23237
2.18775 -1.56465 0.801823 3.50268 1.35636
2.18812 -1.56222 0.799254 3.9317 1.35713
2.1885 -1.56593 0.806179 2.29302 1.2364
2.18887 -1.5633 0.799781 3.48278 1.34312
2.18925 -1.55943 0.794696 4.62876 1.40001
2.18962 -1.56415 0.803769 3.08859 1.28771
2.19 -1.55869 0.795061 4.14759 1.41664
2.19037 -1.56259 0.795379 9.17455 1.43966
2.19075 -1.55826 0.79333 4.55856 1.34256
2.19112 -1.55771 0.795378 3.13113 1.30325
2.1915 -1.55786 0.798693 2.59854 1.24901
2.19188 -1.55775 0.795648 4.00421 1.38723
2.19225 -1.56063 0.799473 3.59571 1.37995
2.19263 -1.55576 0.793499 3.57883 1.31156
2.193 -1.5566 0.794327 3.41245 1.29652
2.19338 -1.55646 0.795751 3.33013 1.41424
2.19375 -1.55784 0.799717 2.83348 1.31273
2.19412 -1.5518 0.788588 3.97767 1.41764
2.1945 -1.55598 0.793275 5.70145 1.43967
2.19487 -1.5509 0.787962 4.20272 1.41629
2.19525 -1.55414 0.791471 3.70904 1.30816
2.19562 -1.5543 0.794555 2.9182 1.32998
2.196 -1.54976 0.783569 7.06798 1.61296
2.19637 -1.55123 0.78973 4.60647 1.54282
2.19675 -1.55112 0.789118 4.98148 1.41193
2.19712 -1.55039 0.790843 3.31371 1.41025
2.1975 -1.54639 0.779531 5.34703 1.45983
2.19787 -1.55235 0.792681 3.73485 1.35317
2.19825 -1.55433 0.798174 2.47092 1.25812
2.19862 -1.54844 0.786371 4.01012 1.40318
2.199 -1.54785 0.784147 5.33627 1.44809
2.19937 -1.54893 0.78906 3.31176 1.27252
2.19975 -1.54449 0.781652 4.19111 1.38168
2.20012 -1.54752 0.782586 8.3183 1.51486
2.2005 -1.54137 0.764179 12.9303 1.48551
2.20087 -1.54571 0.784794 3.99778 1.36283
2.20125 -1.54691 0.786508 4.4365 1.53047
2.20162 -1.54551 0.786669 3.59062 1.366
2.202 -1.54514 0.781732 5.00713 1.3874
2.20237 -1.54378 0.781029 7.19643 1.5466
2.20275 -1.54178 0.778718 4.16955 1.28516
2.20312 -1.54091 0.780963 3.91635 1.43129
2.2035 -1.54403 0.787101 2.7365 1.25424
2.20388 -1.53878 0.773807 5.40206 1.45686
2.20425 -1.54518 0.786788 3.97292 1.39438
2.20463 -1.53609 0.762315 10.6003 1.69746
2.205 -1.54164 0.785303 3.45746 1.40409
2.20538 -1.53955 0.777919 4.72026 1.31931
2.20575 -1.53618 0.773396 4.70203 1.42532
2.20613 -1.53616 0.770952 7.17561 1.5887
2.2065 -1.54013 0.784414 3.31705 1.4201
2.20687 -1.53901 0.78064 3.06281 1.31755
2.20725 -1.53732 0.778684 3.03866 1.2758
2.20762 -1.53767 0.778034 4.12141 1.36222
2.208 -1.53401 0.774402 5.88113 1.56366
2.20837 -1.53366 0.771969 6.19459 1.63365
2.20875 -1.53663 0.780034 3.36778 1.37576
2.20912 -1.53176 0.770805 5.2876 1.44097
2.2095 -1.53283 0.768175 6.75257 1.61517
2.20987 -1.53361 0.774203 4.02259 1.36591
2.21025 -1.53487 0.77794 3.89798 1.36229
2.21062 -1.53355 0.776968 3.57825 1.35216
2.211 -1.53027 0.764038 7.47651 1.50866
2.21137 -1.52877 0.764595 6.25778 1.55649
2.21175 -1.52938 0.766494 6.26564 1.515
2.21212 -1.53129 0.771339 5.0884 1.47542
