2.3 -0 -0 -0 -0
2.3025 -0 -0 -0 -0
2.305 -0 -0 -0 -0
2.3075 -0 -0 -0 -0
2.31 -0 -0 -0 -0
2.3125 -0 -0 -0 -0
2.315 -0 -0 -0 -0
2.3175 -0 -0 -0 -0
2.32 -0 -0 -0 -0
2.3225 -0 -0 -0 -0
2.325 -0 -0 -0 -0
2.3275 -0 -0 -0 -0
2.33 -0 -0 -0 -0
2.3325 -0 -0 -0 -0
2.335 -0 -0 -0 -0
2.3375 -0 -0 -0 -0
2.34 -0 -0 -0 -0
2.3425 -0 -0 -0 -0
2.345 -0 -0 -0 -0
2.3475 -0 -0 -0 -0
2.35 -0 -0 -0 -0
2.3525 -0 -0 -0 -0
2.355 -0 -0 -0 -0
2.3575 -0 -0 -0 -0
2.36 -0 -0 -0 -0
2.3625 -0 -0 -0 -0
2.365 -0 -0 -0 -0
2.3675 -0 -0 -0 -0
2.37 -0 -0 -0 -0
2.3725 -0 -0 -0 -0
2.375 -0 -0 -0 -0
2.3775 -0 -0 -0 -0
2.38 -0 -0 -0 -0
2.3825 -0 -0 -0 -0
2.385 -0 -0 -0 -0
2.3875 -0 -0 -0 -0
2.39 -0 -0 -0 -0
2.3925 -0 -0 -0 -0
2.395 -0 -0 -0 -0
2.3975 -0 -0 -0 -0
