2.2125 -1.52582 0.762031 6.95469 1.42935
2.21287 -1.53169 0.775255 4.56996 1.48231
2.21325 -1.52773 0.768369 4.56745 1.37027
2.21362 -1.52585 0.768354 4.47508 1.42977
2.214 -1.52893 0.768852 6.93121 1.58888
2.21437 -1.52572 0.766975 4.8586 1.47068
2.21475 -1.52877 0.771383 4.79472 1.43768
2.21513 -1.51822 0.74521 9.50591 1.62807
2.2155 -1.52816 0.771835 4.01913 1.44611
2.21588 -1.52845 0.776246 3.75287 1.51885
2.21625 -1.52787 0.774772 3.63823 1.39801
2.21663 -1.52472 0.770292 3.54983 1.34722
2.217 -1.51904 0.746203 13.4255 1.71251
2.21738 -1.52062 0.757265 9.12762 1.68977
2.21775 -1.52242 0.763383 6.89885 1.44437
2.21813 -1.52419 0.76993 4.34739 1.45132
2.2185 -1.51718 0.751251 10.845 1.68499
2.21887 -1.52114 0.758983 7.14172 1.52873
2.21925 -1.5245 0.768604 4.81578 1.4808
2.21962 -1.51982 0.762959 5.32868 1.61947
2.22 -1.51851 0.757636 6.37906 1.53995
2.22037 -1.51717 0.752668 7.65644 1.49163
2.22075 -1.50999 0.734539 13.2498 1.78043
2.22112 -1.51971 0.76267 5.66285 1.50088
2.2215 -1.50281 0.704016 41.5336 2.10087
2.22187 -1.51746 0.76015 4.91255 1.48082
2.22225 -1.51962 0.766883 3.85292 1.37172
2.22262 -1.51381 0.753919 4.93427 1.39367
2.223 -1.51082 0.743385 8.13032 1.58169
2.22337 -1.51879 0.767897 3.25438 1.33839
2.22375 -1.5162 0.761559 4.42421 1.37381
2.22412 -1.51205 0.753301 5.4846 1.60313
2.2245 -1.50593 0.743475 6.50723 1.52129
2.22487 -1.5103 0.751111 5.98349 1.51954
2.22525 -1.5074 0.743043 9.2527 1.72969
2.22562 -1.51224 0.754455 6.6362 1.54545
2.226 -1.50855 0.752557 5.2482 1.50874
2.22637 -1.50599 0.735502 9.54935 1.69708
2.22675 -1.50196 0.733194 10.6137 1.86582
2.22713 -1.50679 0.744086 6.85675 1.43846
2.2275 -1.50721 0.746845 8.45624 1.75847
2.22788 -1.50388 0.743281 5.88886 1.59264
2.22825 -1.49888 0.728232 12.9493 1.77149
2.22863 -1.50309 0.73193 12.873 1.65092
2.229 -1.49721 0.718352 14.4536 1.77389
2.22938 -1.50559 0.748402 6.08554 1.5307
2.22975 -1.5046 0.74737 5.54387 1.54059
2.23013 -1.5015 0.739665 8.58939 1.74124
2.2305 -1.49421 0.719761 12.0087 1.84234
2.23088 -1.50406 0.742997 8.06597 1.62626
2.23125 -1.49833 0.732868 11.8919 1.74357
2.23162 -1.49042 0.714268 10.9793 1.80781
2.232 -1.49794 0.735329 6.52817 1.4867
2.23237 -1.49894 0.739856 7.27076 1.62864
2.23275 -1.49635 0.72992 9.44675 1.56802
2.23312 -1.4931 0.72212 9.65277 1.73552
2.2335 -1.49897 0.742375 6.27997 1.55692
2.23387 -1.48846 0.689666 31.0651 1.91746
2.23425 -1.4881 0.710403 12.8633 1.69919
2.23462 -1.49589 0.732323 9.8536 1.70994
2.235 -1.48796 0.706475 22.5676 2.01485
2.23537 -1.49099 0.706669 31.1096 1.83536
2.23575 -1.49418 0.728507 12.6823 1.69361
2.23612 -1.49793 0.736056 9.50705 1.60908
2.2365 -1.48972 0.718507 11.6988 1.68172
2.23687 -1.4879 0.720293 13.0314 1.85035
2.23725 -1.49397 0.733953 7.38901 1.61081
2.23762 -1.49122 0.732999 8.50567 1.64463
2.238 -1.49097 0.730823 8.56049 1.67597
2.23838 -1.49574 0.741667 5.1162 1.40235
2.23875 -1.49398 0.739586 5.6977 1.57529
2.23913 -1.48526 0.712497 11.8855 1.68397
2.2395 -1.48762 0.721692 12.1686 1.68232
2.23988 -1.48728 0.720617 11.0813 1.6493
2.24025 -1.48254 0.705882 22.6452 2.07355
2.24063 -1.48715 0.727414 7.25898 1.57119
2.241 -1.4894 0.733848 6.55587 1.56878
2.24138 -1.47211 0.650443 77.4078 2.22117
2.24175 -1.48545 0.726149 6.99663 1.57934
2.24213 -1.48533 0.728809 6.7875 1.61879
2.2425 -1.48228 0.700939 31.9112 1.99144
2.24288 -1.46106 0.609433 85.8632 2.46242
2.24325 -1.47585 0.695069 20.5558 1.99047
2.24363 -1.47184 0.652885 83.6131 2.13665
2.244 -1.46687 0.657246 60.8779 2.25267
2.24437 -1.46865 0.68122 18.3966 1.9869
2.24475 -1.47964 0.720309 6.89439 1.53339
2.24512 -1.47426 0.699321 17.1018 1.75513
2.2455 -1.47815 0.713943 8.20594 1.63366
2.24587 -1.4678 0.680592 27.2676 2.152
2.24625 -1.47236 0.701895 10.1716 1.68233
2.24662 -1.47756 0.714529 9.13554 1.67476
2.247 -1.4738 0.711 9.0215 1.76198
2.24737 -1.47374 0.705783 12.8439 1.73117
2.24775 -1.47749 0.719393 7.91614 1.64379
2.24812 -1.47091 0.701345 11.5187 1.6434
2.2485 -1.46674 0.691634 16.0767 1.88749
2.24887 -1.46433 0.68338 14.3534 1.79372
2.24925 -1.46484 0.686199 21.9912 2.13542
2.24962 -1.46012 0.665636 22.4011 1.82237
