2.15 -1.75324 0.917822 1.66968 0.377726
2.15005 -1.75324 0.917822 1.66964 0.377708
2.1501 -1.75324 0.917822 1.6696 0.377691
2.15015 -1.75324 0.917822 1.66956 0.377673
2.1502 -1.75318 0.917805 1.66948 0.377734
2.15025 -1.75318 0.917805 1.66944 0.377716
2.1503 -1.75318 0.917805 1.6694 0.377699
2.15035 -1.75318 0.917805 1.66936 0.377681
2.1504 -1.75297 0.917735 1.66917 0.377937
2.15045 -1.75297 0.917735 1.66913 0.37792
2.1505 -1.75297 0.917735 1.66909 0.377902
2.15055 -1.75297 0.917735 1.66905 0.377884
2.1506 -1.75297 0.917735 1.66901 0.377867
2.15065 -1.75309 0.91778 1.66862 0.377693
2.1507 -1.75306 0.917767 1.66771 0.377749
2.15075 -1.75326 0.917848 1.6679 0.377471
2.1508 -1.75326 0.917848 1.66786 0.377454
2.15085 -1.75326 0.917848 1.66782 0.377436
2.1509 -1.75326 0.917848 1.66778 0.377418
2.15095 -1.75327 0.91785 1.66775 0.377388
2.151 -1.75326 0.917848 1.6677 0.377383
2.15105 -1.7532 0.91783 1.66759 0.377444
2.1511 -1.7532 0.91783 1.66755 0.377426
2.15115 -1.75316 0.917813 1.66748 0.377495
2.1512 -1.75287 0.917715 1.66402 0.377855
2.15125 -1.75294 0.91774 1.66407 0.377747
2.1513 -1.75294 0.91774 1.66404 0.377729
2.15135 -1.75294 0.91774 1.664 0.377712
2.1514 -1.75294 0.91774 1.66396 0.377694
2.15145 -1.75294 0.91774 1.66392 0.377677
2.1515 -1.75294 0.91774 1.66388 0.377659
2.15155 -1.75294 0.91774 1.66384 0.377641
2.1516 -1.75294 0.91774 1.6638 0.377624
2.15165 -1.75294 0.91774 1.66376 0.377606
2.1517 -1.75294 0.91774 1.66373 0.377589
2.15175 -1.75294 0.91774 1.66369 0.377571
2.1518 -1.75294 0.91774 1.66365 0.377554
2.15185 -1.75294 0.91774 1.66361 0.377536
2.1519 -1.75294 0.91774 1.66357 0.377519
2.15195 -1.75302 0.917767 1.66787 0.377397
2.152 -1.75302 0.917767 1.66783 0.377379
2.15205 -1.75303 0.917778 1.66781 0.377383
2.1521 -1.75303 0.917778 1.66777 0.377366
2.15215 -1.75294 0.917745 1.66517 0.377535
2.1522 -1.75294 0.917745 1.66513 0.377517
2.15225 -1.75294 0.917745 1.66509 0.377499
2.1523 -1.75282 0.917702 1.66495 0.377638
2.15235 -1.75282 0.917702 1.66491 0.37762
2.1524 -1.75282 0.917702 1.66488 0.377603
2.15245 -1.7528 0.917695 1.66482 0.377611
2.1525 -1.7528 0.917695 1.66478 0.377594
2.15255 -1.7528 0.917695 1.66475 0.377576
2.1526 -1.7528 0.917695 1.66471 0.377559
2.15265 -1.7528 0.917695 1.66467 0.377541
2.1527 -1.7528 0.917695 1.66463 0.377524
2.15275 -1.7528 0.917695 1.66459 0.377506
2.1528 -1.7528 0.917695 1.66455 0.377489
2.15285 -1.75278 0.917687 1.66621 0.377497
2.1529 -1.75278 0.917687 1.66618 0.377479
2.15295 -1.75278 0.917687 1.66614 0.377462
2.153 -1.75243 0.91756 1.66165 0.377899
2.15305 -1.75243 0.91756 1.66161 0.377881
2.1531 -1.75255 0.917602 1.66165 0.377743
2.15315 -1.75263 0.917632 1.66164 0.377621
2.1532 -1.75264 0.917635 1.66524 0.377625
2.15325 -1.75242 0.917562 1.66506 0.377893
2.1533 -1.75242 0.917562 1.66502 0.377876
2.15335 -1.75242 0.917562 1.66498 0.377858
2.1534 -1.75242 0.917562 1.66647 0.377841
2.15345 -1.75242 0.917562 1.66644 0.377823
2.1535 -1.75233 0.917532 1.66573 0.377922
2.15355 -1.75233 0.917532 1.66569 0.377905
2.1536 -1.75233 0.917532 1.66565 0.377887
2.15365 -1.75233 0.917532 1.66561 0.37787
2.1537 -1.75217 0.917475 1.66604 0.37806
2.15375 -1.75217 0.917475 1.66601 0.378042
2.1538 -1.75217 0.917475 1.66597 0.378025
2.15385 -1.75231 0.91752 1.66603 0.377825
2.1539 -1.75243 0.917565 1.66609 0.377652
2.15395 -1.75243 0.917565 1.66606 0.377635
2.154 -1.75243 0.917565 1.66602 0.377617
2.15405 -1.75243 0.917565 1.66598 0.3776
2.1541 -1.75243 0.917565 1.66594 0.377582
2.15415 -1.75249 0.917582 1.66594 0.377487
2.1542 -1.75249 0.917582 1.66591 0.377469
2.15425 -1.75249 0.917582 1.66587 0.377452
2.1543 -1.75249 0.917582 1.66583 0.377434
2.15435 -1.75249 0.917582 1.66579 0.377417
2.1544 -1.7526 0.917617 1.66583 0.377256
2.15445 -1.7526 0.917617 1.6658 0.377239
2.1545 -1.7526 0.917617 1.66576 0.377221
2.15455 -1.7526 0.917617 1.66572 0.377204
2.1546 -1.7526 0.917617 1.66568 0.377186
2.15465 -1.7526 0.917617 1.66564 0.377169
2.1547 -1.7526 0.917617 1.6656 0.377151
2.15475 -1.7526 0.917617 1.66556 0.377134
2.1548 -1.7526 0.917617 1.66553 0.377116
2.15485 -1.7526 0.917617 1.66549 0.377099
2.1549 -1.75256 0.917605 1.66542 0.377133
2.15495 -1.75256 0.917605 1.66538 0.377116
2.155 -1.75256 0.917605 1.66534 0.377098
2.15505 -1.75256 0.917605 1.6653 0.377081
2.1551 -1.75256 0.917605 1.66526 0.377063
2.15515 -1.75256 0.917605 1.66522 0.377046
2.1552 -1.75256 0.917605 1.66519 0.377028
2.15525 -1.75256 0.917605 1.66515 0.377011
2.1553 -1.75256 0.917605 1.66511 0.376993
2.15535 -1.75256 0.917605 1.66507 0.376976
2.1554 -1.75256 0.917605 1.66503 0.376958
2.15545 -1.75249 0.917588 1.66494 0.377032
2.1555 -1.75249 0.917588 1.66491 0.377014
2.15555 -1.75249 0.917588 1.66487 0.376997
2.1556 -1.75249 0.917588 1.66483 0.376979
2.15565 -1.75249 0.917588 1.66479 0.376962
2.1557 -1.75249 0.917588 1.66475 0.376944
2.15575 -1.75249 0.917588 1.66471 0.376927
2.1558 -1.75249 0.917588 1.66467 0.376909
2.15585 -1.75235 0.91754 1.66263 0.377073
2.1559 -1.75231 0.917528 1.66234 0.377107
2.15595 -1.75231 0.917528 1.6623 0.37709
2.156 -1.75231 0.917528 1.66226 0.377072
2.15605 -1.75231 0.917528 1.66222 0.377055
2.1561 -1.75231 0.917528 1.66218 0.377037
2.15615 -1.75231 0.917528 1.66214 0.37702
2.1562 -1.75231 0.917528 1.66211 0.377002
2.15625 -1.75209 0.917453 1.66188 0.37727
2.1563 -1.75204 0.917438 1.66324 0.377317
2.15635 -1.75204 0.917438 1.6632 0.377299
2.1564 -1.75204 0.917438 1.66316 0.377282
2.15645 -1.75204 0.917438 1.66313 0.377264
2.1565 -1.75198 0.917417 1.6628 0.377324
2.15655 -1.75198 0.917417 1.66276 0.377307
2.1566 -1.75202 0.917427 1.66302 0.377238
2.15665 -1.75202 0.917427 1.66298 0.37722
2.1567 -1.75205 0.917438 1.66299 0.377164
2.15675 -1.75205 0.917438 1.66296 0.377146
2.1568 -1.7524 0.917565 1.66322 0.376676
2.15685 -1.75239 0.91756 1.66371 0.376672
2.1569 -1.75225 0.917512 1.66363 0.376835
2.15695 -1.7524 0.917562 1.66365 0.376589
2.157 -1.75242 0.91757 1.66363 0.376546
2.15705 -1.75242 0.91757 1.66359 0.376529
2.1571 -1.75242 0.91757 1.66355 0.376511
2.15715 -1.75242 0.91757 1.66352 0.376494
2.1572 -1.75235 0.91756 1.66327 0.376567
2.15725 -1.75235 0.91756 1.66323 0.376549
2.1573 -1.75235 0.91756 1.66319 0.376532
2.15735 -1.75232 0.91755 1.66313 0.376553
2.1574 -1.75231 0.917547 1.66308 0.376549
2.15745 -1.7523 0.917543 1.66304 0.376544
2.1575 -1.75235 0.91756 1.66327 0.376462
2.15755 -1.75235 0.91756 1.66323 0.376445
2.1576 -1.75235 0.91756 1.66319 0.376427
2.15765 -1.75205 0.917458 1.66292 0.376797
2.1577 -1.75205 0.917458 1.66288 0.37678
2.15775 -1.75179 0.917368 1.66263 0.377098
2.1578 -1.75179 0.917368 1.66259 0.377081
2.15785 -1.75179 0.917368 1.66255 0.377064
2.1579 -1.75179 0.917368 1.66251 0.377046
2.15795 -1.75181 0.917373 1.66249 0.377003
2.158 -1.75147 0.917253 1.66218 0.377424
2.15805 -1.75147 0.917253 1.66214 0.377407
2.1581 -1.75147 0.917253 1.6621 0.377389
2.15815 -1.75147 0.917253 1.66206 0.377372
2.1582 -1.75147 0.917253 1.66202 0.377354
2.15825 -1.75147 0.917253 1.66199 0.377337
2.1583 -1.75147 0.917253 1.66195 0.377319
2.15835 -1.75139 0.91723 1.66186 0.377405
2.1584 -1.75139 0.91723 1.66182 0.377388
2.15845 -1.7512 0.91717 1.66157 0.37765
2.1585 -1.7512 0.91717 1.66153 0.377632
2.15855 -1.7512 0.91717 1.66149 0.377615
2.1586 -1.7512 0.91717 1.66145 0.377597
2.15865 -1.75119 0.917168 1.66141 0.377593
2.1587 -1.75119 0.917168 1.66137 0.377575
2.15875 -1.75119 0.917168 1.66133 0.377558
2.1588 -1.7511 0.917138 1.66122 0.377656
2.15885 -1.7511 0.917138 1.66119 0.377639
2.1589 -1.7511 0.917138 1.66115 0.377621
2.15895 -1.75088 0.917065 1.66085 0.377887
2.159 -1.75088 0.917065 1.66081 0.37787
2.15905 -1.75088 0.917065 1.66077 0.377852
2.1591 -1.75087 0.91706 1.66073 0.377848
2.15915 -1.75087 0.91706 1.66069 0.37783
2.1592 -1.75087 0.91706 1.66065 0.377813
2.15925 -1.75087 0.91706 1.66061 0.377795
2.1593 -1.75067 0.91699 1.66056 0.378035
2.15935 -1.75074 0.917015 1.66058 0.377928
2.1594 -1.75067 0.91699 1.6605 0.378
2.15945 -1.75067 0.91699 1.66046 0.377983
2.1595 -1.75067 0.91699 1.66042 0.377965
2.15955 -1.75067 0.91699 1.66038 0.377948
2.1596 -1.75073 0.917013 1.66036 0.377887
2.15965 -1.75073 0.917013 1.66032 0.37787
2.1597 -1.75073 0.917013 1.66029 0.377852
2.15975 -1.75073 0.917013 1.66025 0.377835
2.1598 -1.75069 0.916992 1.65979 0.377869
2.15985 -1.75069 0.916992 1.65975 0.377851
2.1599 -1.75042 0.916902 1.65951 0.378181
2.15995 -1.75042 0.916902 1.65947 0.378164
2.16 -1.75042 0.916902 1.65943 0.378146
2.16005 -1.75049 0.916928 1.65945 0.378039
2.1601 -1.75025 0.916845 1.65952 0.37833
2.16015 -1.75025 0.916845 1.65949 0.378312
2.1602 -1.75025 0.916845 1.65945 0.378295
2.16025 -1.75025 0.916845 1.65941 0.378277
2.1603 -1.75025 0.916845 1.65937 0.37826
2.16035 -1.75025 0.916845 1.65933 0.378242
2.1604 -1.75025 0.916845 1.65929 0.378225
2.16045 -1.74983 0.916708 1.65892 0.378747
2.1605 -1.74983 0.916708 1.65888 0.37873
2.16055 -1.74982 0.916705 1.65884 0.378725
2.1606 -1.74982 0.916705 1.6588 0.378708
2.16065 -1.74974 0.916675 1.65869 0.378793
2.1607 -1.74969 0.916658 1.65861 0.37884
2.16075 -1.74969 0.916658 1.65857 0.378822
2.1608 -1.74969 0.916658 1.65853 0.378804
2.16085 -1.74971 0.916663 1.65851 0.378761
2.1609 -1.74971 0.916663 1.65847 0.378744
2.16095 -1.74971 0.916663 1.65843 0.378726
2.161 -1.74971 0.916663 1.6584 0.378709
2.16105 -1.7497 0.916658 1.65835 0.378704
2.1611 -1.7497 0.916658 1.65831 0.378686
2.16115 -1.74969 0.916655 1.65826 0.378682
2.1612 -1.74969 0.916655 1.65823 0.378664
2.16125 -1.7497 0.91666 1.6582 0.378634
2.1613 -1.7497 0.91666 1.65817 0.378616
2.16135 -1.7497 0.91666 1.65813 0.378599
2.1614 -1.74969 0.916658 1.65808 0.378594
2.16145 -1.74969 0.916658 1.65804 0.378577
2.1615 -1.74969 0.916658 1.65801 0.378559
2.16155 -1.74969 0.916658 1.65797 0.378542
2.1616 -1.74969 0.916658 1.65793 0.378524
2.16165 -1.74969 0.916658 1.65789 0.378507
2.1617 -1.74956 0.916617 1.65788 0.37869
2.16175 -1.74956 0.916617 1.65784 0.378673
2.1618 -1.74933 0.916545 1.65763 0.37895
2.16185 -1.74932 0.916543 1.65758 0.378946
2.1619 -1.749 0.916432 1.65554 0.379338
2.16195 -1.749 0.916432 1.6555 0.379321
2.162 -1.749 0.916432 1.65546 0.379303
2.16205 -1.749 0.916432 1.65542 0.379286
2.1621 -1.749 0.916432 1.65538 0.379268
2.16215 -1.749 0.916432 1.65535 0.379251
2.1622 -1.749 0.916432 1.65531 0.379233
2.16225 -1.749 0.916432 1.65527 0.379216
2.1623 -1.749 0.916432 1.65523 0.379198
2.16235 -1.749 0.916432 1.65519 0.37918
2.1624 -1.749 0.916432 1.65515 0.379163
2.16245 -1.749 0.916432 1.65511 0.379145
2.1625 -1.749 0.916432 1.65507 0.379128
2.16255 -1.749 0.916432 1.65504 0.37911
2.1626 -1.749 0.916432 1.655 0.379093
2.16265 -1.749 0.916432 1.65496 0.379075
2.1627 -1.749 0.916432 1.65492 0.379058
2.16275 -1.74929 0.91653 1.65525 0.378634
2.1628 -1.74924 0.916515 1.65675 0.378681
2.16285 -1.74924 0.916515 1.65671 0.378664
2.1629 -1.74924 0.916515 1.65668 0.378646
2.16295 -1.74924 0.916515 1.65664 0.378629
2.163 -1.74924 0.916515 1.6566 0.378611
2.16305 -1.74924 0.916515 1.65656 0.378593
2.1631 -1.74924 0.916515 1.65652 0.378576
2.16315 -1.74924 0.916515 1.65648 0.378558
2.1632 -1.74931 0.91654 1.6565 0.378451
2.16325 -1.74931 0.91654 1.65646 0.378434
2.1633 -1.74931 0.91654 1.65642 0.378416
2.16335 -1.74931 0.91654 1.65639 0.378399
2.1634 -1.74931 0.91654 1.65635 0.378381
2.16345 -1.74931 0.91654 1.65631 0.378364
2.1635 -1.74914 0.916488 1.65615 0.378564
2.16355 -1.74885 0.916393 1.65589 0.378918
2.1636 -1.74885 0.916393 1.65585 0.3789
2.16365 -1.74885 0.916393 1.65582 0.378883
2.1637 -1.74883 0.916385 1.65576 0.378891
2.16375 -1.74883 0.916385 1.65573 0.378873
2.1638 -1.74843 0.91625 1.65538 0.379367
2.16385 -1.74843 0.91625 1.65534 0.37935
2.1639 -1.74843 0.91625 1.65531 0.379332
2.16395 -1.74843 0.916253 1.65501 0.379315
2.164 -1.74843 0.916253 1.65497 0.379297
2.16405 -1.74843 0.916253 1.65494 0.37928
2.1641 -1.74843 0.916253 1.6549 0.379262
2.16415 -1.74831 0.916212 1.65447 0.379398
2.1642 -1.74831 0.916212 1.65443 0.379381
2.16425 -1.74831 0.916212 1.65439 0.379363
2.1643 -1.74831 0.916212 1.65435 0.379346
2.16435 -1.74831 0.916212 1.65432 0.379328
2.1644 -1.74831 0.916212 1.65428 0.379311
2.16445 -1.74831 0.916212 1.65424 0.379293
2.1645 -1.74831 0.916212 1.6542 0.379276
2.16455 -1.74831 0.916212 1.65416 0.379258
2.1646 -1.74831 0.916212 1.65468 0.37924
2.16465 -1.74831 0.916212 1.65464 0.379223
2.1647 -1.7482 0.916175 1.65453 0.379346
2.16475 -1.74802 0.916112 1.65433 0.379558
2.1648 -1.74797 0.91609 1.65426 0.379605
2.16485 -1.74801 0.916105 1.65421 0.379536
2.1649 -1.74806 0.916122 1.65421 0.379455
2.16495 -1.74806 0.916122 1.65417 0.379437
2.165 -1.74806 0.916122 1.65413 0.37942
2.16505 -1.74799 0.9161 1.65403 0.379491
2.1651 -1.74799 0.9161 1.654 0.379474
2.16515 -1.74795 0.916088 1.654 0.379507
2.1652 -1.74846 0.916273 1.65406 0.378839
2.16525 -1.74866 0.916342 1.65431 0.378566
2.1653 -1.74866 0.916342 1.65427 0.378548
2.16535 -1.74875 0.916373 1.65393 0.378382
2.1654 -1.74875 0.916373 1.6539 0.378364
2.16545 -1.7488 0.91639 1.65432 0.378283
2.1655 -1.7488 0.91639 1.65429 0.378265
2.16555 -1.7488 0.91639 1.65425 0.378248
2.1656 -1.7488 0.91639 1.65421 0.378231
2.16565 -1.7488 0.91639 1.65417 0.378213
2.1657 -1.7488 0.91639 1.65413 0.378196
2.16575 -1.7488 0.91639 1.6541 0.378178
2.1658 -1.7488 0.91639 1.65406 0.378161
2.16585 -1.74902 0.91647 1.65419 0.377862
2.1659 -1.74902 0.91647 1.65415 0.377845
2.16595 -1.74901 0.916467 1.65407 0.37784
2.166 -1.74911 0.916505 1.65411 0.377695
2.16605 -1.74911 0.916505 1.65407 0.377677
2.1661 -1.74912 0.916508 1.65404 0.377647
2.16615 -1.74912 0.916508 1.654 0.37763
2.1662 -1.74913 0.916512 1.65397 0.3776
2.16625 -1.74913 0.916512 1.65394 0.377582
2.1663 -1.7492 0.916538 1.65412 0.377475
2.16635 -1.7492 0.916538 1.65408 0.377458
2.1664 -1.7492 0.916538 1.65404 0.377441
2.16645 -1.7492 0.916538 1.654 0.377423
2.1665 -1.7492 0.916538 1.65396 0.377406
2.16655 -1.7492 0.916538 1.65392 0.377388
2.1666 -1.7492 0.916538 1.65389 0.377371
2.16665 -1.74945 0.916625 1.65402 0.377
2.1667 -1.74945 0.916625 1.65398 0.376983
2.16675 -1.74945 0.916628 1.65394 0.376965
2.1668 -1.74946 0.91663 1.65391 0.376935
2.16685 -1.74946 0.91663 1.65387 0.376918
2.1669 -1.74929 0.916573 1.65346 0.377117
2.16695 -1.74948 0.916643 1.65376 0.376857
2.167 -1.7495 0.91665 1.6538 0.376814
2.16705 -1.7495 0.91665 1.65376 0.376797
2.1671 -1.74962 0.916687 1.65371 0.376626
2.16715 -1.74931 0.916578 1.65268 0.377005
2.1672 -1.74931 0.916578 1.65264 0.376987
2.16725 -1.74937 0.916597 1.65207 0.376893
2.1673 -1.74937 0.916597 1.65204 0.376876
2.16735 -1.74937 0.916597 1.652 0.376859
2.1674 -1.74911 0.916512 1.65236 0.377207
2.16745 -1.74911 0.916512 1.65232 0.37719
2.1675 -1.74911 0.916512 1.65229 0.377172
2.16755 -1.74911 0.916512 1.65225 0.377155
2.1676 -1.74911 0.916512 1.65221 0.377138
2.16765 -1.74911 0.916512 1.65217 0.37712
2.1677 -1.74911 0.916512 1.65213 0.377103
2.16775 -1.74912 0.916517 1.65209 0.377073
2.1678 -1.74912 0.916517 1.65205 0.377055
2.16785 -1.74927 0.916573 1.65275 0.376846
2.1679 -1.74927 0.916573 1.65271 0.376829
2.16795 -1.74927 0.916573 1.65267 0.376812
2.168 -1.74927 0.916573 1.65263 0.376794
2.16805 -1.74927 0.916573 1.6526 0.376777
2.1681 -1.74926 0.91657 1.65279 0.376772
2.16815 -1.74926 0.91657 1.65276 0.376755
2.1682 -1.7493 0.916585 1.6493 0.376687
2.16825 -1.7493 0.916585 1.64927 0.376669
2.1683 -1.7493 0.916585 1.64923 0.376652
2.16835 -1.7493 0.916585 1.64919 0.376634
2.1684 -1.74911 0.916517 1.64746 0.376859
2.16845 -1.74911 0.916517 1.64743 0.376842
2.1685 -1.74911 0.916517 1.64739 0.376825
2.16855 -1.74913 0.916525 1.64736 0.376782
2.1686 -1.74913 0.916525 1.64733 0.376764
2.16865 -1.74913 0.916525 1.64729 0.376747
2.1687 -1.74913 0.916525 1.64725 0.37673
2.16875 -1.74913 0.916525 1.64721 0.376712
2.1688 -1.74913 0.916525 1.64717 0.376695
2.16885 -1.74913 0.916525 1.64714 0.376677
2.1689 -1.74913 0.916525 1.64709 0.37666
2.16895 -1.74913 0.916525 1.64706 0.376643
2.169 -1.74913 0.916525 1.64702 0.376625
2.16905 -1.74913 0.916525 1.64698 0.376608
2.1691 -1.74913 0.916525 1.64694 0.376591
2.16915 -1.74913 0.916525 1.6469 0.376573
2.1692 -1.74908 0.916508 1.65179 0.37662
2.16925 -1.74896 0.916465 1.65166 0.376755
2.1693 -1.74899 0.916485 1.64599 0.376699
2.16935 -1.74899 0.916485 1.64596 0.376682
2.1694 -1.74899 0.916485 1.64592 0.376665
2.16945 -1.7489 0.916458 1.64582 0.376762
2.1695 -1.74897 0.91648 1.65014 0.376655
2.16955 -1.74897 0.91648 1.6501 0.376638
2.1696 -1.74897 0.91648 1.65007 0.376621
2.16965 -1.74897 0.91648 1.65003 0.376603
2.1697 -1.74897 0.91648 1.64999 0.376586
2.16975 -1.74897 0.91648 1.64995 0.376569
2.1698 -1.74897 0.91648 1.64991 0.376551
2.16985 -1.74897 0.91648 1.64988 0.376534
2.1699 -1.74897 0.91648 1.64984 0.376517
2.16995 -1.74897 0.91648 1.6498 0.376499
2.17 -1.74897 0.91648 1.64976 0.376482
2.17005 -1.74897 0.91648 1.64972 0.376465
2.1701 -1.74897 0.91648 1.64969 0.376447
2.17015 -1.74897 0.91648 1.64965 0.37643
2.1702 -1.74897 0.91648 1.64961 0.376413
2.17025 -1.74897 0.91648 1.64957 0.376395
2.1703 -1.74897 0.91648 1.64953 0.376378
2.17035 -1.74909 0.916523 1.64959 0.376208
2.1704 -1.74907 0.916515 1.64439 0.376216
2.17045 -1.74897 0.916477 1.64428 0.376326
2.1705 -1.74895 0.91647 1.6502 0.376334
2.17055 -1.74895 0.91647 1.65017 0.376317
2.1706 -1.74895 0.91647 1.65013 0.376299
2.17065 -1.74895 0.91647 1.65009 0.376282
2.1707 -1.74895 0.91647 1.65005 0.376265
2.17075 -1.74904 0.916505 1.6501 0.376133
2.1708 -1.74904 0.916505 1.65006 0.376115
2.17085 -1.74904 0.916505 1.65003 0.376098
2.1709 -1.74904 0.916505 1.64999 0.376081
2.17095 -1.7489 0.916455 1.64554 0.376241
2.171 -1.7489 0.916455 1.6455 0.376224
2.17105 -1.7489 0.916455 1.64547 0.376207
2.1711 -1.7489 0.916455 1.64543 0.37619
2.17115 -1.7489 0.916455 1.64539 0.376172
2.1712 -1.74888 0.91645 1.64529 0.37618
2.17125 -1.74865 0.916377 1.64724 0.376455
2.1713 -1.74865 0.916377 1.6472 0.376438
2.17135 -1.74866 0.91638 1.64717 0.376408
2.1714 -1.74863 0.91637 1.6471 0.376429
2.17145 -1.74862 0.916368 1.64705 0.376424
2.1715 -1.74862 0.916368 1.64701 0.376407
2.17155 -1.74862 0.916368 1.64698 0.376389
2.1716 -1.74862 0.916368 1.64694 0.376372
2.17165 -1.7486 0.91636 1.64688 0.37638
2.1717 -1.7486 0.91636 1.64685 0.376363
2.17175 -1.7486 0.91636 1.64681 0.376345
2.1718 -1.74843 0.916303 1.64936 0.376544
2.17185 -1.74845 0.916308 1.64933 0.376501
2.1719 -1.74806 0.916172 1.64899 0.376979
2.17195 -1.74806 0.916172 1.64895 0.376961
2.172 -1.74806 0.916172 1.64891 0.376944
2.17205 -1.74805 0.916168 1.64887 0.376939
2.1721 -1.74805 0.916168 1.64883 0.376922
2.17215 -1.74805 0.916168 1.64879 0.376905
2.1722 -1.74805 0.916168 1.64875 0.376887
2.17225 -1.74805 0.916168 1.64872 0.37687
2.1723 -1.74805 0.916168 1.64868 0.376853
2.17235 -1.74805 0.916168 1.64864 0.376835
2.1724 -1.74805 0.916168 1.6486 0.376818
2.17245 -1.74805 0.916168 1.64856 0.376801
2.1725 -1.74805 0.916168 1.64853 0.376783
2.17255 -1.74802 0.916157 1.64425 0.376804
2.1726 -1.74802 0.916157 1.64421 0.376787
2.17265 -1.74802 0.916157 1.64417 0.376769
2.1727 -1.74802 0.916157 1.64413 0.376752
2.17275 -1.74802 0.916157 1.6441 0.376735
2.1728 -1.74802 0.916157 1.64406 0.376717
2.17285 -1.74802 0.916157 1.64402 0.3767
2.1729 -1.74802 0.916157 1.64398 0.376683
2.17295 -1.74797 0.91614 1.64391 0.376729
2.173 -1.74797 0.916142 1.64387 0.376711
2.17305 -1.74797 0.916142 1.64383 0.376694
2.1731 -1.74797 0.916142 1.6438 0.376677
2.17315 -1.74797 0.916142 1.64376 0.376659
2.1732 -1.74797 0.916142 1.64372 0.376642
2.17325 -1.74797 0.916142 1.64368 0.376625
2.1733 -1.74797 0.916142 1.64364 0.376607
2.17335 -1.74797 0.916142 1.64361 0.37659
2.1734 -1.74797 0.916142 1.64357 0.376573
2.17345 -1.74797 0.916142 1.64353 0.376555
2.1735 -1.74797 0.916142 1.64349 0.376538
2.17355 -1.74797 0.916142 1.64346 0.376521
2.1736 -1.74785 0.916105 1.64345 0.376655
2.17365 -1.74785 0.916105 1.64341 0.376638
2.1737 -1.74785 0.916105 1.64337 0.376621
2.17375 -1.74785 0.916105 1.64333 0.376603
2.1738 -1.7479 0.916127 1.6434 0.376523
2.17385 -1.7479 0.916127 1.64336 0.376505
2.1739 -1.7479 0.916127 1.64332 0.376488
2.17395 -1.74788 0.91612 1.64327 0.376496
2.174 -1.74788 0.91612 1.64323 0.376479
2.17405 -1.74788 0.91612 1.6432 0.376461
2.1741 -1.74788 0.91612 1.64316 0.376444
2.17415 -1.74788 0.91612 1.64312 0.376427
2.1742 -1.74785 0.916112 1.64312 0.376447
2.17425 -1.74785 0.916112 1.64308 0.37643
2.1743 -1.74784 0.91611 1.64304 0.376425
2.17435 -1.74787 0.91612 1.64323 0.37637
2.1744 -1.74787 0.91612 1.64319 0.376353
2.17445 -1.74756 0.916018 1.6446 0.376728
2.1745 -1.74758 0.916025 1.64457 0.376685
2.17455 -1.74758 0.916025 1.64454 0.376668
2.1746 -1.74761 0.916045 1.6445 0.376612
2.17465 -1.74761 0.916045 1.64446 0.376595
2.1747 -1.74761 0.916045 1.64442 0.376578
2.17475 -1.74743 0.915985 1.64423 0.376788
2.1748 -1.74744 0.915987 1.6442 0.376758
2.17485 -1.74744 0.915987 1.64416 0.376741
2.1749 -1.74744 0.915987 1.64412 0.376724
2.17495 -1.74744 0.915987 1.64408 0.376706
2.175 -1.74744 0.915987 1.64405 0.376689
2.17505 -1.74733 0.91595 1.64395 0.376811
2.1751 -1.74726 0.91593 1.64387 0.376882
2.17515 -1.74754 0.91603 1.64406 0.376511
2.1752 -1.74754 0.91603 1.64403 0.376493
2.17525 -1.74754 0.91603 1.64399 0.376476
2.1753 -1.74754 0.91603 1.64395 0.376459
2.17535 -1.74754 0.91603 1.64391 0.376441
2.1754 -1.74739 0.91598 1.64377 0.376614
2.17545 -1.74739 0.91598 1.64373 0.376596
2.1755 -1.74739 0.91598 1.64369 0.376579
2.17555 -1.74745 0.916003 1.64363 0.376486
2.1756 -1.74747 0.916007 1.64359 0.376443
2.17565 -1.74747 0.916007 1.64355 0.376426
2.1757 -1.74747 0.916007 1.64351 0.376409
2.17575 -1.74747 0.916007 1.64348 0.376391
2.1758 -1.74747 0.916007 1.64344 0.376374
2.17585 -1.74747 0.916007 1.6434 0.376357
2.1759 -1.74747 0.916007 1.64336 0.376339
2.17595 -1.74749 0.916015 1.64334 0.376297
2.176 -1.74748 0.916013 1.6433 0.376292
2.17605 -1.74732 0.915952 1.64314 0.376477
2.1761 -1.74717 0.915898 1.6429 0.376649
2.17615 -1.74709 0.915872 1.64116 0.376733
2.1762 -1.74709 0.915872 1.64113 0.376715
2.17625 -1.74709 0.915872 1.64109 0.376698
2.1763 -1.74709 0.915872 1.64105 0.376681
2.17635 -1.74693 0.91582 1.63831 0.376899
2.1764 -1.74693 0.91582 1.63827 0.376882
2.17645 -1.74693 0.91582 1.63824 0.376864
2.1765 -1.74651 0.915682 1.63784 0.377377
2.17655 -1.74651 0.915682 1.6378 0.377359
2.1766 -1.74651 0.915682 1.63776 0.377342
2.17665 -1.74651 0.915682 1.63773 0.377325
2.1767 -1.74652 0.915685 1.6377 0.377295
2.17675 -1.74656 0.9157 1.64416 0.377227
2.1768 -1.74656 0.9157 1.64412 0.37721
2.17685 -1.74656 0.9157 1.64409 0.377192
2.1769 -1.74654 0.915695 1.63981 0.3772
2.17695 -1.74655 0.9157 1.63978 0.37717
2.177 -1.74655 0.9157 1.63974 0.377153
2.17705 -1.74655 0.9157 1.63971 0.377136
2.1771 -1.74624 0.915582 1.63998 0.377509
2.17715 -1.74624 0.915582 1.63994 0.377492
2.1772 -1.74592 0.915478 1.64283 0.377877
2.17725 -1.74592 0.915478 1.64279 0.37786
2.1773 -1.74592 0.915478 1.64275 0.377842
2.17735 -1.74593 0.91548 1.64272 0.377813
2.1774 -1.74593 0.91548 1.64268 0.377795
2.17745 -1.74593 0.91548 1.64265 0.377778
2.1775 -1.74593 0.91548 1.64261 0.37776
2.17755 -1.74564 0.915388 1.64146 0.378142
2.1776 -1.74556 0.915358 1.64023 0.378225
2.17765 -1.74557 0.91536 1.6402 0.378195
2.1777 -1.74556 0.915358 1.64016 0.37819
2.17775 -1.74557 0.91536 1.64013 0.37816
2.1778 -1.74557 0.91536 1.64009 0.378143
2.17785 -1.74558 0.91536 1.63953 0.378079
2.1779 -1.74558 0.91536 1.63949 0.378062
2.17795 -1.74558 0.91536 1.63945 0.378045
2.178 -1.74558 0.91536 1.63942 0.378027
2.17805 -1.74558 0.91536 1.63938 0.37801
2.1781 -1.74558 0.91536 1.63934 0.377993
2.17815 -1.74558 0.91536 1.6393 0.377975
2.1782 -1.74558 0.91536 1.63927 0.377958
2.17825 -1.74558 0.91536 1.63923 0.37794
2.1783 -1.74558 0.91536 1.63919 0.377923
2.17835 -1.74558 0.91536 1.63915 0.377906
2.1784 -1.74558 0.91536 1.63912 0.377888
2.17845 -1.74544 0.915315 1.63898 0.378047
2.1785 -1.74544 0.915315 1.63895 0.37803
2.17855 -1.74544 0.915315 1.63891 0.378012
2.1786 -1.74544 0.915315 1.63887 0.377995
2.17865 -1.74534 0.915277 1.64182 0.378103
2.1787 -1.74534 0.915277 1.64178 0.378086
2.17875 -1.74534 0.915277 1.64174 0.378069
2.1788 -1.74534 0.915277 1.6417 0.378051
2.17885 -1.74534 0.915277 1.64167 0.378034
2.1789 -1.74534 0.915277 1.64163 0.378017
2.17895 -1.74534 0.915277 1.64159 0.377999
2.179 -1.74524 0.915242 1.64145 0.378107
2.17905 -1.74525 0.915242 1.63761 0.378044
2.1791 -1.74525 0.915242 1.63758 0.378026
2.17915 -1.74527 0.91525 1.63756 0.377984
2.1792 -1.74527 0.91525 1.63752 0.377967
2.17925 -1.74527 0.91525 1.63748 0.377949
2.1793 -1.74509 0.915185 1.63732 0.378158
2.17935 -1.74509 0.915185 1.63728 0.378141
2.1794 -1.74509 0.915185 1.63724 0.378123
2.17945 -1.74509 0.915185 1.6372 0.378106
2.1795 -1.74509 0.915185 1.63717 0.378088
2.17955 -1.74509 0.915185 1.63713 0.378071
2.1796 -1.74474 0.91507 1.63673 0.378493
2.17965 -1.7446 0.915022 1.64041 0.378651
2.1797 -1.7446 0.915022 1.64037 0.378634
2.17975 -1.74464 0.915037 1.64037 0.378566
2.1798 -1.74464 0.915037 1.64033 0.378549
2.17985 -1.74456 0.915013 1.64023 0.378632
2.1799 -1.74457 0.915015 1.6402 0.378602
2.17995 -1.74456 0.915013 1.64016 0.378597
2.18 -1.74457 0.915015 1.64013 0.378567
2.18005 -1.74457 0.915015 1.64009 0.37855
2.1801 -1.74455 0.91501 1.63999 0.378557
2.18015 -1.74455 0.91501 1.63995 0.37854
2.1802 -1.74455 0.91501 1.63992 0.378523
2.18025 -1.74437 0.914948 1.6398 0.378731
2.1803 -1.74437 0.914948 1.63976 0.378713
2.18035 -1.74437 0.914948 1.63972 0.378696
2.1804 -1.74437 0.914948 1.63969 0.378679
2.18045 -1.74437 0.914948 1.63965 0.378661
2.1805 -1.74437 0.914948 1.63961 0.378644
2.18055 -1.74437 0.914948 1.63957 0.378627
2.1806 -1.74437 0.914948 1.63954 0.378609
2.18065 -1.74433 0.91494 1.63947 0.378642
2.1807 -1.74433 0.91494 1.63943 0.378625
2.18075 -1.74423 0.914902 1.63931 0.378732
2.1808 -1.74418 0.91488 1.63922 0.378744
2.18085 -1.74418 0.91488 1.63919 0.378727
2.1809 -1.74418 0.91488 1.63915 0.378709
2.18095 -1.74418 0.91488 1.63911 0.378692
2.181 -1.74418 0.91488 1.63907 0.378675
2.18105 -1.74418 0.91488 1.63904 0.378657
2.1811 -1.74418 0.91488 1.639 0.37864
2.18115 -1.74418 0.91488 1.63896 0.378623
2.1812 -1.74418 0.91488 1.63892 0.378605
2.18125 -1.74418 0.91488 1.63889 0.378588
2.1813 -1.74418 0.91488 1.63885 0.37857
2.18135 -1.74418 0.91488 1.63881 0.378553
2.1814 -1.74418 0.91488 1.63877 0.378536
2.18145 -1.74399 0.914817 1.63571 0.378756
2.1815 -1.74399 0.914817 1.63568 0.378739
2.18155 -1.74423 0.914905 1.63576 0.378421
2.1816 -1.74414 0.914878 1.63729 0.378516
2.18165 -1.74414 0.914878 1.63725 0.378499
2.1817 -1.74414 0.914878 1.63722 0.378482
2.18175 -1.74414 0.914878 1.63718 0.378464
2.1818 -1.74414 0.914878 1.63714 0.378447
2.18185 -1.74414 0.914878 1.6371 0.37843
2.1819 -1.74414 0.914878 1.63707 0.378412
2.18195 -1.74414 0.914878 1.63703 0.378395
2.182 -1.74414 0.914878 1.63699 0.378378
2.18205 -1.74414 0.914878 1.63695 0.37836
2.1821 -1.74414 0.914878 1.63692 0.378343
2.18215 -1.74412 0.914867 1.63579 0.378351
2.1822 -1.74409 0.91486 1.63573 0.378371
2.18225 -1.74384 0.914775 1.63551 0.378666
2.1823 -1.74384 0.914775 1.63547 0.378648
2.18235 -1.74336 0.914615 1.63585 0.379231
2.1824 -1.74336 0.914615 1.63581 0.379213
2.18245 -1.74336 0.914615 1.63577 0.379196
2.1825 -1.74336 0.914615 1.63574 0.379179
2.18255 -1.74336 0.914615 1.6357 0.379161
2.1826 -1.74336 0.914615 1.63566 0.379144
2.18265 -1.74336 0.914615 1.63562 0.379126
2.1827 -1.74336 0.914615 1.63559 0.379109
2.18275 -1.74336 0.914615 1.63555 0.379092
2.1828 -1.74336 0.914615 1.63551 0.379074
2.18285 -1.74336 0.914615 1.63547 0.379057
2.1829 -1.74336 0.914615 1.63544 0.37904
2.18295 -1.74336 0.914615 1.6354 0.379022
2.183 -1.74336 0.914615 1.63536 0.379005
2.18305 -1.74335 0.914615 1.63525 0.379
2.1831 -1.74315 0.914555 1.63451 0.379232
2.18315 -1.74315 0.914555 1.63448 0.379215
2.1832 -1.74305 0.914517 1.63476 0.379322
2.18325 -1.74305 0.914517 1.63472 0.379305
2.1833 -1.74305 0.914517 1.63468 0.379287
2.18335 -1.74318 0.914565 1.63572 0.379141
2.1834 -1.74318 0.914565 1.63568 0.379124
2.18345 -1.74318 0.914565 1.63564 0.379107
2.1835 -1.74318 0.914565 1.6356 0.379089
2.18355 -1.74307 0.91453 1.63548 0.379209
2.1836 -1.74307 0.91453 1.63544 0.379192
2.18365 -1.74307 0.91453 1.6354 0.379174
2.1837 -1.74307 0.91453 1.63537 0.379157
2.18375 -1.74283 0.914443 1.63592 0.379439
2.1838 -1.74283 0.914443 1.63588 0.379421
2.18385 -1.74283 0.914443 1.63584 0.379404
2.1839 -1.7425 0.91433 1.63557 0.379798
2.18395 -1.7425 0.91433 1.63553 0.37978
2.184 -1.74238 0.914288 1.6354 0.379912
2.18405 -1.74211 0.914205 1.63496 0.380231
2.1841 -1.7421 0.914205 1.63419 0.380226
2.18415 -1.7421 0.914205 1.63416 0.380209
2.1842 -1.7421 0.914205 1.63412 0.380191
2.18425 -1.7421 0.914205 1.63408 0.380174
2.1843 -1.7421 0.914205 1.63404 0.380157
2.18435 -1.74202 0.914177 1.63162 0.380272
2.1844 -1.74202 0.914177 1.63159 0.380255
2.18445 -1.74204 0.914185 1.63156 0.380213
2.1845 -1.74204 0.914185 1.63153 0.380195
2.18455 -1.74204 0.914185 1.63149 0.380178
2.1846 -1.74199 0.91417 1.63158 0.380223
2.18465 -1.74199 0.91417 1.63154 0.380205
2.1847 -1.74199 0.91417 1.63151 0.380188
2.18475 -1.74199 0.91417 1.63147 0.38017
2.1848 -1.74199 0.91417 1.63143 0.380153
2.18485 -1.74199 0.91417 1.63139 0.380136
2.1849 -1.74172 0.914075 1.63123 0.380454
2.18495 -1.74189 0.914135 1.63255 0.380225
2.185 -1.74189 0.914135 1.63251 0.380208
2.18505 -1.74171 0.914075 1.63398 0.380414
2.1851 -1.74166 0.914057 1.63398 0.380459
2.18515 -1.74148 0.913998 1.63381 0.380698
2.1852 -1.74148 0.913998 1.63377 0.380681
2.18525 -1.74136 0.913957 1.63363 0.380813
2.1853 -1.74136 0.913957 1.63359 0.380795
2.18535 -1.74136 0.913957 1.63355 0.380778
2.1854 -1.74129 0.913935 1.63344 0.380847
2.18545 -1.74129 0.913935 1.63341 0.38083
2.1855 -1.74129 0.913935 1.63337 0.380812
2.18555 -1.74129 0.913935 1.63333 0.380795
2.1856 -1.74129 0.913935 1.63329 0.380778
2.18565 -1.74106 0.913857 1.63308 0.381046
2.1857 -1.7411 0.91387 1.63307 0.380979
2.18575 -1.74098 0.913825 1.63269 0.38111
2.1858 -1.74098 0.913825 1.63265 0.381093
2.18585 -1.74093 0.91381 1.63258 0.381137
2.1859 -1.74093 0.91381 1.63254 0.38112
2.18595 -1.74093 0.91381 1.6325 0.381102
2.186 -1.74093 0.91381 1.63247 0.381085
2.18605 -1.74051 0.913665 1.63234 0.381588
2.1861 -1.74051 0.913665 1.6323 0.381571
2.18615 -1.74051 0.913665 1.63227 0.381553
2.1862 -1.74062 0.913705 1.63184 0.3814
2.18625 -1.74062 0.913705 1.6318 0.381382
2.1863 -1.74061 0.9137 1.63175 0.381377
2.18635 -1.74061 0.9137 1.63171 0.38136
2.1864 -1.74061 0.9137 1.63168 0.381342
2.18645 -1.74061 0.9137 1.63164 0.381325
2.1865 -1.74061 0.9137 1.6316 0.381307
2.18655 -1.74061 0.9137 1.63156 0.38129
2.1866 -1.74042 0.913643 1.63209 0.381508
2.18665 -1.74042 0.913643 1.63205 0.38149
2.1867 -1.74047 0.913663 1.63197 0.381378
2.18675 -1.74053 0.913682 1.63205 0.381286
2.1868 -1.74053 0.913682 1.63201 0.381268
2.18685 -1.74053 0.913682 1.63198 0.381251
2.1869 -1.74053 0.913682 1.63194 0.381234
2.18695 -1.74053 0.913682 1.6319 0.381216
2.187 -1.74053 0.913682 1.63187 0.381199
2.18705 -1.74053 0.913682 1.63183 0.381181
2.1871 -1.74053 0.913682 1.63179 0.381164
2.18715 -1.74053 0.913682 1.63175 0.381146
2.1872 -1.74053 0.913682 1.63172 0.381129
2.18725 -1.74077 0.913775 1.63186 0.380814
2.1873 -1.74077 0.913775 1.63183 0.380797
2.18735 -1.74077 0.913775 1.63179 0.380779
2.1874 -1.74077 0.913775 1.63175 0.380762
2.18745 -1.74077 0.913775 1.63172 0.380745
2.1875 -1.74077 0.913775 1.63168 0.380727
2.18755 -1.74089 0.91382 1.63011 0.380561
2.1876 -1.74091 0.91383 1.6301 0.380519
2.18765 -1.74091 0.91383 1.63006 0.380502
2.1877 -1.74091 0.91383 1.63002 0.380484
2.18775 -1.74091 0.913833 1.63005 0.380467
2.1878 -1.74091 0.913833 1.63001 0.380449
2.18785 -1.74091 0.913833 1.62998 0.380432
2.1879 -1.74091 0.913833 1.62994 0.380415
2.18795 -1.74091 0.913837 1.62992 0.380397
2.188 -1.74077 0.913787 1.63116 0.380553
2.18805 -1.74066 0.913752 1.62963 0.380672
2.1881 -1.74066 0.913752 1.62959 0.380655
2.18815 -1.74066 0.913752 1.62955 0.380637
2.1882 -1.74066 0.913752 1.62952 0.38062
2.18825 -1.74066 0.913752 1.62948 0.380602
2.1883 -1.74066 0.913752 1.62944 0.380585
2.18835 -1.74075 0.913787 1.62944 0.380456
2.1884 -1.74069 0.913772 1.6294 0.380513
2.18845 -1.74069 0.913772 1.62937 0.380496
2.1885 -1.74069 0.913772 1.62933 0.380478
2.18855 -1.74069 0.913772 1.62929 0.380461
2.1886 -1.74033 0.913652 1.62895 0.380889
2.18865 -1.74033 0.913652 1.62891 0.380871
2.1887 -1.7403 0.913645 1.62892 0.380891
2.18875 -1.7403 0.913645 1.62888 0.380874
2.1888 -1.74023 0.913623 1.63033 0.380943
2.18885 -1.7401 0.91358 1.62373 0.381086
2.1889 -1.7401 0.91358 1.62369 0.381069
2.18895 -1.7401 0.91358 1.62365 0.381051
2.189 -1.7401 0.91358 1.62362 0.381034
2.18905 -1.7401 0.91358 1.62358 0.381016
2.1891 -1.7401 0.91358 1.62354 0.380999
2.18915 -1.73994 0.913528 1.62347 0.381179
2.1892 -1.73994 0.913528 1.62343 0.381162
2.18925 -1.73994 0.913528 1.62339 0.381144
2.1893 -1.73994 0.913528 1.62336 0.381127
2.18935 -1.7401 0.913587 1.6292 0.380912
2.1894 -1.7401 0.913587 1.62917 0.380895
2.18945 -1.7401 0.913587 1.62913 0.380877
2.1895 -1.7401 0.913587 1.62909 0.38086
2.18955 -1.73991 0.913525 1.62891 0.381077
2.1896 -1.73991 0.913525 1.62887 0.38106
2.18965 -1.73992 0.913528 1.62884 0.38103
2.1897 -1.73992 0.913528 1.6288 0.381013
2.18975 -1.73992 0.913528 1.62876 0.380995
2.1898 -1.7399 0.91352 1.62871 0.381002
2.18985 -1.7399 0.91352 1.62867 0.380985
2.1899 -1.73988 0.913515 1.62862 0.380992
2.18995 -1.73988 0.913515 1.62859 0.380975
2.19 -1.74001 0.913563 1.62861 0.380797
2.19005 -1.74015 0.913615 1.62869 0.380607
2.1901 -1.74015 0.913615 1.62866 0.380589
2.19015 -1.73993 0.91354 1.62845 0.380877
2.1902 -1.73993 0.91354 1.62841 0.38086
2.19025 -1.73993 0.91354 1.62838 0.380842
2.1903 -1.73993 0.91354 1.62834 0.380825
2.19035 -1.73993 0.91354 1.6283 0.380807
2.1904 -1.73993 0.91354 1.62827 0.38079
2.19045 -1.73993 0.91354 1.62823 0.380773
2.1905 -1.73987 0.91352 1.6282 0.380863
2.19055 -1.73987 0.91352 1.62816 0.380845
2.1906 -1.73987 0.91352 1.62812 0.380828
2.19065 -1.73987 0.91352 1.62809 0.38081
2.1907 -1.73987 0.91352 1.62805 0.380793
2.19075 -1.73987 0.91352 1.62801 0.380776
2.1908 -1.73987 0.91352 1.62798 0.380758
2.19085 -1.73966 0.913455 1.62777 0.381
2.1909 -1.73972 0.913475 1.62778 0.380909
2.19095 -1.73972 0.913475 1.62774 0.380891
2.191 -1.73972 0.913475 1.62771 0.380874
2.19105 -1.73962 0.91344 1.62344 0.38098
2.1911 -1.73962 0.91344 1.6234 0.380962
2.19115 -1.73962 0.91344 1.62336 0.380945
2.1912 -1.73956 0.913417 1.62778 0.381001
2.19125 -1.73956 0.913417 1.62774 0.380984
2.1913 -1.73956 0.913417 1.62771 0.380967
2.19135 -1.73953 0.913408 1.62762 0.380953
2.1914 -1.73953 0.913408 1.62758 0.380936
2.19145 -1.73953 0.913408 1.62754 0.380918
2.1915 -1.73953 0.913408 1.62751 0.380901
2.19155 -1.73961 0.91344 1.62752 0.380818
2.1916 -1.73961 0.91344 1.62748 0.380801
2.19165 -1.73961 0.91344 1.62744 0.380783
2.1917 -1.73961 0.91344 1.6274 0.380766
2.19175 -1.73961 0.91344 1.62737 0.380749
2.1918 -1.73961 0.91344 1.62733 0.380731
2.19185 -1.73961 0.91344 1.62729 0.380714
2.1919 -1.73961 0.91344 1.62726 0.380697
2.19195 -1.73961 0.91344 1.62722 0.380679
2.192 -1.73961 0.91344 1.62718 0.380662
2.19205 -1.73929 0.913338 1.6269 0.381038
2.1921 -1.73929 0.913338 1.62686 0.381021
2.19215 -1.73916 0.9133 1.62673 0.381164
2.1922 -1.73905 0.91326 1.62685 0.381315
2.19225 -1.73905 0.91326 1.62681 0.381297
2.1923 -1.73896 0.91323 1.62671 0.381391
2.19235 -1.73896 0.91323 1.62667 0.381373
2.1924 -1.73896 0.91323 1.62663 0.381356
2.19245 -1.73896 0.91323 1.62659 0.381339
2.1925 -1.73896 0.91323 1.62656 0.381321
2.19255 -1.73896 0.91323 1.62652 0.381304
2.1926 -1.73885 0.913197 1.6264 0.381422
2.19265 -1.73885 0.913197 1.62637 0.381404
2.1927 -1.73887 0.913205 1.61992 0.381362
2.19275 -1.73887 0.913205 1.61988 0.381345
2.1928 -1.73887 0.913205 1.61985 0.381328
2.19285 -1.73887 0.913205 1.61981 0.38131
2.1929 -1.73888 0.913207 1.61978 0.38128
2.19295 -1.73888 0.913207 1.61974 0.381263
2.193 -1.73888 0.913207 1.6197 0.381246
2.19305 -1.73895 0.91323 1.61973 0.381142
2.1931 -1.73895 0.91323 1.61969 0.381125
2.19315 -1.73895 0.91323 1.61966 0.381107
2.1932 -1.73895 0.91323 1.61962 0.38109
2.19325 -1.73895 0.91323 1.61958 0.381073
2.1933 -1.73864 0.913127 1.62388 0.381436
2.19335 -1.73864 0.913127 1.62385 0.381419
2.1934 -1.73835 0.91302 1.62541 0.381758
2.19345 -1.73835 0.91302 1.62538 0.38174
2.1935 -1.73835 0.91302 1.62534 0.381723
2.19355 -1.73835 0.91302 1.6253 0.381705
2.1936 -1.73835 0.91302 1.62526 0.381688
2.19365 -1.73818 0.912965 1.62327 0.381879
2.1937 -1.73808 0.912935 1.6231 0.381985
2.19375 -1.73809 0.912937 1.62307 0.381955
2.1938 -1.73808 0.912935 1.62303 0.38195
2.19385 -1.7378 0.912843 1.61864 0.382276
2.1939 -1.73768 0.912805 1.61857 0.382405
2.19395 -1.73768 0.912805 1.61853 0.382388
2.194 -1.73753 0.912752 1.61982 0.382554
2.19405 -1.73747 0.912732 1.61974 0.382611
2.1941 -1.73747 0.912732 1.6197 0.382593
2.19415 -1.73747 0.912732 1.62296 0.382576
2.1942 -1.73747 0.912732 1.62293 0.382558
2.19425 -1.73747 0.912732 1.62289 0.382541
2.1943 -1.73747 0.912732 1.62285 0.382523
2.19435 -1.73747 0.912732 1.62282 0.382506
2.1944 -1.73747 0.912732 1.62278 0.382489
2.19445 -1.73747 0.912732 1.62274 0.382471
2.1945 -1.73747 0.912732 1.6227 0.382454
2.19455 -1.73747 0.912732 1.62267 0.382436
2.1946 -1.73747 0.912732 1.62263 0.382419
2.19465 -1.73747 0.912732 1.62259 0.382401
2.1947 -1.73747 0.912732 1.62256 0.382384
2.19475 -1.73747 0.912732 1.62252 0.382367
2.1948 -1.73747 0.912732 1.62248 0.382349
2.19485 -1.73747 0.912732 1.62245 0.382332
2.1949 -1.73747 0.912732 1.62241 0.382314
2.19495 -1.73747 0.912732 1.62237 0.382297
2.195 -1.73741 0.912715 1.62229 0.382353
2.19505 -1.73706 0.912593 1.61315 0.382764
2.1951 -1.73706 0.912593 1.61312 0.382746
2.19515 -1.73706 0.912593 1.61308 0.382729
2.1952 -1.73707 0.912597 1.61237 0.382699
2.19525 -1.73707 0.912597 1.61233 0.382682
2.1953 -1.73707 0.912597 1.61229 0.382665
2.19535 -1.73707 0.912597 1.61226 0.382647
2.1954 -1.73707 0.912597 1.61222 0.38263
2.19545 -1.73707 0.912597 1.61218 0.382612
2.1955 -1.73702 0.912582 1.61212 0.382656
2.19555 -1.73702 0.912582 1.61208 0.382639
2.1956 -1.73673 0.91249 1.61192 0.383009
2.19565 -1.73679 0.912515 1.61192 0.382918
2.1957 -1.73679 0.912515 1.61188 0.382901
2.19575 -1.73684 0.912532 1.62067 0.382855
2.1958 -1.73684 0.912532 1.62063 0.382838
2.19585 -1.73684 0.912532 1.6206 0.38282
2.1959 -1.73684 0.912532 1.62056 0.382803
2.19595 -1.73684 0.912532 1.62052 0.382786
2.196 -1.73684 0.912532 1.62049 0.382768
2.19605 -1.73675 0.912502 1.62038 0.382861
2.1961 -1.73675 0.912502 1.62034 0.382843
2.19615 -1.73675 0.912502 1.62031 0.382826
2.1962 -1.73679 0.912517 1.62031 0.38276
2.19625 -1.73679 0.912517 1.62027 0.382742
2.1963 -1.73679 0.912517 1.62023 0.382725
2.19635 -1.73674 0.912502 1.62016 0.382768
2.1964 -1.73674 0.912502 1.62012 0.382751
2.19645 -1.73674 0.912502 1.62009 0.382734
2.1965 -1.73674 0.912502 1.62005 0.382716
2.19655 -1.73658 0.912452 1.6198 0.382894
2.1966 -1.73636 0.912375 1.61678 0.383145
2.19665 -1.73636 0.912375 1.61674 0.383128
2.1967 -1.73636 0.912375 1.6167 0.38311
2.19675 -1.73636 0.912375 1.61667 0.383093
2.1968 -1.73636 0.912375 1.61663 0.383076
2.19685 -1.7363 0.912353 1.61666 0.383065
2.1969 -1.73625 0.912335 1.62062 0.383109
2.19695 -1.73625 0.912335 1.62059 0.383091
2.197 -1.73622 0.912323 1.62052 0.38311
2.19705 -1.73622 0.912323 1.62049 0.383093
2.1971 -1.73622 0.912323 1.62045 0.383075
2.19715 -1.73621 0.91232 1.62041 0.38307
2.1972 -1.73621 0.91232 1.62037 0.383053
2.19725 -1.73621 0.91232 1.62033 0.383035
2.1973 -1.73621 0.91232 1.6203 0.383018
2.19735 -1.73601 0.912253 1.61568 0.383244
2.1974 -1.73601 0.912253 1.61565 0.383227
2.19745 -1.73601 0.912253 1.61561 0.38321
2.1975 -1.73601 0.912253 1.61557 0.383192
2.19755 -1.73601 0.912253 1.61554 0.383175
2.1976 -1.73597 0.912238 1.61585 0.383206
2.19765 -1.73597 0.912238 1.61581 0.383189
2.1977 -1.73597 0.912238 1.61577 0.383171
2.19775 -1.73597 0.912238 1.61574 0.383154
2.1978 -1.73619 0.912308 1.61958 0.382868
2.19785 -1.73618 0.912303 1.61953 0.382863
2.1979 -1.73618 0.912303 1.61949 0.382845
2.19795 -1.73618 0.912303 1.61946 0.382828
2.198 -1.73618 0.912303 1.61942 0.382811
2.19805 -1.73612 0.912288 1.61934 0.382866
2.1981 -1.73612 0.912288 1.6193 0.382849
2.19815 -1.73612 0.912288 1.61927 0.382831
2.1982 -1.73612 0.912288 1.61923 0.382814
2.19825 -1.73614 0.912295 1.61938 0.382772
2.1983 -1.73604 0.912255 1.62017 0.382877
2.19835 -1.73604 0.912255 1.62013 0.382859
2.1984 -1.73604 0.912255 1.62009 0.382842
2.19845 -1.73588 0.912207 1.61984 0.383052
2.1985 -1.73588 0.912207 1.61981 0.383035
2.19855 -1.73588 0.912207 1.61977 0.383018
2.1986 -1.73588 0.912207 1.61973 0.383
2.19865 -1.73588 0.912207 1.6197 0.382983
2.1987 -1.73588 0.912207 1.61966 0.382965
2.19875 -1.73594 0.912233 1.6197 0.382875
2.1988 -1.73594 0.912233 1.61967 0.382857
2.19885 -1.7355 0.912077 1.61861 0.383376
2.1989 -1.73536 0.912035 1.61846 0.383529
2.19895 -1.73515 0.911965 1.61829 0.383767
2.199 -1.73521 0.911987 1.6183 0.383676
2.19905 -1.73516 0.911972 1.61895 0.38372
2.1991 -1.73516 0.911972 1.61892 0.383702
2.19915 -1.73516 0.911972 1.61888 0.383685
2.1992 -1.73516 0.911972 1.61884 0.383667
2.19925 -1.73517 0.911977 1.61754 0.383638
2.1993 -1.73517 0.911977 1.6175 0.38362
2.19935 -1.73513 0.911963 1.61861 0.383651
2.1994 -1.73513 0.911963 1.61858 0.383634
2.19945 -1.73512 0.911955 1.61714 0.383629
2.1995 -1.73509 0.911948 1.61709 0.383648
2.19955 -1.73509 0.911948 1.61705 0.38363
2.1996 -1.73509 0.911948 1.61701 0.383613
2.19965 -1.73509 0.911948 1.61698 0.383595
2.1997 -1.73509 0.911948 1.61694 0.383578
2.19975 -1.73509 0.911948 1.6169 0.38356
2.1998 -1.73509 0.911948 1.61687 0.383543
2.19985 -1.73506 0.911937 1.6163 0.383562
2.1999 -1.73506 0.911937 1.61626 0.383545
2.19995 -1.73511 0.911955 1.61626 0.383466
