2.2875 -1.37965 0.474352 75.8531 2.5601
2.28788 -1.38257 0.466077 96.7561 2.24967
2.28825 -1.40107 0.59483 30.5073 2.10256
2.28863 -1.37171 0.462886 43.1714 1.96741
2.289 -1.37579 0.468586 90.3894 2.29369
2.28938 -1.38316 0.510667 58.4654 2.00617
2.28975 -1.36511 0.38078 150.897 2.77618
2.29013 -1.37263 0.432015 123.171 2.31576
2.2905 -1.37325 0.467525 93.7579 2.44698
2.29088 -1.38307 0.547027 24.2262 1.89275
2.29125 -1.38005 0.494128 51.8317 2.2046
2.29163 -1.36716 0.443562 72.8592 1.99619
2.292 -1.39485 0.586302 39.7877 2.29832
2.29238 -1.36053 0.409554 95.2694 2.39633
2.29275 -1.36997 0.450644 104.971 2.51629
2.29313 -1.36209 0.393905 95.4798 2.10527
2.2935 -1.35943 0.419723 77.9824 2.02453
2.29387 -1.35465 0.366679 103.72 1.8858
2.29425 -1.35947 0.38594 97.5399 2.08696
2.29462 -1.3511 0.330826 116.904 2.19599
2.295 -1.35886 0.393829 74.3425 1.84457
2.29537 -1.35614 0.41337 69.8813 2.19328
2.29575 -1.36806 0.460111 89.6013 2.17105
2.29612 -1.35388 0.347779 121.792 2.41297
2.2965 -1.35271 0.340603 103.403 1.9458
2.29688 -1.36699 0.478887 55.6612 2.02834
2.29725 -1.35532 0.413576 89.4041 2.16606
2.29763 -1.36566 0.458574 102.591 2.46733
2.298 -1.35878 0.387621 118.756 2.20152
2.29838 -1.35685 0.380518 122.352 2.20297
2.29875 -1.36729 0.488266 81.6068 2.15169
2.29913 -1.34797 0.362926 99.3915 1.93396
2.2995 -1.34906 0.353988 93.1628 1.9664
2.29988 -1.36994 0.506633 60.4453 2.24428
2.30025 -1.36117 0.472007 70.2434 2.09366
2.30063 -1.34969 0.340734 114.129 2.15439
2.301 -1.33547 0.252928 109.971 2.11229
2.30138 -1.34747 0.387913 83.7979 1.92225
2.30175 -1.35163 0.418196 72.3293 1.88839
2.30213 -1.3397 0.321698 93.0392 1.93884
2.3025 -1.33995 0.342251 105.716 2.11718
2.30288 -1.33979 0.337347 68.0145 1.67044
2.30325 -1.35055 0.429698 81.8863 2.28504
2.30363 -1.3415 0.356504 76.4592 1.96518
2.304 -1.33772 0.330792 96.5996 1.74792
2.30438 -1.32758 0.224827 74.7491 1.59429
2.30475 -1.33267 0.296232 77.77 1.91888
2.30513 -1.33855 0.357232 90.7885 2.09271
2.3055 -1.33849 0.367289 76.2143 1.80624
2.30588 -1.32967 0.274084 85.3933 1.63927
2.30625 -1.35094 0.432398 109.582 2.27991
2.30662 -1.33803 0.319512 108.649 2.15547
2.307 -1.33676 0.322935 91.4359 1.90831
2.30737 -1.33061 0.272834 101.086 1.96308
2.30775 -1.33801 0.339175 104.672 2.0172
2.30812 -1.33782 0.401167 51.9086 1.78465
2.3085 -1.32539 0.270636 80.8094 1.70639
2.30888 -1.33932 0.401537 79.1371 2.14272
2.30925 -1.33354 0.312877 93.0743 1.79953
2.30963 -1.33816 0.360693 108.523 2.05067
2.31 -1.3336 0.302104 91.7001 1.83713
2.31038 -1.34194 0.403915 89.2218 2.0822
2.31075 -1.33873 0.410182 84.2904 2.09694
2.31113 -1.33366 0.393854 51.8693 1.86164
2.3115 -1.32593 0.289858 95.7833 1.79035
2.31188 -1.3239 0.316658 91.8883 1.75887
2.31225 -1.32976 0.318738 96.3601 1.98746
2.31263 -1.32596 0.307049 92.7772 1.94337
2.313 -1.32656 0.342793 76.5305 2.24076
2.31338 -1.32317 0.273333 85.0877 1.85794
2.31375 -1.31676 0.253354 67.9524 1.7773
2.31413 -1.32294 0.275596 100.177 2.0486
2.3145 -1.31342 0.242028 52.5921 1.5155
2.31488 -1.30855 0.175294 51.6321 1.47178
2.31525 -1.3158 0.276337 68.6688 1.58578
2.31563 -1.32039 0.314547 73.3895 1.56883
2.316 -1.31253 0.265528 74.4338 1.69301
2.31638 -1.32636 0.336856 96.7204 1.86677
2.31675 -1.32647 0.349454 98.8146 2.00828
2.31713 -1.3234 0.317348 81.0173 1.7276
2.3175 -1.32785 0.370699 96.0933 2.10068
2.31788 -1.31412 0.29664 77.3366 1.59327
2.31825 -1.30981 0.209914 81.2059 1.64534
2.31863 -1.31675 0.310788 71.2949 1.82697
2.319 -1.31955 0.328341 82.779 1.79611
2.31937 -1.31258 0.257266 64.9313 1.62564
2.31975 -1.30817 0.266894 78.4516 1.70833
2.32012 -1.31285 0.285639 88.0054 1.86737
2.3205 -1.31476 0.303353 68.0687 1.66228
2.32088 -1.30965 0.285715 67.4196 1.89561
2.32125 -1.30797 0.24189 65.8869 1.65149
2.32163 -1.31819 0.326564 87.4058 1.7576
2.322 -1.3072 0.295283 81.5486 1.78117
2.32238 -1.32052 0.358299 73.9158 1.83686
2.32275 -1.29733 0.179713 53.1809 1.48098
2.32313 -1.31064 0.333809 62.103 1.61983
2.3235 -1.30026 0.220297 44.8921 1.41342
2.32388 -1.30432 0.244082 53.2633 1.57784
2.32425 -1.29941 0.184813 61.4629 1.46963
2.32463 -1.31215 0.321721 88.2334 1.83628
