2.25 -1.46761 0.694316 19.8077 1.91045
2.25038 -1.45526 0.62398 69.8263 2.60229
2.25075 -1.46576 0.699257 8.18125 1.52782
2.25113 -1.4516 0.636166 47.4536 2.21333
2.2515 -1.4421 0.558282 95.5148 2.60282
2.25188 -1.45605 0.669308 20.6477 2.04839
2.25225 -1.45839 0.66906 24.7309 2.02774
2.25263 -1.4691 0.707333 10.4267 1.81331
2.253 -1.45822 0.675487 16.9939 1.94831
2.25338 -1.44751 0.600847 67.4494 2.29724
2.25375 -1.45546 0.662492 25.8735 2.11349
2.25413 -1.46497 0.70037 10.4709 1.55885
2.2545 -1.46429 0.700849 10.5319 1.70481
2.25488 -1.463 0.701351 10.6422 1.73774
2.25525 -1.4332 0.588153 33.0159 1.97981
2.25563 -1.46798 0.718949 5.59196 1.51162
2.256 -1.45665 0.684002 14.9867 1.83196
2.25637 -1.45437 0.671477 23.6489 2.07918
2.25675 -1.45185 0.67405 13.6873 1.89359
2.25712 -1.46878 0.717794 6.12124 1.51896
2.2575 -1.43798 0.600302 48.3165 2.22152
2.25787 -1.45057 0.662335 20.5333 1.91093
2.25825 -1.44518 0.639614 36.1524 1.94298
2.25862 -1.44851 0.642725 44.2016 2.11613
2.259 -1.45614 0.684135 12.5709 1.80364
2.25937 -1.43757 0.618798 31.9552 1.92316
2.25975 -1.42901 0.572562 60.3863 2.33731
2.26012 -1.44438 0.645434 41.6731 2.3968
2.2605 -1.43721 0.613947 42.2744 2.28802
2.26087 -1.45611 0.691033 11.9453 1.76233
2.26125 -1.42988 0.59227 44.3477 2.14944
2.26162 -1.43483 0.612921 45.5709 2.05822
2.262 -1.44139 0.641326 40.5408 2.077
2.26238 -1.4499 0.672061 14.2269 1.6307
2.26275 -1.43806 0.63204 31.8472 2.05843
2.26313 -1.44037 0.650553 23.1342 1.93582
2.2635 -1.43233 0.616527 44.0556 2.38031
2.26388 -1.44566 0.67347 16.6491 1.86188
2.26425 -1.42606 0.602513 29.2296 2.13821
2.26463 -1.43589 0.647629 15.9752 1.86571
2.265 -1.4504 0.690628 8.84216 1.72213
2.26538 -1.439 0.657206 15.8755 1.79012
2.26575 -1.43134 0.616651 37.4501 2.15049
2.26613 -1.43373 0.639702 20.7863 1.92402
2.2665 -1.39275 0.419036 90.9955 2.23671
2.26688 -1.42414 0.616632 29.2698 2.01687
2.26725 -1.41734 0.53792 92.1378 2.55323
2.26763 -1.44072 0.66825 14.734 1.9207
2.268 -1.40298 0.478854 82.4659 2.50912
2.26838 -1.43194 0.63368 25.8032 1.90626
2.26875 -1.42493 0.610034 48.3488 2.26117
2.26912 -1.43477 0.654507 18.5236 2.06923
2.2695 -1.41033 0.547862 51.9373 2.50396
2.26987 -1.41482 0.5697 50.532 2.25762
2.27025 -1.42683 0.62658 21.6609 1.91018
2.27062 -1.41877 0.5896 38.0482 2.09184
2.271 -1.42869 0.647114 15.1083 1.81206
2.27137 -1.40984 0.561672 48.6869 2.27968
2.27175 -1.42786 0.639806 17.378 1.90225
2.27212 -1.43354 0.657019 19.2316 1.85413
2.2725 -1.43299 0.656915 12.6416 1.76948
2.27287 -1.39662 0.503678 67.3392 2.59497
2.27325 -1.41561 0.585629 35.6909 2.14481
2.27363 -1.42177 0.624013 25.2192 1.94917
2.274 -1.40697 0.555788 46.5946 2.03228
2.27438 -1.4151 0.604179 31.5093 1.95123
2.27475 -1.4069 0.569444 54.8259 2.19983
2.27513 -1.41692 0.571687 66.4965 2.16315
2.2755 -1.42584 0.645742 17.1723 1.85074
2.27588 -1.42075 0.63619 14.1083 1.75667
2.27625 -1.41673 0.612826 32.7943 2.08577
2.27663 -1.41143 0.575141 50.8482 2.25028
2.277 -1.41386 0.603067 28.7873 1.98701
2.27738 -1.4069 0.581132 35.7404 1.96311
2.27775 -1.39672 0.515222 69.8121 2.51696
2.27813 -1.41057 0.572147 50.0316 2.25268
2.2785 -1.41654 0.61664 38.6037 2.01838
2.27888 -1.40044 0.548346 55.4256 2.27703
2.27925 -1.38838 0.472928 86.8768 2.46826
2.27963 -1.41183 0.595706 42.3765 2.18863
2.28 -1.39605 0.522369 70.6047 2.33222
2.28038 -1.40771 0.592011 29.0811 1.93234
2.28075 -1.40373 0.574988 46.0629 2.20468
2.28113 -1.38456 0.475825 67.0341 2.25419
2.2815 -1.40423 0.585138 32.3078 2.08899
2.28187 -1.39818 0.543413 56.1237 2.57501
2.28225 -1.40224 0.571921 28.4103 1.95977
2.28262 -1.40056 0.585231 27.7529 1.99767
2.283 -1.38822 0.537309 39.2829 1.95493
2.28337 -1.38975 0.49263 66.0885 2.39209
2.28375 -1.40078 0.568668 43.5796 2.15731
2.28412 -1.39741 0.573619 28.6127 1.96575
2.2845 -1.39497 0.543077 52.8834 2.15523
2.28487 -1.38959 0.522895 62.2114 2.31015
2.28525 -1.40843 0.618777 21.3221 1.9639
2.28563 -1.38918 0.537411 46.2376 2.08655
2.286 -1.39185 0.55522 35.4959 2.01718
2.28638 -1.39108 0.512002 68.8631 2.23545
2.28675 -1.38232 0.489252 61.0246 2.182
2.28713 -1.38932 0.528339 44.0762 1.92698
