2.2125 -1.52865 0.770979 4.20993 1.41277
2.21287 -1.5304 0.77522 3.82425 1.41125
2.21325 -1.52654 0.761872 6.46904 1.50058
2.21362 -1.52612 0.766317 4.71888 1.47174
2.214 -1.52189 0.747377 14.1945 1.70683
2.21437 -1.52858 0.772201 3.73728 1.41155
2.21475 -1.52735 0.767646 6.35453 1.52761
2.21513 -1.52633 0.767864 4.59583 1.45623
2.2155 -1.52475 0.76496 6.14077 1.5401
2.21588 -1.52451 0.766108 4.6313 1.42524
2.21625 -1.52075 0.757327 7.21111 1.59867
2.21663 -1.52525 0.770747 3.62863 1.42077
2.217 -1.52391 0.765421 5.19682 1.54565
2.21738 -1.51494 0.731786 23.9134 1.99545
2.21775 -1.52262 0.767557 4.75083 1.51072
2.21813 -1.52322 0.766372 4.56674 1.44069
2.2185 -1.51605 0.749629 7.99389 1.4968
2.21887 -1.51672 0.747719 11.8063 1.6622
2.21925 -1.51399 0.746652 7.738 1.59086
2.21962 -1.5208 0.764868 4.30375 1.40369
2.22 -1.51884 0.76044 6.0214 1.52099
2.22037 -1.52091 0.765182 4.55458 1.39436
2.22075 -1.51432 0.75225 5.97936 1.49233
2.22112 -1.51743 0.759666 4.66122 1.38841
2.2215 -1.51181 0.742256 15.474 1.75663
2.22187 -1.51484 0.75682 5.4004 1.62344
2.22225 -1.50883 0.736308 13.2455 1.80828
2.22262 -1.51494 0.755452 6.63591 1.58692
2.223 -1.51619 0.758447 6.58217 1.54129
2.22337 -1.51173 0.749103 10.2735 1.7914
2.22375 -1.51428 0.758107 4.41818 1.3405
2.22412 -1.51197 0.752706 7.21629 1.64908
2.2245 -1.50858 0.740489 10.3608 1.63067
2.22487 -1.51208 0.756001 5.03554 1.52818
2.22525 -1.50586 0.738818 9.21983 1.70187
2.22562 -1.51049 0.75327 5.00421 1.51658
2.226 -1.50503 0.737862 9.17577 1.60596
2.22637 -1.50566 0.740367 7.13044 1.55302
2.22675 -1.51141 0.75673 5.40345 1.51928
2.22713 -1.50703 0.748834 5.61225 1.50997
2.2275 -1.50548 0.743727 6.53955 1.53317
2.22788 -1.50409 0.742501 6.29066 1.54853
2.22825 -1.50136 0.726884 16.3241 1.87329
2.22863 -1.50261 0.734582 12.1646 1.73407
2.229 -1.4995 0.730867 10.6721 1.75288
2.22938 -1.50426 0.744796 7.52525 1.61266
2.22975 -1.50008 0.735348 7.39836 1.64653
2.23013 -1.49793 0.729123 14.714 1.9287
2.2305 -1.50369 0.745464 6.57839 1.55302
2.23088 -1.49561 0.71718 19.9679 1.8501
2.23125 -1.50271 0.745519 4.80235 1.48847
2.23162 -1.49645 0.722371 21.7585 1.65254
2.232 -1.49146 0.692958 36.0403 2.07032
2.23237 -1.49958 0.735979 7.70327 1.53673
2.23275 -1.5018 0.745895 6.42086 1.51301
2.23312 -1.49659 0.734713 7.68031 1.58885
2.2335 -1.49662 0.734983 7.98529 1.61447
2.23387 -1.5001 0.742731 6.46853 1.56198
2.23425 -1.4848 0.69223 25.14 1.92519
2.23462 -1.4965 0.734158 7.64712 1.56064
2.235 -1.49519 0.734122 6.52429 1.6336
2.23537 -1.49438 0.732517 8.53701 1.56986
2.23575 -1.49809 0.743159 5.33937 1.4931
2.23612 -1.48627 0.708168 19.8372 1.89157
2.2365 -1.49415 0.738273 5.91403 1.50645
2.23687 -1.48737 0.710917 21.5352 1.67866
2.23725 -1.48537 0.712928 10.7692 1.68228
2.23762 -1.49133 0.730969 8.89065 1.64669
2.238 -1.48339 0.710781 14.1991 1.88801
2.23838 -1.49318 0.734047 10.0067 1.72648
2.23875 -1.49153 0.73564 5.43577 1.55235
2.23913 -1.49002 0.731972 6.36136 1.42529
2.2395 -1.48725 0.724497 9.22984 1.66468
2.23988 -1.48197 0.708774 11.1602 1.66166
2.24025 -1.47589 0.67807 42.4134 1.94225
2.24063 -1.48686 0.723373 9.36366 1.75698
2.241 -1.47698 0.696016 11.6866 1.64637
2.24138 -1.48547 0.722489 9.09691 1.55599
2.24175 -1.48192 0.719332 8.55248 1.63003
2.24213 -1.47886 0.705711 14.0223 1.70395
2.2425 -1.47114 0.680605 25.3087 1.87138
2.24288 -1.47245 0.680534 29.9728 2.20887
2.24325 -1.48033 0.714403 12.4469 1.82656
2.24363 -1.47873 0.712122 12.4118 1.88398
2.244 -1.47837 0.715374 7.92915 1.61968
2.24437 -1.47109 0.679011 26.2953 2.02192
2.24475 -1.47903 0.708161 11.4807 1.67796
2.24512 -1.46239 0.656761 23.1359 2.10546
2.2455 -1.47189 0.687462 28.6402 2.10898
2.24587 -1.47813 0.713925 8.95369 1.69724
2.24625 -1.47864 0.7191 6.38199 1.54782
2.24662 -1.47872 0.717946 12.2252 1.72684
2.247 -1.47093 0.700168 15.6366 1.93494
2.24737 -1.4755 0.706055 13.1509 1.70165
2.24775 -1.46951 0.68954 15.3118 1.77055
2.24812 -1.47581 0.712574 9.80377 1.58762
2.2485 -1.45949 0.642431 44.1958 1.98832
2.24887 -1.46879 0.693459 13.1548 1.67998
2.24925 -1.47103 0.698129 14.527 1.79339
2.24962 -1.46784 0.690394 18.3618 1.95005
