2.1 -1.66229 0.869031 0.79845 0.912458
2.10038 -1.66269 0.8697 0.887021 0.983048
2.10075 -1.66124 0.868095 0.977588 0.949954
2.10113 -1.6631 0.870093 0.803902 0.907677
2.1015 -1.66144 0.868573 0.896476 0.948313
2.10188 -1.6617 0.869135 0.919528 0.973777
2.10225 -1.66026 0.868002 0.935275 0.942398
2.10263 -1.66023 0.868135 0.893907 0.960037
2.103 -1.65969 0.867448 0.962556 0.990621
2.10338 -1.65851 0.866783 0.920862 0.974419
2.10375 -1.65878 0.867405 0.872363 0.933163
2.10413 -1.65816 0.866458 0.903175 0.968438
2.1045 -1.65856 0.866675 0.933582 0.952988
2.10488 -1.65653 0.864038 1.25416 1.02056
2.10525 -1.65723 0.865934 0.967523 0.976071
2.10563 -1.65771 0.866255 0.995474 0.991342
2.106 -1.65634 0.865551 0.921725 0.959346
2.10637 -1.65575 0.86552 0.979362 1.02183
2.10675 -1.65448 0.863621 1.09845 1.06117
2.10712 -1.65433 0.863778 1.01578 1.01483
2.1075 -1.6549 0.864703 0.959094 0.969211
2.10787 -1.6527 0.861884 1.29986 1.05092
2.10825 -1.65547 0.865514 0.967244 0.981298
2.10862 -1.65289 0.863384 0.954086 0.973434
2.109 -1.65441 0.864983 1.023 1.01929
2.10938 -1.65267 0.863788 0.953484 1.00448
2.10975 -1.65075 0.860419 1.17958 1.00429
2.11013 -1.65241 0.863489 0.853673 0.920916
2.1105 -1.65286 0.864063 0.931521 0.956078
2.11088 -1.65105 0.861285 1.12974 1.03212
2.11125 -1.65168 0.862738 1.03182 0.987618
2.11163 -1.65068 0.861787 1.0806 0.977968
2.112 -1.65122 0.863183 1.0118 1.01318
2.11238 -1.65009 0.861648 1.10846 1.00315
2.11275 -1.65003 0.861945 1.05252 1.00206
2.11313 -1.65053 0.862975 0.847364 0.932813
2.1135 -1.64819 0.860875 1.09769 1.0337
2.11388 -1.64717 0.85923 1.22962 1.07436
2.11425 -1.6466 0.859503 1.17656 1.05913
2.11463 -1.64815 0.86097 1.03154 1.00078
2.115 -1.64779 0.860626 1.00466 1.0221
2.11538 -1.64605 0.858564 1.14005 0.99391
2.11575 -1.64676 0.859768 1.16405 0.975418
2.11613 -1.64482 0.857715 1.44888 1.09184
2.1165 -1.64661 0.860356 1.04087 1.01853
2.11688 -1.64255 0.853663 1.92614 1.02868
2.11725 -1.64608 0.859628 1.16185 1.01018
2.11763 -1.64458 0.858423 1.18921 0.971911
2.118 -1.64479 0.858537 1.16544 1.02013
2.11838 -1.64465 0.858904 1.11341 1.02012
2.11875 -1.64398 0.858756 0.958227 0.993214
2.11912 -1.64541 0.859648 1.06552 0.98543
2.1195 -1.64151 0.855615 1.27734 1.06043
2.11987 -1.64388 0.858187 1.21223 0.990156
2.12025 -1.64267 0.857057 1.24195 1.03318
2.12062 -1.64197 0.856477 1.26521 1.01485
2.121 -1.6407 0.854892 1.54262 1.08292
2.12138 -1.63892 0.853878 1.2768 1.05704
2.12175 -1.64077 0.856081 1.25503 1.04857
2.12213 -1.6416 0.85675 1.14176 1.02505
2.1225 -1.63998 0.855094 1.29828 1.06767
2.12288 -1.63881 0.855139 1.17157 1.06066
2.12325 -1.63701 0.852786 1.24089 1.03677
2.12363 -1.63777 0.854208 1.25435 1.05336
2.124 -1.63793 0.85466 1.14718 0.999682
2.12438 -1.63827 0.854378 1.40497 1.1014
2.12475 -1.63808 0.855231 1.03425 1.04202
2.12513 -1.63631 0.852443 1.56519 1.07293
2.1255 -1.63543 0.851452 1.49332 1.08431
2.12588 -1.63569 0.852549 1.31614 1.07718
2.12625 -1.63736 0.854462 1.01367 0.957503
2.12663 -1.6365 0.853766 1.11096 0.95799
2.127 -1.63521 0.852372 1.32501 1.03484
2.12738 -1.63562 0.853372 1.23868 1.06933
2.12775 -1.63451 0.852213 1.14491 1.01405
2.12813 -1.63304 0.851364 1.26073 1.03681
2.1285 -1.63326 0.850645 1.36493 1.02405
2.12888 -1.63268 0.852651 1.03085 1.01788
2.12925 -1.63333 0.850122 1.95833 1.08021
2.12963 -1.63228 0.850712 1.45435 0.970796
2.13 -1.63477 0.85423 1.14142 1.08287
2.13038 -1.63096 0.850038 1.21647 1.06207
2.13075 -1.63119 0.849747 1.22029 1.01827
2.13113 -1.63051 0.848758 1.38991 1.045
2.1315 -1.62958 0.848111 1.59418 1.07401
2.13187 -1.62847 0.847983 1.22619 1.02986
2.13225 -1.62829 0.84786 1.24214 1.00317
2.13262 -1.63146 0.852032 1.18646 1.06489
2.133 -1.62929 0.849324 1.55115 1.13085
2.13338 -1.62783 0.847996 1.4277 1.02546
2.13375 -1.62766 0.848237 1.29378 1.0303
2.13413 -1.62785 0.84811 1.39602 1.05652
2.1345 -1.6272 0.847655 1.3472 1.08499
2.13488 -1.62724 0.847056 1.45979 1.04719
2.13525 -1.62688 0.848527 1.08377 1.00326
2.13563 -1.62694 0.848614 1.26725 1.06397
2.136 -1.62384 0.845343 1.40398 1.11053
2.13638 -1.62299 0.842872 1.70561 1.07611
2.13675 -1.62314 0.843882 1.78348 1.12477
2.13713 -1.62236 0.842951 1.50909 1.01024
