2.175 -1.57848 0.809487 3.40867 1.23977
2.17537 -1.57598 0.807157 3.27085 1.39513
2.17575 -1.58007 0.814299 2.52344 1.24453
2.17612 -1.57682 0.811689 2.27314 1.22439
2.1765 -1.58086 0.816806 2.19261 1.20044
2.17687 -1.57879 0.81462 2.27017 1.26803
2.17725 -1.57301 0.795218 10.2387 1.51197
2.17762 -1.57632 0.812059 2.53872 1.23508
2.178 -1.57695 0.812765 2.2202 1.19817
2.17837 -1.57923 0.813148 2.92872 1.18723
2.17875 -1.5754 0.809365 3.04407 1.30495
2.17912 -1.57084 0.801949 4.01245 1.39219
2.1795 -1.57223 0.805879 3.36298 1.3925
2.17988 -1.57267 0.8046 3.88297 1.29345
2.18025 -1.57417 0.812663 2.01436 1.25716
2.18063 -1.57026 0.800058 5.60673 1.42298
2.181 -1.56819 0.795946 5.89087 1.41763
2.18137 -1.56982 0.80504 2.64035 1.26101
2.18175 -1.56916 0.80139 3.65309 1.31122
2.18212 -1.5711 0.807976 2.5653 1.26865
2.1825 -1.56675 0.798683 4.09269 1.44667
2.18287 -1.56958 0.805134 3.46829 1.33175
2.18325 -1.56848 0.807057 2.459 1.25241
2.18362 -1.5696 0.807107 2.57334 1.29548
2.184 -1.56619 0.800749 3.70232 1.38133
2.18437 -1.57359 0.813515 1.9711 1.22815
2.18475 -1.5676 0.809036 2.00295 1.19747
2.18512 -1.56482 0.797002 4.74798 1.36312
2.1855 -1.56874 0.805027 3.36657 1.33479
2.18587 -1.5698 0.808845 2.38485 1.24027
2.18625 -1.56475 0.804182 2.66955 1.34419
2.18662 -1.56238 0.80066 2.88444 1.27439
2.187 -1.56208 0.796366 4.16777 1.42611
2.18737 -1.5669 0.806471 2.46454 1.25542
2.18775 -1.5689 0.81031 2.1955 1.23644
2.18812 -1.56389 0.804447 2.48679 1.27201
2.1885 -1.56221 0.801635 2.81464 1.2888
2.18887 -1.55802 0.792608 4.32443 1.41463
2.18925 -1.55531 0.773926 12.3699 1.57504
2.18962 -1.56167 0.802193 2.44499 1.22693
2.19 -1.56083 0.798551 3.27191 1.36482
2.19037 -1.56204 0.802472 2.69772 1.29423
2.19075 -1.55629 0.794128 3.03021 1.30409
2.19112 -1.56263 0.804273 2.47825 1.24622
2.1915 -1.55564 0.787176 6.83419 1.54138
2.19188 -1.55781 0.797547 2.60833 1.27038
2.19225 -1.55686 0.790804 4.45112 1.34006
2.19263 -1.55394 0.786075 5.37201 1.47906
2.193 -1.55557 0.791812 4.07564 1.34288
2.19338 -1.55461 0.794285 3.09477 1.32865
2.19375 -1.55339 0.792733 3.13535 1.3198
2.19412 -1.55253 0.790432 3.36465 1.39883
2.1945 -1.55556 0.79484 3.49742 1.41089
2.19487 -1.55573 0.794937 3.74609 1.41806
2.19525 -1.54727 0.780946 5.61176 1.45121
2.19562 -1.54662 0.771713 9.68253 1.63985
2.196 -1.54848 0.785028 4.18801 1.39343
2.19637 -1.54774 0.78425 3.68245 1.34768
2.19675 -1.55228 0.791019 3.66516 1.3974
2.19712 -1.55191 0.788518 4.74438 1.38573
2.1975 -1.55373 0.795913 3.06822 1.31235
2.19787 -1.54854 0.788776 3.01494 1.32855
2.19825 -1.54354 0.776613 5.19559 1.40116
2.19862 -1.55084 0.792078 2.88441 1.27964
2.199 -1.55219 0.795565 2.75494 1.3224
2.19937 -1.54583 0.787924 2.76942 1.28173
2.19975 -1.55139 0.794495 3.12468 1.34496
2.20012 -1.55174 0.795433 2.56906 1.26473
2.2005 -1.5404 0.773973 5.51536 1.51791
2.20087 -1.55184 0.79369 3.35138 1.35062
2.20125 -1.5473 0.790497 3.00835 1.34538
2.20162 -1.54451 0.784455 3.71921 1.40609
2.202 -1.54391 0.784404 3.92957 1.39897
2.20237 -1.54524 0.78541 3.82391 1.39898
2.20275 -1.54459 0.788085 2.78753 1.33652
2.20312 -1.54412 0.783111 5.22849 1.42823
2.2035 -1.54437 0.78577 3.82697 1.42607
2.20388 -1.54336 0.786946 3.70897 1.3791
2.20425 -1.54291 0.784428 3.86807 1.36724
2.20463 -1.53355 0.757782 12.5422 1.6052
2.205 -1.53774 0.776877 4.50228 1.48983
2.20538 -1.54098 0.779895 4.5863 1.46848
2.20575 -1.54121 0.786453 2.93144 1.3117
2.20613 -1.53915 0.779815 4.23114 1.3863
2.2065 -1.53915 0.779043 4.7516 1.45918
2.20687 -1.53688 0.779638 3.7131 1.43711
2.20725 -1.52931 0.755465 12.1928 1.67203
2.20762 -1.53398 0.774583 4.0042 1.44362
2.208 -1.53338 0.776073 4.07834 1.37815
2.20837 -1.53147 0.769827 5.23561 1.57038
2.20875 -1.53403 0.772804 5.15118 1.44464
2.20912 -1.53517 0.779746 3.59643 1.40039
2.2095 -1.52983 0.763429 9.0317 1.63207
2.20987 -1.53458 0.770959 7.55096 1.53207
2.21025 -1.53399 0.778483 3.35691 1.37837
2.21062 -1.52646 0.753893 13.0334 1.73749
2.211 -1.52838 0.766822 5.3344 1.55708
2.21137 -1.53143 0.775783 3.32144 1.37663
2.21175 -1.5265 0.759785 9.50617 1.56374
2.21212 -1.52937 0.764817 7.78127 1.52295
