2.2875 -1.39203 0.568651 28.2183 2.0427
2.28788 -1.39239 0.579702 22.2052 2.04365
2.28825 -1.38513 0.554307 25.383 1.91314
2.28863 -1.39378 0.58868 22.1838 1.92397
2.289 -1.3898 0.574785 25.1359 1.98732
2.28938 -1.37075 0.487679 35.4768 2.06011
2.28975 -1.38771 0.550363 32.818 2.10394
2.29013 -1.38579 0.574408 21.4059 1.86227
2.2905 -1.40238 0.623774 13.5975 1.80736
2.29088 -1.37573 0.541514 23.5942 1.80619
2.29125 -1.38448 0.561407 24.8498 1.92687
2.29163 -1.38529 0.563903 28.081 2.16283
2.292 -1.37384 0.522595 30.1591 2.02393
2.29238 -1.39333 0.593008 21.1381 1.84665
2.29275 -1.38423 0.552189 31.3099 2.05095
2.29313 -1.38179 0.557786 25.4156 1.9723
2.2935 -1.38914 0.581741 23.663 2.12407
2.29387 -1.37905 0.55368 24.7447 1.99204
2.29425 -1.38983 0.586061 21.3551 1.84296
2.29462 -1.38419 0.56114 27.3681 1.92771
2.295 -1.37495 0.53315 30.0884 2.03472
2.29537 -1.36601 0.497879 37.4962 2.16852
2.29575 -1.37514 0.540951 26.3813 1.87871
2.29612 -1.39054 0.591035 19.3458 1.77247
2.2965 -1.38763 0.594628 18.5134 1.83496
2.29688 -1.38269 0.562241 27.3816 1.93383
2.29725 -1.37998 0.569629 21.6831 1.88814
2.29763 -1.35626 0.474359 37.0148 2.01475
2.298 -1.37092 0.536934 25.7752 1.94463
2.29838 -1.37951 0.570204 20.8852 1.89679
2.29875 -1.38361 0.584959 19.2455 1.86023
2.29913 -1.35349 0.469012 35.1774 2.00404
2.2995 -1.37044 0.545065 26.2019 1.87811
2.29988 -1.3625 0.4935 32.5005 2.03996
2.30025 -1.37219 0.54773 29.9032 2.1184
2.30063 -1.37043 0.541646 28.3041 2.05881
2.301 -1.36916 0.528623 31.2277 2.04795
2.30138 -1.36271 0.511973 34.929 2.27539
2.30175 -1.36733 0.535608 28.6709 2.1141
2.30213 -1.35098 0.485141 28.5055 1.95464
2.3025 -1.36801 0.543301 22.7635 1.81014
2.30288 -1.34377 0.452882 36.2368 2.12539
2.30325 -1.37299 0.564682 21.2444 1.89671
2.30363 -1.35484 0.497112 31.1413 2.008
2.304 -1.35032 0.4903 32.5704 2.05388
2.30438 -1.35678 0.490601 34.5933 2.11009
2.30475 -1.34931 0.473609 36.0833 2.13293
2.30513 -1.35028 0.480889 33.03 1.98071
2.3055 -1.36295 0.530173 28.512 2.10869
2.30588 -1.36472 0.544354 20.8155 1.82948
2.30625 -1.37247 0.564982 22.5364 1.99129
2.30662 -1.34463 0.460735 36.3551 1.99484
2.307 -1.35909 0.520837 28.4314 1.96122
2.30737 -1.35664 0.517113 26.8185 1.87328
2.30775 -1.33933 0.45386 30.0985 1.86263
2.30812 -1.33129 0.41388 35.9006 1.89521
2.3085 -1.36916 0.564475 20.9054 1.86958
2.30888 -1.35489 0.516435 27.2739 1.85508
2.30925 -1.3526 0.505868 30.2388 1.99644
2.30963 -1.35137 0.511684 26.2207 1.92065
2.31 -1.34551 0.48451 31.3889 1.93764
2.31038 -1.33456 0.442108 32.1594 1.97239
2.31075 -1.34343 0.479526 31.0643 1.90085
2.31113 -1.33891 0.456161 32.3612 1.93812
2.3115 -1.34215 0.482028 29.3061 1.93443
2.31188 -1.33442 0.449583 31.4825 1.99136
2.31225 -1.33818 0.471968 30.8702 1.89377
2.31263 -1.34529 0.493062 29.5087 1.85077
2.313 -1.35356 0.522367 26.1548 1.92014
2.31338 -1.34266 0.480766 29.0828 1.86671
2.31375 -1.3263 0.425806 33.6152 1.93414
2.31413 -1.34393 0.487232 32.8762 1.94644
2.3145 -1.35174 0.509475 31.4868 2.04323
2.31488 -1.33853 0.462091 37.1825 2.012
2.31525 -1.34547 0.492419 31.0038 1.87173
2.31563 -1.34015 0.499571 23.8917 1.73481
2.316 -1.34747 0.508095 31.1401 2.00995
2.31638 -1.3378 0.489931 28.7043 1.92809
2.31675 -1.33794 0.473893 31.8773 1.87242
2.31713 -1.34035 0.502181 24.8609 1.8697
2.3175 -1.33421 0.461504 31.7678 1.85396
2.31788 -1.33358 0.47026 30.6793 1.89131
2.31825 -1.3198 0.418212 32.2275 1.82347
2.31863 -1.33618 0.470917 29.9601 1.88494
2.319 -1.33482 0.473296 31.2539 1.93943
2.31937 -1.32905 0.464163 30.5603 1.89096
2.31975 -1.33521 0.47461 29.6022 1.90236
2.32012 -1.30874 0.382038 31.6099 1.74375
2.3205 -1.33438 0.486079 27.7678 1.95835
2.32088 -1.32441 0.45049 28.7143 1.85563
2.32125 -1.33471 0.47761 30.1114 1.95972
2.32163 -1.32229 0.426287 33.4187 1.95484
2.322 -1.3291 0.47942 24.6087 1.80134
2.32238 -1.32958 0.472306 25.1978 1.73558
2.32275 -1.32148 0.453337 28.0592 1.75617
2.32313 -1.32205 0.450994 27.8601 1.81851
2.3235 -1.32997 0.475737 26.038 1.77642
2.32388 -1.32356 0.450273 33.5462 2.07331
2.32425 -1.32702 0.466513 31.1438 1.99034
2.32463 -1.32178 0.443881 29.9881 1.79219
