2.325 -1.32196 0.44091 35.4506 1.9963
2.32538 -1.30881 0.389843 32.6999 1.91365
2.32575 -1.31233 0.402142 32.6675 1.74863
2.32613 -1.32225 0.454234 31.909 1.89229
2.3265 -1.31531 0.434665 29.4474 1.80642
2.32688 -1.31172 0.413465 29.6395 1.75202
2.32725 -1.31217 0.417357 30.0649 1.74869
2.32763 -1.32351 0.466259 29.7554 1.77744
2.328 -1.30564 0.403293 31.1104 1.74731
2.32838 -1.31298 0.419301 31.97 1.80253
2.32875 -1.31226 0.428732 31.1751 1.92353
2.32913 -1.31099 0.424291 31.6449 1.86324
2.3295 -1.31665 0.443677 29.5482 1.76401
2.32988 -1.31223 0.430532 30.5742 1.79528
2.33025 -1.3089 0.415807 32.1615 1.88322
2.33063 -1.30971 0.43606 27.6851 1.80418
2.331 -1.30416 0.40139 31.5826 1.79438
2.33137 -1.3084 0.415746 32.4722 1.8879
2.33175 -1.32391 0.493247 22.3784 1.75577
2.33213 -1.31728 0.45088 29.9589 1.80725
2.3325 -1.29741 0.386413 32.782 1.77508
2.33288 -1.29177 0.365108 27.4268 1.57607
2.33325 -1.31703 0.45581 28.9848 1.77963
2.33363 -1.30328 0.40637 32.4686 1.74484
2.334 -1.29462 0.383374 29.1114 1.7892
2.33438 -1.30197 0.397227 31.9581 1.70096
2.33475 -1.30304 0.41581 28.7788 1.73408
2.33513 -1.30247 0.419667 29.4551 1.86844
2.3355 -1.30244 0.4128 30.1667 1.71483
2.33588 -1.3135 0.466275 24.8647 1.76938
2.33625 -1.28801 0.351661 30.3104 1.64356
2.33663 -1.30143 0.418002 29.0346 1.76345
2.337 -1.29599 0.393271 35.0974 1.9127
2.33738 -1.3006 0.412565 29.1669 1.83472
2.33775 -1.29537 0.397921 28.7784 1.71725
2.33813 -1.28631 0.366832 27.202 1.60808
2.3385 -1.30325 0.43253 25.4257 1.64269
2.33888 -1.29052 0.366484 30.9444 1.68678
2.33925 -1.29448 0.392787 28.4338 1.66668
2.33963 -1.30506 0.454267 22.9467 1.65344
2.34 -1.28476 0.372438 26.4598 1.60025
2.34038 -1.29149 0.384186 28.7381 1.78936
2.34075 -1.28521 0.348682 33.1168 1.76777
2.34113 -1.294 0.400622 27.7558 1.63204
2.3415 -1.29864 0.416139 28.4618 1.76468
2.34188 -1.29179 0.397483 28.6063 1.70887
2.34225 -1.29231 0.40639 23.1308 1.60923
2.34263 -1.28487 0.37794 25.6058 1.57486
2.343 -1.28386 0.36431 30.5865 1.71511
2.34338 -1.27862 0.330692 28.2352 1.53589
2.34375 -1.28778 0.389406 27.8065 1.67832
2.34413 -1.28687 0.390249 27.4911 1.53183
2.3445 -1.27667 0.343175 28.1573 1.54793
2.34488 -1.28031 0.356128 30.0526 1.70782
2.34525 -1.28691 0.389788 28.3511 1.61616
2.34563 -1.28816 0.389723 29.0463 1.63876
2.346 -1.2901 0.410006 27.9922 1.66804
2.34638 -1.2844 0.371469 25.9988 1.53962
2.34675 -1.29083 0.417444 24.7225 1.61077
2.34713 -1.28077 0.376144 26.686 1.60674
2.3475 -1.2824 0.370215 29.1799 1.56997
2.34788 -1.27805 0.367594 27.2393 1.58787
2.34825 -1.27678 0.360672 28.989 1.64875
2.34863 -1.28711 0.395457 28.8821 1.73609
2.349 -1.27305 0.342882 29.397 1.61485
2.34938 -1.26452 0.316206 25.2566 1.44966
2.34975 -1.27467 0.36022 26.6893 1.47003
2.35013 -1.27993 0.374005 28.3458 1.59038
2.3505 -1.28057 0.37758 27.5809 1.6082
2.35088 -1.27502 0.34945 26.5927 1.46285
2.35125 -1.27703 0.371105 25.2673 1.50285
2.35163 -1.27131 0.342648 27.6858 1.56895
2.352 -1.27135 0.332348 28.0149 1.532
2.35238 -1.26731 0.335468 26.629 1.54873
2.35275 -1.26372 0.326622 26.6564 1.48618
2.35313 -1.26612 0.331237 25.2635 1.51672
2.3535 -1.2691 0.340766 28.5443 1.52523
2.35388 -1.26721 0.33923 25.9612 1.48317
2.35425 -1.26295 0.302232 27.8604 1.50607
2.35463 -1.27437 0.356699 31.3964 1.62297
2.355 -1.26922 0.355535 23.9331 1.50261
2.35538 -1.26594 0.346993 25.6403 1.51436
2.35575 -1.2657 0.339163 26.5695 1.54486
2.35613 -1.27156 0.365318 24.2236 1.54158
2.3565 -1.26708 0.360846 24.4011 1.49997
2.35688 -1.26168 0.330444 25.4079 1.47508
2.35725 -1.26532 0.353877 22.811 1.47413
2.35763 -1.26585 0.33834 26.691 1.42318
2.358 -1.26423 0.346601 24.7301 1.46939
2.35838 -1.26514 0.349179 25.9351 1.55817
2.35875 -1.26453 0.346967 27.4314 1.51809
2.35913 -1.26769 0.357911 25.5661 1.53136
2.3595 -1.26693 0.365367 24.4185 1.4363
2.35988 -1.25172 0.29734 23.3397 1.38788
2.36025 -1.26147 0.319299 27.7137 1.44643
2.36063 -1.26747 0.365382 25.7516 1.55506
2.361 -1.26094 0.343285 25.2209 1.47823
2.36138 -1.25879 0.317775 26.8861 1.48632
2.36175 -1.2616 0.337989 27.3446 1.60246
2.36213 -1.25727 0.317773 26.2465 1.56118
