2.325 -1.32016 0.353817 76.9156 1.71425
2.32538 -1.2996 0.216819 58.3878 1.58521
2.32575 -1.29991 0.256423 49.6359 1.42414
2.32613 -1.29827 0.265959 56.1024 1.33164
2.3265 -1.29902 0.216588 58.4401 1.51465
2.32688 -1.31251 0.354141 90.7474 2.10237
2.32725 -1.29948 0.245463 68.2056 1.72227
2.32763 -1.29639 0.227666 46.6337 1.34303
2.328 -1.30079 0.260416 50.8412 1.46181
2.32838 -1.29755 0.258442 64.6495 1.5521
2.32875 -1.30042 0.271298 77.4995 1.74807
2.32913 -1.30458 0.2942 68.3613 1.58103
2.3295 -1.28746 0.180535 51.9168 1.38673
2.32988 -1.29667 0.259949 52.7393 1.5251
2.33025 -1.29299 0.240861 60.7937 1.56993
2.33063 -1.29164 0.213144 48.8854 1.35983
2.331 -1.29604 0.233473 64.3468 1.50364
2.33137 -1.28951 0.243362 51.7006 1.38224
2.33175 -1.29704 0.259634 69.4683 1.52823
2.33213 -1.29676 0.283894 69.371 1.84043
2.3325 -1.29795 0.312202 45.6968 1.48995
2.33288 -1.28949 0.219135 58.0574 1.53709
2.33325 -1.28888 0.245226 56.2117 1.55792
2.33363 -1.29853 0.302273 73.0762 1.60333
2.334 -1.28846 0.195269 41.9917 1.355
2.33438 -1.29046 0.242083 54.5975 1.50797
2.33475 -1.29119 0.270075 82.1081 1.61038
2.33513 -1.28529 0.242863 50.6352 1.56686
2.3355 -1.29212 0.234407 83.3974 1.63028
2.33588 -1.29543 0.311695 73.1396 1.56856
2.33625 -1.2873 0.232143 43.4323 1.36563
2.33663 -1.28861 0.241837 74.361 1.61984
2.337 -1.28036 0.195503 39.9895 1.36632
2.33738 -1.28005 0.212135 51.2494 1.52453
2.33775 -1.28382 0.219592 41.4309 1.44682
2.33813 -1.28194 0.184932 43.9227 1.40356
2.3385 -1.28666 0.215969 38.2008 1.33141
2.33888 -1.28789 0.277264 67.3554 1.4318
2.33925 -1.28841 0.284669 73.5237 1.50987
2.33963 -1.27844 0.145706 31.6587 1.19427
2.34 -1.27415 0.161685 36.3324 1.2178
2.34038 -1.28169 0.21989 45.0707 1.57444
2.34075 -1.27547 0.190332 40.994 1.42295
2.34113 -1.27835 0.204081 40.8894 1.26689
2.3415 -1.27787 0.189661 52.693 1.3939
2.34188 -1.27283 0.188314 46.4315 1.30482
2.34225 -1.27659 0.229845 48.1533 1.41883
2.34263 -1.28298 0.253456 64.9427 1.56509
2.343 -1.27642 0.208602 55.6745 1.42348
2.34338 -1.28147 0.254496 62.2122 1.52444
2.34375 -1.27792 0.213996 58.5477 1.49459
2.34413 -1.27305 0.187431 41.8397 1.39001
2.3445 -1.28214 0.245606 70.6252 1.50894
2.34488 -1.27346 0.21593 40.2729 1.30339
2.34525 -1.2732 0.210324 58.5015 1.33696
2.34563 -1.27616 0.232372 45.2755 1.38297
2.346 -1.27235 0.159967 47.7798 1.4287
2.34638 -1.27604 0.249111 67.661 1.6824
2.34675 -1.27594 0.25063 56.3188 1.60207
2.34713 -1.2766 0.251054 54.1201 1.45675
2.3475 -1.2793 0.232061 77.6975 1.63769
2.34788 -1.26827 0.193478 33.2002 1.31107
2.34825 -1.27173 0.203068 53.6801 1.34099
2.34863 -1.26519 0.182439 40.9544 1.32474
2.349 -1.27028 0.208638 39.703 1.31616
2.34938 -1.27093 0.188884 52.8052 1.47304
2.34975 -1.26357 0.17799 50.2495 1.4581
2.35013 -1.26367 0.188396 52.334 1.41663
2.3505 -1.26364 0.182221 40.117 1.19272
2.35088 -1.26378 0.174955 39.4691 1.20366
2.35125 -1.2665 0.18358 43.3822 1.20394
2.35163 -1.26316 0.173263 36.9895 1.31666
2.352 -1.26423 0.197407 44.1526 1.32123
2.35238 -1.26183 0.209145 50.474 1.41844
2.35275 -1.26062 0.179553 39.9059 1.31166
2.35313 -1.26987 0.251602 48.6651 1.50418
2.3535 -1.2608 0.181695 49.9002 1.31999
2.35388 -1.25591 0.151756 34.3261 1.32798
2.35425 -1.26331 0.212016 44.4802 1.36168
2.35463 -1.26126 0.20167 46.3442 1.26268
2.355 -1.25824 0.192302 42.8158 1.30779
2.35538 -1.2602 0.206569 48.8517 1.36698
2.35575 -1.26081 0.216486 56.819 1.58304
2.35613 -1.2535 0.136524 28.9187 1.25746
2.3565 -1.25962 0.173615 38.8854 1.29416
2.35688 -1.25628 0.145748 32.1035 1.27596
2.35725 -1.25752 0.163511 30.3363 1.22469
2.35763 -1.25734 0.178029 38.3959 1.35365
2.358 -1.25643 0.127688 29.4868 1.26809
2.35838 -1.25949 0.193317 49.6785 1.36372
2.35875 -1.25968 0.182673 44.7374 1.28997
2.35913 -1.25318 0.167059 33.9991 1.25843
2.3595 -1.25925 0.239609 61.2442 1.49418
2.35988 -1.24956 0.181449 42.1821 1.33157
2.36025 -1.2512 0.157601 29.4568 1.20304
2.36063 -1.25314 0.172117 38.8581 1.3989
2.361 -1.25139 0.190676 43.4641 1.34002
2.36138 -1.25411 0.156428 36.5575 1.25144
2.36175 -1.25403 0.186096 32.4699 1.3338
2.36213 -1.24722 0.139217 24.1277 1.13925
