Analytical eigenvalues:
14.2706
31.0826
45.1393
59.8542
79.0046
102.893
131.346
164.289
201.689
243.528
289.796
340.487
395.599
455.128
519.073
587.433
660.207
737.395
818.995
905.008
995.434
1090.27
1189.52
1293.18
1401.26
1513.74
1630.64
1751.95
1877.67
2007.8
2142.34
2281.3
2424.67
2572.44
2724.63
2881.23
3042.25
3207.67
3377.51
3551.75
3730.41
3913.48
4100.96
4292.85
4489.16
4689.87
4895
5104.54
5318.49
5536.85
5759.62
5986.8
6218.4
6454.4
6694.82
6939.65
7188.89
7442.54
7700.6
7963.07
8229.96
8501.26
8776.97
9057.08
9341.62
9630.56
9923.91
10221.7
10523.9
10830.4
11141.4
11456.8
11776.7
12100.9
12429.5
12762.6
13100.1
13441.9
13788.2
14138.9
14494
14853.6
15217.5
15585.9
15958.6
16335.8
16717.4
17103.4
17493.8
17888.6
18287.8
18691.4
19099.5
19511.9
19928.8
20350.1
20775.8
21205.9
21640.4
22079.6
Computed eigenvalues:
14.2706
31.0826
45.1393
59.8542
79.0046
102.893
131.346
164.289
201.689
243.528
289.796
340.487
395.599
455.128
519.073
587.433
660.207
737.395
818.995
905.008
995.434
1090.27
1189.52
1293.18
1401.26
1513.74
1630.64
1751.95
1877.67
2007.8
2142.34
2281.3
2424.67
2572.44
2724.63
2881.23
3042.25
3207.67
3377.51
3551.75
3730.41
3913.48
4100.96
4292.85
4489.16
4689.87
4895
5104.54
5318.49
5536.85
5759.62
5986.8
6218.4
6454.4
6694.82
6939.65
7188.89
7442.54
7700.6
7963.07
8229.96
8501.26
8776.97
9057.08
9341.62
9630.56
9923.91
10221.7
10523.9
10830.4
11141.4
11456.8
11776.7
12100.9
12429.5
12762.6
13100.1
13441.9
13788.2
14138.9
14494
14853.6
15217.5
15585.9
15958.6
16335.8
16717.4
17103.4
17493.8
17888.6
18287.8
18691.4
19099.5
19511.9
19928.8
20350.1
20775.8
21205.9
21640.4
22079.6
