Analytical eigenvalues:
0.299724
0.698619
1.09663
1.49374
1.88997
2.28529
2.67972
3.07324
3.46586
3.85757
4.24837
4.63825
5.02721
5.41525
5.80237
6.18855
6.57381
6.95819
7.34192
7.72601
8.11335
8.5094
8.92055
9.35112
9.80258
10.2745
10.7657
11.2751
11.8015
12.3438
12.9011
13.4726
14.0574
14.6546
15.2637
15.8837
16.5141
17.154
17.8028
18.4598
19.1242
19.7953
20.4725
21.155
21.8422
22.5333
23.2275
23.9243
24.6229
25.3226
26.0227
26.7224
27.4212
28.1182
28.8127
29.5041
30.1917
30.8747
31.5525
32.2244
32.8896
33.5476
34.1975
34.8388
35.4708
36.0927
36.704
37.3039
37.8918
38.4669
39.0287
39.5765
40.1095
40.627
41.1284
41.6129
42.0796
42.5277
42.9562
43.3642
43.7502
44.1128
44.4498
44.7583
45.0335
45.2715
45.496
45.7515
46.0482
46.3829
46.7542
47.1629
47.6111
48.1025
48.643
49.2409
49.9099
50.6722
51.5715
52.7203
Computed eigenvalues:
0.299724
0.698619
1.09663
1.49374
1.88997
2.28529
2.67972
3.07324
3.46586
3.85757
4.24837
4.63825
5.02721
5.41525
5.80237
6.18855
6.57381
6.95819
7.34192
7.72601
8.11335
8.5094
8.92055
9.35112
9.80258
10.2745
10.7657
11.2751
11.8015
12.3438
12.9011
13.4726
14.0574
14.6546
15.2637
15.8837
16.5141
17.154
17.8028
18.4598
19.1242
19.7953
20.4725
21.155
21.8422
22.5333
23.2275
23.9243
24.6229
25.3226
26.0227
26.7224
27.4212
28.1182
28.8127
29.5041
30.1917
30.8747
31.5525
32.2244
32.8896
33.5476
34.1975
34.8388
35.4708
36.0927
36.704
37.3039
37.8918
38.4669
39.0287
39.5765
40.1095
40.627
41.1284
41.6129
42.0796
42.5277
42.9562
43.3642
43.7502
44.1128
44.4498
44.7583
45.0335
45.2715
45.496
45.7515
46.0482
46.3829
46.7542
47.1629
47.6111
48.1025
48.643
49.2409
49.9099
50.6722
51.5715
52.7203
