Analytical eigenvalues:
1.49293
3.46447
5.41281
7.33752
9.23812
11.1141
12.965
14.7902
16.5892
18.3611
20.1054
21.8212
23.5078
25.164
26.789
28.3814
29.94
31.4633
32.9495
34.3966
35.8021
37.163
38.4757
39.7353
40.9353
42.0658
43.1121
44.0641
44.9733
45.9479
47.0267
48.1979
49.4488
50.7713
52.1601
53.6114
55.1223
56.6907
58.3148
59.9933
61.725
63.5088
65.3442
67.2302
69.1664
71.1522
73.1872
75.271
77.4032
79.5836
81.8119
84.0878
86.4112
88.7818
91.1995
93.6641
96.1754
98.7334
101.338
103.989
106.686
109.43
112.219
115.055
117.937
120.865
123.838
126.858
129.923
133.034
136.191
139.393
142.641
145.935
149.274
152.658
156.088
159.564
163.085
166.652
170.264
173.921
177.624
181.372
185.165
189.004
192.888
196.817
200.792
204.811
208.877
212.989
217.156
221.421
225.901
230.792
236.306
242.675
250.274
260.067
Computed eigenvalues:
1.49293
3.46447
5.41281
7.33752
9.23812
11.1141
12.965
14.7902
16.5892
18.3611
20.1054
21.8212
23.5078
25.164
26.789
28.3814
29.94
31.4633
32.9495
34.3966
35.8021
37.163
38.4757
39.7353
40.9353
42.0658
43.1121
44.0641
44.9733
45.9479
47.0267
48.1979
49.4488
50.7713
52.1601
53.6114
55.1223
56.6907
58.3148
59.9933
61.725
63.5088
65.3442
67.2302
69.1664
71.1522
73.1872
75.271
77.4032
79.5836
81.8119
84.0878
86.4112
88.7818
91.1995
93.6641
96.1754
98.7334
101.338
103.989
106.686
109.43
112.219
115.055
117.937
120.865
123.838
126.858
129.923
133.034
136.191
139.393
142.641
145.935
149.274
152.658
156.088
159.564
163.085
166.652
170.264
173.921
177.624
181.372
185.165
189.004
192.888
196.817
200.792
204.811
208.877
212.989
217.156
221.421
225.901
230.792
236.306
242.675
250.274
260.067
