Analytical eigenvalues:
2.97215
6.85922
10.6524
14.3477
17.9409
21.4267
24.7991
28.0507
31.1724
34.1526
36.9754
39.6178
42.0441
44.2143
46.23
48.4065
50.8836
53.6346
56.6284
59.8462
63.2765
66.9112
70.7447
74.7727
78.992
83.4001
87.9952
92.7755
97.7399
102.887
108.217
113.728
119.419
125.291
131.343
137.574
143.985
150.574
157.341
164.288
171.412
178.714
186.194
193.852
201.688
209.701
217.892
226.259
234.805
243.527
252.427
261.503
270.757
280.188
289.795
299.58
309.541
319.68
329.995
340.487
351.156
362.002
373.024
384.223
395.599
407.151
418.881
430.786
442.869
455.128
467.564
480.176
492.965
505.931
519.073
532.392
545.887
559.559
573.408
587.433
601.635
616.013
630.568
645.299
660.207
675.292
690.553
705.99
721.604
737.395
753.362
769.505
785.825
802.322
818.995
835.845
852.874
870.152
888.427
911.197
Computed eigenvalues:
2.97215
6.85922
10.6524
14.3477
17.9409
21.4267
24.7991
28.0507
31.1724
34.1526
36.9754
39.6178
42.0441
44.2143
46.23
48.4065
50.8836
53.6346
56.6284
59.8462
63.2765
66.9112
70.7447
74.7727
78.992
83.4001
87.9952
92.7755
97.7399
102.887
108.217
113.728
119.419
125.291
131.343
137.574
143.985
150.574
157.341
164.288
171.412
178.714
186.194
193.852
201.688
209.701
217.892
226.259
234.805
243.527
252.427
261.503
270.757
280.188
289.795
299.58
309.541
319.68
329.995
340.487
351.156
362.002
373.024
384.223
395.599
407.151
418.881
430.786
442.869
455.128
467.564
480.176
492.965
505.931
519.073
532.392
545.887
559.559
573.408
587.433
601.635
616.013
630.568
645.299
660.207
675.292
690.553
705.99
721.604
737.395
753.362
769.505
785.825
802.322
818.995
835.845
852.874
870.152
888.427
911.197
