Analytical eigenvalues:
0.0301023
0.0729531
0.128108
0.203046
0.299279
0.416819
0.555531
0.715261
0.895845
1.0971
1.31883
1.56082
1.82283
2.10461
2.40588
2.72635
3.06572
3.42365
3.79979
4.19379
4.60526
5.0338
5.479
5.94043
6.41764
6.91017
7.41755
7.93927
8.47485
9.02375
9.58545
10.1594
10.7451
11.3419
11.9492
12.5665
13.1932
13.8286
14.4722
15.1234
15.7814
16.4457
17.1156
17.7904
18.4696
19.1525
19.8383
20.5265
21.2164
21.9072
22.5984
23.2893
23.9791
24.6673
25.3532
26.036
26.7152
27.3901
28.06
28.7243
29.3823
30.0334
30.677
31.3124
31.9391
32.5564
33.1638
33.7606
34.3462
34.9202
35.4819
36.0308
36.5664
37.0881
37.5955
38.088
38.5652
39.0266
39.4718
39.9004
40.3118
40.7058
41.082
41.4399
41.7793
42.0997
42.401
42.6828
42.9448
43.1867
43.4085
43.6097
43.7902
43.9499
44.0886
44.206
44.302
44.3763
44.4281
44.4687
Computed eigenvalues:
0.0301024
0.0729531
0.128108
0.203046
0.299279
0.416819
0.555531
0.715261
0.895845
1.0971
1.31883
1.56082
1.82283
2.10461
2.40588
2.72635
3.06572
3.42365
3.79979
4.19379
4.60526
5.0338
5.479
5.94043
6.41764
6.91017
7.41755
7.93927
8.47485
9.02375
9.58545
10.1594
10.7451
11.3419
11.9492
12.5665
13.1932
13.8286
14.4722
15.1234
15.7814
16.4457
17.1156
17.7904
18.4696
19.1525
19.8383
20.5265
21.2164
21.9072
22.5984
23.2893
23.9791
24.6673
25.3532
26.036
26.7152
27.3901
28.06
28.7243
29.3823
30.0334
30.677
31.3124
31.9391
32.5564
33.1638
33.7606
34.3462
34.9202
35.4819
36.0308
36.5664
37.0881
37.5955
38.088
38.5652
39.0266
39.4718
39.9004
40.3118
40.7058
41.082
41.4399
41.7793
42.0997
42.401
42.6828
42.9448
43.1867
43.4085
43.6097
43.7902
43.9499
44.0886
44.206
44.302
44.3763
44.4281
44.4687
