Analytical eigenvalues:
0.149931
0.349655
0.549158
0.748439
0.947498
1.14634
1.34496
1.54345
1.7425
1.94523
2.15873
2.39069
2.64491
2.92187
3.22092
3.54122
3.88205
4.24277
4.62281
5.02164
5.43875
5.87364
6.32583
6.79482
7.28011
7.7812
8.29758
8.82873
9.3741
9.93317
10.5054
11.0901
11.6869
12.2951
12.9141
13.5432
14.182
14.8298
15.4859
16.1497
16.8205
17.4978
18.1808
18.8689
19.5614
20.2576
20.9569
21.6586
22.3621
23.0665
23.7713
24.4757
25.1791
25.8808
26.5801
27.2764
27.9689
28.657
29.34
30.0172
30.6881
31.3519
32.008
32.6558
33.2946
33.9238
34.5428
35.151
35.7478
36.3326
36.9048
37.464
38.0094
38.5406
39.0571
39.5583
40.0438
40.5129
40.9654
41.4005
41.818
42.2174
42.5981
42.9597
43.3017
43.6237
43.925
44.2051
44.4632
44.6984
44.9093
45.0936
45.2478
45.3784
45.5236
45.7052
45.9259
46.1922
46.5204
46.9552
Computed eigenvalues:
0.149931
0.349655
0.549158
0.748439
0.947498
1.14634
1.34496
1.54345
1.7425
1.94523
2.15873
2.39069
2.64491
2.92187
3.22092
3.54122
3.88205
4.24277
4.62281
5.02164
5.43875
5.87364
6.32583
6.79482
7.28011
7.7812
8.29758
8.82873
9.3741
9.93317
10.5054
11.0901
11.6869
12.2951
12.9141
13.5432
14.182
14.8298
15.4859
16.1497
16.8205
17.4978
18.1808
18.8689
19.5614
20.2576
20.9569
21.6586
22.3621
23.0665
23.7713
24.4757
25.1791
25.8808
26.5801
27.2764
27.9689
28.657
29.34
30.0172
30.6881
31.3519
32.008
32.6558
33.2946
33.9238
34.5428
35.151
35.7478
36.3326
36.9048
37.464
38.0094
38.5406
39.0571
39.5583
40.0438
40.5129
40.9654
41.4005
41.818
42.2174
42.5981
42.9597
43.3017
43.6237
43.925
44.2051
44.4632
44.6984
44.9093
45.0936
45.2478
45.3784
45.5236
45.7052
45.9259
46.1922
46.5204
46.9552
