Analytical eigenvalues:
2.98744
6.93692
10.8453
14.7119
18.536
22.3168
26.0537
29.7456
33.3917
36.991
40.5425
43.4719
44.0451
47.4975
50.8985
54.2466
57.5402
60.7777
63.9571
67.0763
70.133
73.1244
76.0477
78.8996
81.6772
84.3776
86.9989
89.5381
91.9883
94.3337
96.5439
98.5762
100.469
102.455
104.704
107.222
109.995
113.02
116.306
119.864
123.718
127.894
132.429
137.375
142.799
148.799
155.522
163.212
172.333
184.075
Computed eigenvalues:
3.3353
7.53089
10.9543
15.1575
18.546
24.1565
26.5506
29.8481
33.6455
37.2801
40.9822
43.6026
44.7172
47.0838
51.2065
54.7229
57.7046
58.8176
64.6918
66.5103
70.4781
73.1576
76.2897
79.2982
81.4259
84.2456
87.2606
89.0829
92.3413
94.309
96.9333
98.4003
100.371
102.228
103.204
107.38
109.44
113.138
116.164
119.262
123.028
127.993
132.191
137.127
142.574
148.59
155.384
162.9
172.012
183.75
