Analytical eigenvalues:
2.94134
6.69949
10.2453
10.855
13.5543
16.5893
19.2906
21.6445
24.0122
26.815
30.0899
33.7951
37.907
42.4127
47.3041
52.5764
58.2262
64.2509
70.649
77.4192
84.5605
92.0722
99.9539
108.205
116.825
125.814
135.172
144.898
154.992
165.454
176.285
187.483
199.049
210.983
223.285
235.955
248.992
262.397
276.169
290.309
304.817
319.692
334.935
350.545
366.522
382.868
399.58
416.66
434.108
451.923
470.105
488.655
507.572
526.856
546.508
566.528
586.915
607.669
628.79
650.279
672.136
694.36
716.951
739.909
763.235
786.928
810.989
835.417
860.24
886.543
Computed eigenvalues:
2.94134
6.69949
10.2453
10.855
13.5543
16.5893
19.2906
21.6445
24.0122
26.815
30.0899
33.7951
37.907
42.4127
47.3041
52.5764
58.2262
64.2509
70.649
77.4192
84.5605
92.0722
99.9539
108.205
116.825
125.814
135.172
144.898
154.992
165.454
176.285
187.483
199.049
210.983
223.285
235.955
248.992
262.397
276.169
290.309
304.817
319.692
334.935
350.545
366.522
382.868
399.58
416.66
434.108
451.923
470.105
488.655
507.572
526.856
546.508
566.528
586.915
607.669
628.79
650.279
672.136
694.36
716.951
739.909
763.235
786.928
810.989
835.417
860.24
886.543
