2.25 -1.71102 0.904103 1.56449 0.395038
2.25005 -1.71094 0.90408 1.56398 0.395142
2.2501 -1.71089 0.904062 1.56401 0.395181
2.25015 -1.7109 0.904065 1.56418 0.395152
2.2502 -1.7109 0.904065 1.56415 0.395135
2.25025 -1.7109 0.904065 1.56411 0.395117
2.2503 -1.7109 0.904065 1.56408 0.3951
2.25035 -1.7109 0.904065 1.56405 0.395082
2.2504 -1.7109 0.904065 1.56401 0.395064
2.25045 -1.7109 0.904065 1.56398 0.395047
2.2505 -1.7109 0.904065 1.56394 0.395029
2.25055 -1.71076 0.90402 1.56375 0.395169
2.2506 -1.71076 0.90402 1.56372 0.395151
2.25065 -1.71097 0.90409 1.56415 0.394866
2.2507 -1.71097 0.90409 1.56411 0.394849
2.25075 -1.71097 0.90409 1.56408 0.394831
2.2508 -1.71097 0.90409 1.56404 0.394814
2.25085 -1.711 0.9041 1.56382 0.394763
2.2509 -1.7109 0.90407 1.56371 0.394857
2.25095 -1.7109 0.90407 1.56368 0.39484
2.251 -1.7109 0.90407 1.56364 0.394822
2.25105 -1.71064 0.903983 1.56359 0.395128
2.2511 -1.71064 0.903983 1.56356 0.39511
2.25115 -1.71064 0.903983 1.56352 0.395093
2.2512 -1.71064 0.90398 1.56349 0.395075
2.25125 -1.71064 0.90398 1.56345 0.395058
2.2513 -1.71041 0.903903 1.563 0.395298
2.25135 -1.71033 0.903872 1.56314 0.39537
2.2514 -1.71033 0.903872 1.5631 0.395353
2.25145 -1.71033 0.903872 1.56307 0.395335
2.2515 -1.71028 0.903855 1.56312 0.395374
2.25155 -1.71028 0.903855 1.56309 0.395356
2.2516 -1.71027 0.90385 1.56304 0.39535
2.25165 -1.71027 0.90385 1.56301 0.395332
2.2517 -1.71027 0.90385 1.56297 0.395315
2.25175 -1.71016 0.903815 1.56286 0.39542
2.2518 -1.71016 0.903815 1.56282 0.395403
2.25185 -1.71015 0.903813 1.56278 0.395397
2.2519 -1.71015 0.903813 1.56275 0.395379
2.25195 -1.71014 0.903807 1.5627 0.395373
2.252 -1.71033 0.903875 1.56282 0.395142
2.25205 -1.71033 0.903875 1.56278 0.395125
2.2521 -1.71033 0.903875 1.56275 0.395107
2.25215 -1.71021 0.903837 1.56256 0.395256
2.2522 -1.71021 0.903837 1.56252 0.395238
2.25225 -1.70966 0.903648 1.56178 0.395836
2.2523 -1.70966 0.903648 1.56175 0.395819
2.25235 -1.70966 0.903648 1.56171 0.395801
2.2524 -1.70966 0.903648 1.56168 0.395784
2.25245 -1.70966 0.903645 1.56164 0.395766
2.2525 -1.70966 0.903645 1.56161 0.395748
2.25255 -1.70966 0.903645 1.56157 0.395731
2.2526 -1.70966 0.903645 1.56154 0.395713
2.25265 -1.70966 0.903645 1.5615 0.395696
2.2527 -1.70966 0.903645 1.56147 0.395678
2.25275 -1.70961 0.903632 1.5614 0.395716
2.2528 -1.70961 0.903632 1.56137 0.395699
2.25285 -1.70953 0.903608 1.56127 0.395771
2.2529 -1.70953 0.903608 1.56124 0.395753
2.25295 -1.70953 0.903608 1.56121 0.395736
2.253 -1.70953 0.903608 1.56117 0.395718
2.25305 -1.70953 0.903608 1.56114 0.395701
2.2531 -1.70953 0.903608 1.5611 0.395683
2.25315 -1.70953 0.903608 1.56107 0.395665
2.2532 -1.70953 0.903608 1.56103 0.395648
2.25325 -1.70953 0.903608 1.561 0.39563
2.2533 -1.70953 0.903608 1.56096 0.395613
2.25335 -1.70953 0.903608 1.56093 0.395595
2.2534 -1.70951 0.9036 1.56109 0.3956
2.25345 -1.70951 0.9036 1.56105 0.395582
2.2535 -1.70951 0.9036 1.56102 0.395565
2.25355 -1.70951 0.9036 1.56098 0.395547
2.2536 -1.70954 0.903605 1.56096 0.395465
2.25365 -1.70949 0.903587 1.5608 0.395503
2.2537 -1.70949 0.90359 1.56076 0.395486
2.25375 -1.70949 0.90359 1.56073 0.395468
2.2538 -1.70955 0.903613 1.56098 0.395383
2.25385 -1.70955 0.903613 1.56095 0.395366
2.2539 -1.70945 0.903575 1.56085 0.39546
2.25395 -1.70933 0.903535 1.56072 0.395577
2.254 -1.70933 0.903535 1.56068 0.395559
2.25405 -1.70955 0.903617 1.56078 0.395296
2.2541 -1.70955 0.903617 1.56075 0.395278
2.25415 -1.70955 0.903617 1.56071 0.395261
2.2542 -1.70955 0.903617 1.56068 0.395243
2.25425 -1.70895 0.903423 1.55983 0.395958
2.2543 -1.70895 0.903423 1.5598 0.395941
2.25435 -1.70895 0.903423 1.55977 0.395923
2.2544 -1.70903 0.903452 1.56011 0.395816
2.25445 -1.70903 0.903452 1.56008 0.395799
2.2545 -1.70899 0.90344 1.56002 0.395826
2.25455 -1.70904 0.903462 1.55933 0.395753
2.2546 -1.70902 0.903455 1.55928 0.395757
2.25465 -1.70894 0.903425 1.55917 0.395829
2.2547 -1.70894 0.903425 1.55914 0.395812
2.25475 -1.70894 0.903425 1.55911 0.395794
2.2548 -1.70894 0.903425 1.55907 0.395776
2.25485 -1.70894 0.903425 1.55904 0.395759
2.2549 -1.70894 0.903425 1.559 0.395741
2.25495 -1.70886 0.903397 1.5589 0.395813
2.255 -1.70886 0.903397 1.55887 0.395795
2.25505 -1.70875 0.903362 1.55878 0.395901
2.2551 -1.70875 0.903362 1.55874 0.395883
2.25515 -1.70875 0.903362 1.55871 0.395865
2.2552 -1.70888 0.903405 1.55877 0.395703
2.25525 -1.70888 0.903405 1.55874 0.395685
2.2553 -1.70868 0.90334 1.55908 0.395922
2.25535 -1.70868 0.90334 1.55904 0.395905
2.2554 -1.70869 0.903343 1.55901 0.395876
2.25545 -1.70856 0.903293 1.55887 0.396003
2.2555 -1.70856 0.903293 1.55884 0.395986
2.25555 -1.70856 0.903293 1.5588 0.395968
2.2556 -1.70856 0.903293 1.55877 0.395951
2.25565 -1.70838 0.903232 1.5582 0.396134
2.2557 -1.70818 0.903168 1.55642 0.396339
2.25575 -1.70818 0.903168 1.55639 0.396321
2.2558 -1.70818 0.903168 1.55635 0.396304
2.25585 -1.70818 0.903168 1.55632 0.396286
2.2559 -1.70818 0.903168 1.55628 0.396269
2.25595 -1.70818 0.903168 1.55625 0.396251
2.256 -1.70818 0.903168 1.55621 0.396233
2.25605 -1.70818 0.903168 1.55618 0.396216
2.2561 -1.70818 0.903168 1.55614 0.396198
2.25615 -1.70818 0.903168 1.55611 0.396181
2.2562 -1.70818 0.903168 1.55607 0.396163
2.25625 -1.70818 0.903168 1.55604 0.396146
2.2563 -1.70818 0.903168 1.55601 0.396128
2.25635 -1.70818 0.903168 1.55597 0.396111
2.2564 -1.7083 0.903218 1.55803 0.395991
2.25645 -1.7083 0.903218 1.55799 0.395973
2.2565 -1.7083 0.903218 1.55796 0.395956
2.25655 -1.70822 0.90319 1.55786 0.396027
2.2566 -1.70821 0.903188 1.55782 0.396021
2.25665 -1.70821 0.903188 1.55779 0.396003
2.2567 -1.70821 0.903188 1.55775 0.395986
2.25675 -1.70821 0.903188 1.55772 0.395968
2.2568 -1.70818 0.903175 1.55661 0.395984
2.25685 -1.70812 0.903155 1.55782 0.396002
2.2569 -1.70812 0.903155 1.55779 0.395984
2.25695 -1.70812 0.903155 1.55775 0.395967
2.257 -1.70816 0.903165 1.55776 0.395905
2.25705 -1.70816 0.903165 1.55773 0.395887
2.2571 -1.70805 0.903123 1.55755 0.395992
2.25715 -1.70808 0.903135 1.55761 0.395941
2.2572 -1.70808 0.903135 1.55758 0.395923
2.25725 -1.70798 0.9031 1.55563 0.396017
2.2573 -1.70798 0.9031 1.55559 0.396
2.25735 -1.70798 0.9031 1.55556 0.395982
2.2574 -1.70798 0.9031 1.55552 0.395964
2.25745 -1.70798 0.9031 1.55549 0.395947
2.2575 -1.70795 0.90309 1.55545 0.395963
2.25755 -1.70794 0.903088 1.55541 0.395956
2.2576 -1.70794 0.903088 1.55537 0.395939
2.25765 -1.70794 0.903088 1.55534 0.395921
2.2577 -1.70794 0.903088 1.5553 0.395904
2.25775 -1.70794 0.903088 1.55527 0.395886
2.2578 -1.70794 0.903088 1.55524 0.395869
2.25785 -1.7081 0.903147 1.55532 0.395705
2.2579 -1.7081 0.903147 1.55529 0.395687
2.25795 -1.7081 0.903147 1.55525 0.39567
2.258 -1.7081 0.903147 1.55522 0.395652
2.25805 -1.70823 0.903192 1.55705 0.39549
2.2581 -1.70823 0.903192 1.55702 0.395473
2.25815 -1.70805 0.903135 1.55691 0.395655
2.2582 -1.70805 0.903135 1.55688 0.395638
2.25825 -1.70805 0.903135 1.55515 0.39562
2.2583 -1.70805 0.903135 1.55512 0.395603
2.25835 -1.70805 0.903135 1.55508 0.395585
2.2584 -1.70805 0.903135 1.55505 0.395567
2.25845 -1.70804 0.90313 1.555 0.395561
2.2585 -1.70808 0.903142 1.55665 0.395499
2.25855 -1.70808 0.903142 1.55662 0.395482
2.2586 -1.70808 0.903142 1.55658 0.395464
2.25865 -1.70808 0.903142 1.55655 0.395447
2.2587 -1.70808 0.903142 1.55651 0.395429
2.25875 -1.70808 0.903142 1.55648 0.395412
2.2588 -1.70808 0.903142 1.55644 0.395394
2.25885 -1.70806 0.903135 1.55639 0.395399
2.2589 -1.70776 0.903038 1.55574 0.395746
2.25895 -1.70776 0.903038 1.5557 0.395728
2.259 -1.70766 0.903007 1.55504 0.395822
2.25905 -1.70748 0.902948 1.5544 0.396004
2.2591 -1.70748 0.902948 1.55437 0.395986
2.25915 -1.70748 0.902948 1.55433 0.395969
2.2592 -1.70748 0.902948 1.5543 0.395951
2.25925 -1.70748 0.902948 1.55426 0.395934
2.2593 -1.70748 0.902948 1.55423 0.395916
2.25935 -1.70746 0.902942 1.55418 0.395921
2.2594 -1.70746 0.902942 1.55415 0.395903
2.25945 -1.70746 0.902942 1.55411 0.395886
2.2595 -1.70746 0.902942 1.55408 0.395868
2.25955 -1.70743 0.90293 1.55438 0.395884
2.2596 -1.70743 0.90293 1.55434 0.395866
2.25965 -1.70743 0.90293 1.55431 0.395849
2.2597 -1.70736 0.902905 1.55422 0.395909
2.25975 -1.70726 0.90287 1.55522 0.396002
2.2598 -1.70726 0.90287 1.55519 0.395985
2.25985 -1.70714 0.902833 1.55507 0.3961
2.2599 -1.70714 0.902833 1.55503 0.396083
2.25995 -1.70714 0.902833 1.555 0.396065
2.26 -1.70713 0.902828 1.55496 0.396059
2.26005 -1.70713 0.902828 1.55493 0.396041
2.2601 -1.70713 0.902828 1.55489 0.396024
2.26015 -1.70713 0.902828 1.55486 0.396006
2.2602 -1.70713 0.902828 1.55482 0.395988
2.26025 -1.70712 0.902825 1.55478 0.395982
2.2603 -1.70712 0.902825 1.55475 0.395964
2.26035 -1.70712 0.902825 1.55471 0.395947
2.2604 -1.70712 0.902825 1.55468 0.395929
2.26045 -1.70712 0.902825 1.55464 0.395912
2.2605 -1.70712 0.902825 1.55461 0.395894
2.26055 -1.70712 0.902825 1.55458 0.395877
2.2606 -1.70712 0.902825 1.55454 0.395859
2.26065 -1.70683 0.902728 1.55424 0.396194
2.2607 -1.70683 0.902728 1.55421 0.396177
2.26075 -1.70683 0.902728 1.55417 0.396159
2.2608 -1.70674 0.902698 1.55259 0.396272
2.26085 -1.70674 0.902698 1.55256 0.396255
2.2609 -1.70666 0.902667 1.55245 0.396326
2.26095 -1.70666 0.902667 1.55242 0.396308
2.261 -1.70666 0.902667 1.55239 0.396291
2.26105 -1.70666 0.902667 1.55235 0.396273
2.2611 -1.70666 0.902667 1.55232 0.396256
2.26115 -1.70668 0.902675 1.5523 0.396216
2.2612 -1.70668 0.902675 1.55226 0.396199
2.26125 -1.70668 0.902675 1.55223 0.396181
2.2613 -1.70668 0.902675 1.55219 0.396164
2.26135 -1.70651 0.902617 1.55212 0.396334
2.2614 -1.70651 0.902617 1.55209 0.396316
2.26145 -1.70651 0.902617 1.55205 0.396299
2.2615 -1.70651 0.902617 1.55202 0.396281
2.26155 -1.70626 0.902535 1.55183 0.396571
2.2616 -1.70626 0.902535 1.55179 0.396554
2.26165 -1.70629 0.902545 1.55179 0.396503
2.2617 -1.70629 0.902545 1.55175 0.396486
2.26175 -1.70628 0.90254 1.55171 0.396479
2.2618 -1.70628 0.90254 1.55168 0.396462
2.26185 -1.70628 0.90254 1.55164 0.396444
2.2619 -1.70628 0.90254 1.55161 0.396427
2.26195 -1.70628 0.90254 1.55157 0.396409
2.262 -1.70621 0.902515 1.55291 0.396469
2.26205 -1.7059 0.902408 1.5516 0.396793
2.2621 -1.7059 0.902408 1.55156 0.396776
2.26215 -1.7059 0.902408 1.55153 0.396758
2.2622 -1.70566 0.902327 1.55226 0.397006
2.26225 -1.70539 0.902232 1.54925 0.397286
2.2623 -1.70527 0.902195 1.54871 0.397401
2.26235 -1.70526 0.902192 1.54867 0.397394
2.2624 -1.70526 0.902192 1.54864 0.397377
2.26245 -1.70526 0.902192 1.5486 0.397359
2.2625 -1.70526 0.902192 1.54857 0.397341
2.26255 -1.70526 0.902192 1.54854 0.397324
2.2626 -1.70526 0.902192 1.5485 0.397306
2.26265 -1.70537 0.902238 1.54855 0.397167
2.2627 -1.70541 0.902247 1.55064 0.397106
2.26275 -1.70541 0.902247 1.5506 0.397088
2.2628 -1.70541 0.902247 1.55057 0.397071
2.26285 -1.70536 0.902235 1.5492 0.397108
2.2629 -1.70547 0.902273 1.54926 0.396938
2.26295 -1.70547 0.902273 1.54916 0.396921
2.263 -1.70547 0.902273 1.54912 0.396903
2.26305 -1.70547 0.902273 1.54909 0.396886
2.2631 -1.70547 0.902273 1.54905 0.396868
2.26315 -1.70547 0.902273 1.54902 0.396851
2.2632 -1.70547 0.902273 1.54899 0.396833
2.26325 -1.70547 0.902273 1.54895 0.396816
2.2633 -1.70547 0.902273 1.54892 0.396798
2.26335 -1.70558 0.90231 1.54897 0.396659
2.2634 -1.70558 0.90231 1.54894 0.396642
2.26345 -1.70558 0.90231 1.5489 0.396624
2.2635 -1.70539 0.902245 1.55007 0.396816
2.26355 -1.70478 0.902018 1.54959 0.39747
2.2636 -1.70478 0.902018 1.54955 0.397452
2.26365 -1.70478 0.902018 1.54952 0.397435
2.2637 -1.70478 0.902018 1.54948 0.397417
2.26375 -1.70483 0.902035 1.54682 0.397345
2.2638 -1.70472 0.902 1.55014 0.397448
2.26385 -1.7048 0.90203 1.54881 0.397374
2.2639 -1.70487 0.902057 1.54884 0.397311
2.26395 -1.70481 0.902045 1.54889 0.397359
2.264 -1.70481 0.902045 1.54885 0.397341
2.26405 -1.70472 0.902012 1.54875 0.397423
2.2641 -1.70472 0.902012 1.54871 0.397405
2.26415 -1.70472 0.902012 1.54868 0.397388
2.2642 -1.70472 0.902012 1.54865 0.39737
2.26425 -1.70466 0.901985 1.54855 0.397419
2.2643 -1.70466 0.901985 1.54852 0.397401
2.26435 -1.70439 0.90189 1.54829 0.39768
2.2644 -1.70413 0.901802 1.54806 0.397948
2.26445 -1.70413 0.901802 1.54802 0.397931
2.2645 -1.70413 0.901802 1.54799 0.397913
2.26455 -1.70406 0.90178 1.5491 0.397973
2.2646 -1.70406 0.90178 1.54907 0.397955
2.26465 -1.70406 0.90178 1.54904 0.397938
2.2647 -1.70439 0.901895 1.54922 0.397557
2.26475 -1.70488 0.902065 1.54957 0.397001
2.2648 -1.70488 0.902065 1.54953 0.396984
2.26485 -1.70488 0.902065 1.5495 0.396966
2.2649 -1.70488 0.902065 1.54947 0.396949
2.26495 -1.70478 0.90203 1.54937 0.397041
2.265 -1.70478 0.90203 1.54933 0.397024
2.26505 -1.70471 0.902012 1.54925 0.397083
2.2651 -1.70471 0.902012 1.54922 0.397066
2.26515 -1.70481 0.90205 1.54926 0.396938
2.2652 -1.70481 0.90205 1.54922 0.396921
2.26525 -1.70481 0.90205 1.54919 0.396903
2.2653 -1.70481 0.90205 1.54916 0.396886
2.26535 -1.70481 0.90205 1.54912 0.396868
2.2654 -1.70481 0.90205 1.54909 0.39685
2.26545 -1.70481 0.90205 1.54905 0.396833
2.2655 -1.70481 0.90205 1.54902 0.396815
2.26555 -1.70481 0.90205 1.54898 0.396798
2.2656 -1.70481 0.90205 1.54895 0.39678
2.26565 -1.70481 0.90205 1.54892 0.396763
2.2657 -1.70481 0.90205 1.54888 0.396745
2.26575 -1.70476 0.902033 1.54929 0.396783
2.2658 -1.70476 0.902033 1.54926 0.396765
2.26585 -1.70483 0.902055 1.54778 0.396671
2.2659 -1.70483 0.902055 1.54775 0.396653
2.26595 -1.70483 0.902055 1.54771 0.396636
2.266 -1.70483 0.902055 1.54768 0.396618
2.26605 -1.70501 0.902118 1.54925 0.396403
2.2661 -1.70478 0.902042 1.54896 0.396638
2.26615 -1.70472 0.902025 1.54898 0.396687
2.2662 -1.70463 0.901998 1.54889 0.396768
2.26625 -1.70463 0.901998 1.54886 0.39675
2.2663 -1.70463 0.901998 1.54882 0.396733
2.26635 -1.70457 0.90198 1.5485 0.396781
2.2664 -1.70459 0.901988 1.54848 0.396742
2.26645 -1.70459 0.901988 1.54845 0.396724
2.2665 -1.70459 0.901988 1.54841 0.396707
2.26655 -1.70459 0.901988 1.54838 0.396689
2.2666 -1.70462 0.901998 1.54862 0.396639
2.26665 -1.70462 0.901998 1.54858 0.396621
2.2667 -1.70436 0.901918 1.54836 0.396889
2.26675 -1.70436 0.901918 1.54833 0.396872
2.2668 -1.70436 0.901918 1.54829 0.396854
2.26685 -1.70436 0.901918 1.54826 0.396837
2.2669 -1.70436 0.901918 1.54822 0.396819
2.26695 -1.70435 0.901913 1.54818 0.396813
2.267 -1.70435 0.901913 1.54815 0.396795
2.26705 -1.7044 0.901933 1.54741 0.396723
2.2671 -1.7044 0.901933 1.54737 0.396705
2.26715 -1.7044 0.901933 1.54734 0.396688
2.2672 -1.7045 0.901968 1.54777 0.396561
2.26725 -1.7045 0.901968 1.54773 0.396543
2.2673 -1.7045 0.901968 1.5477 0.396526
2.26735 -1.7045 0.901968 1.54766 0.396508
2.2674 -1.70434 0.901918 1.54752 0.396697
2.26745 -1.70423 0.901877 1.54742 0.396769
2.2675 -1.70423 0.901872 1.54769 0.396752
2.26755 -1.70423 0.901872 1.54765 0.396734
2.2676 -1.70366 0.901675 1.54673 0.397341
2.26765 -1.70366 0.901675 1.5467 0.397323
2.2677 -1.70366 0.901675 1.54666 0.397306
2.26775 -1.70356 0.90164 1.54637 0.397429
2.2678 -1.70354 0.901632 1.54632 0.397433
2.26785 -1.70354 0.901632 1.54628 0.397416
2.2679 -1.70354 0.901632 1.54625 0.397398
2.26795 -1.7035 0.90162 1.54619 0.397424
2.268 -1.7035 0.90162 1.54615 0.397407
2.26805 -1.7035 0.90162 1.54612 0.397389
2.2681 -1.70372 0.901698 1.54624 0.397131
2.26815 -1.70352 0.901632 1.54663 0.397332
2.2682 -1.70352 0.901632 1.54659 0.397315
2.26825 -1.70352 0.901632 1.54656 0.397297
2.2683 -1.70346 0.901613 1.54571 0.397346
2.26835 -1.70376 0.901715 1.54585 0.397
2.2684 -1.70376 0.901715 1.54582 0.396982
2.26845 -1.70376 0.901715 1.54657 0.396965
2.2685 -1.70376 0.901715 1.54653 0.396947
2.26855 -1.70375 0.90171 1.54649 0.396941
2.2686 -1.70373 0.901705 1.54442 0.396945
2.26865 -1.70373 0.901705 1.54438 0.396928
2.2687 -1.70373 0.901705 1.54435 0.39691
2.26875 -1.70373 0.901705 1.54432 0.396893
2.2688 -1.70373 0.901705 1.54428 0.396875
2.26885 -1.70376 0.90172 1.5443 0.396856
2.2689 -1.70376 0.90172 1.54426 0.396838
2.26895 -1.70376 0.90172 1.54423 0.396821
2.269 -1.7037 0.9017 1.5462 0.396869
2.26905 -1.7037 0.9017 1.54617 0.396852
2.2691 -1.7037 0.9017 1.54613 0.396834
2.26915 -1.7037 0.9017 1.5461 0.396817
2.2692 -1.7037 0.9017 1.54606 0.396799
2.26925 -1.7037 0.9017 1.54603 0.396782
2.2693 -1.7037 0.9017 1.546 0.396764
2.26935 -1.7037 0.9017 1.54596 0.396747
2.2694 -1.7037 0.9017 1.54593 0.396729
2.26945 -1.70365 0.901687 1.54529 0.396766
2.2695 -1.70395 0.901795 1.54617 0.396421
2.26955 -1.70397 0.9018 1.54615 0.396382
2.2696 -1.70372 0.901713 1.54593 0.396637
2.26965 -1.70372 0.901713 1.5459 0.39662
2.2697 -1.70372 0.901713 1.54586 0.396602
2.26975 -1.70372 0.901713 1.54583 0.396585
2.2698 -1.70372 0.901713 1.54579 0.396568
2.26985 -1.70372 0.901713 1.54576 0.39655
2.2699 -1.70372 0.901713 1.54573 0.396533
2.26995 -1.70372 0.901713 1.54569 0.396515
2.27 -1.70372 0.901713 1.54566 0.396498
2.27005 -1.70404 0.901825 1.54539 0.39613
2.2701 -1.70404 0.901825 1.54535 0.396113
2.27015 -1.70393 0.901792 1.54523 0.396247
2.2702 -1.70393 0.901792 1.5452 0.396229
2.27025 -1.70389 0.901778 1.54551 0.396256
2.2703 -1.70389 0.901778 1.54548 0.396238
2.27035 -1.70387 0.90177 1.54543 0.396243
2.2704 -1.70384 0.90176 1.54541 0.396289
2.27045 -1.70384 0.90176 1.54538 0.396271
2.2705 -1.70382 0.901752 1.54528 0.396276
2.27055 -1.70382 0.901752 1.54525 0.396258
2.2706 -1.70382 0.901752 1.54521 0.396241
2.27065 -1.70382 0.901752 1.54518 0.396224
2.2707 -1.70382 0.901752 1.54515 0.396206
2.27075 -1.70382 0.901752 1.54511 0.396189
2.2708 -1.70382 0.901752 1.54508 0.396171
2.27085 -1.70433 0.901925 1.5454 0.395566
2.2709 -1.70433 0.901925 1.54537 0.395548
2.27095 -1.70433 0.901925 1.54534 0.395531
2.271 -1.70433 0.901925 1.5453 0.395513
2.27105 -1.70433 0.901925 1.54527 0.395496
2.2711 -1.70457 0.902012 1.54553 0.395216
2.27115 -1.70472 0.90206 1.5456 0.395035
2.2712 -1.70472 0.90206 1.54557 0.395018
2.27125 -1.70472 0.90206 1.54554 0.395
2.2713 -1.70454 0.901998 1.54537 0.39518
2.27135 -1.70454 0.901998 1.54533 0.395162
2.2714 -1.70469 0.902048 1.54541 0.394981
2.27145 -1.70464 0.902033 1.54534 0.395018
2.2715 -1.70464 0.902033 1.5453 0.395001
2.27155 -1.70464 0.902033 1.54527 0.394983
2.2716 -1.70464 0.902033 1.54523 0.394966
2.27165 -1.70464 0.902033 1.5452 0.394949
2.2717 -1.70464 0.902033 1.54517 0.394931
2.27175 -1.70464 0.902033 1.54513 0.394914
2.2718 -1.70441 0.901955 1.54493 0.395148
2.27185 -1.70441 0.901955 1.54489 0.39513
2.2719 -1.70441 0.901955 1.54486 0.395113
2.27195 -1.70391 0.901785 1.54446 0.395672
2.272 -1.70391 0.901785 1.54443 0.395655
2.27205 -1.70391 0.901785 1.5444 0.395637
2.2721 -1.70391 0.901785 1.54436 0.39562
2.27215 -1.70391 0.901785 1.54433 0.395602
2.2722 -1.70374 0.901728 1.54414 0.39577
2.27225 -1.70374 0.901728 1.5441 0.395753
2.2723 -1.7038 0.90175 1.54411 0.39567
2.27235 -1.7038 0.90175 1.54408 0.395653
2.2724 -1.70368 0.90171 1.54396 0.395766
2.27245 -1.70368 0.90171 1.54392 0.395749
2.2725 -1.70368 0.90171 1.54389 0.395731
2.27255 -1.70368 0.90171 1.54385 0.395714
2.2726 -1.70368 0.90171 1.54382 0.395696
2.27265 -1.70368 0.90171 1.54379 0.395679
2.2727 -1.70355 0.901665 1.54351 0.395803
2.27275 -1.70368 0.901707 1.54377 0.395644
2.2728 -1.70368 0.901707 1.54374 0.395627
2.27285 -1.70368 0.901707 1.54371 0.395609
2.2729 -1.70368 0.901707 1.54367 0.395592
2.27295 -1.70368 0.901707 1.54364 0.395575
2.273 -1.70367 0.901702 1.54359 0.395568
2.27305 -1.70367 0.901702 1.54356 0.395551
2.2731 -1.70367 0.901702 1.54352 0.395533
2.27315 -1.70367 0.901702 1.54349 0.395516
2.2732 -1.70367 0.901702 1.54346 0.395499
2.27325 -1.70352 0.901652 1.54331 0.395644
2.2733 -1.70371 0.901722 1.54341 0.39542
2.27335 -1.70373 0.901728 1.54339 0.395381
2.2734 -1.70373 0.901728 1.54336 0.395364
2.27345 -1.70358 0.901675 1.54321 0.39551
2.2735 -1.70367 0.901715 1.54324 0.395425
2.27355 -1.70368 0.901717 1.54308 0.395366
2.2736 -1.70368 0.901717 1.54304 0.395348
2.27365 -1.70368 0.901717 1.54301 0.395331
2.2737 -1.70338 0.901617 1.54281 0.39564
2.27375 -1.70344 0.90164 1.54283 0.395558
2.2738 -1.7035 0.901663 1.5426 0.395475
2.27385 -1.7035 0.901663 1.54257 0.395457
2.2739 -1.70357 0.901687 1.54264 0.395364
2.27395 -1.70357 0.901687 1.5426 0.395347
2.274 -1.70357 0.901687 1.54257 0.395329
2.27405 -1.70357 0.901687 1.54254 0.395312
2.2741 -1.70357 0.901687 1.5425 0.395294
2.27415 -1.70357 0.901687 1.54247 0.395277
2.2742 -1.70351 0.90167 1.54186 0.395325
2.27425 -1.70337 0.901635 1.54175 0.395491
2.2743 -1.70329 0.901602 1.54188 0.395529
2.27435 -1.70317 0.90156 1.54228 0.395643
2.2744 -1.70317 0.90156 1.54224 0.395625
2.27445 -1.70317 0.90156 1.54221 0.395608
2.2745 -1.70317 0.90156 1.54218 0.39559
2.27455 -1.70317 0.90156 1.54214 0.395573
2.2746 -1.70317 0.90156 1.54211 0.395556
2.27465 -1.70317 0.90156 1.54207 0.395538
2.2747 -1.70317 0.90156 1.54204 0.395521
2.27475 -1.70317 0.90156 1.54201 0.395503
2.2748 -1.70317 0.90156 1.54197 0.395486
2.27485 -1.70316 0.90156 1.54199 0.39548
2.2749 -1.70316 0.90156 1.54195 0.395462
2.27495 -1.70313 0.901547 1.5419 0.395477
2.275 -1.70313 0.901547 1.54186 0.39546
2.27505 -1.70297 0.901493 1.54171 0.395617
2.2751 -1.70297 0.901493 1.54168 0.395599
2.27515 -1.70297 0.901493 1.54164 0.395582
2.2752 -1.70297 0.901493 1.54161 0.395564
2.27525 -1.70289 0.901467 1.54129 0.395634
2.2753 -1.70273 0.901415 1.54113 0.39579
2.27535 -1.70265 0.901385 1.54103 0.39586
2.2754 -1.7026 0.90137 1.54096 0.395897
2.27545 -1.70253 0.901345 1.54058 0.395955
2.2755 -1.70251 0.901338 1.54053 0.395929
2.27555 -1.7029 0.901485 1.54132 0.395519
2.2756 -1.70254 0.901362 1.54036 0.395892
2.27565 -1.70254 0.901362 1.54032 0.395875
2.2757 -1.70254 0.901362 1.54029 0.395857
2.27575 -1.70254 0.901362 1.54026 0.39584
2.2758 -1.70254 0.901362 1.54022 0.395823
2.27585 -1.70254 0.901362 1.54019 0.395805
2.2759 -1.70256 0.90137 1.54073 0.395766
2.27595 -1.70256 0.90137 1.54069 0.395749
2.276 -1.7025 0.901347 1.54035 0.395796
2.27605 -1.7025 0.901347 1.54071 0.39581
2.2761 -1.7025 0.901347 1.54067 0.395793
2.27615 -1.7025 0.901347 1.54064 0.395775
2.2762 -1.7025 0.901347 1.5406 0.395758
2.27625 -1.7025 0.901347 1.54057 0.39574
2.2763 -1.7025 0.901347 1.54054 0.395723
2.27635 -1.70244 0.901327 1.54046 0.395771
2.2764 -1.70235 0.901308 1.54002 0.395882
2.27645 -1.70235 0.901308 1.53998 0.395864
2.2765 -1.70235 0.901308 1.53995 0.395847
2.27655 -1.70224 0.901267 1.54012 0.395949
2.2766 -1.7019 0.901147 1.53977 0.396331
2.27665 -1.7019 0.901147 1.53974 0.396313
2.2767 -1.70164 0.901062 1.53951 0.396578
2.27675 -1.70164 0.901062 1.53947 0.39656
2.2768 -1.70164 0.901062 1.53944 0.396543
2.27685 -1.70123 0.90092 1.53911 0.396969
2.2769 -1.70123 0.90092 1.53907 0.396952
2.27695 -1.70132 0.900957 1.53904 0.396868
2.277 -1.70132 0.900957 1.53901 0.39685
2.27705 -1.70132 0.900957 1.53898 0.396833
2.2771 -1.70132 0.900957 1.53894 0.396815
2.27715 -1.70132 0.900957 1.53891 0.396798
2.2772 -1.70132 0.900957 1.53887 0.396781
2.27725 -1.70135 0.900968 1.53886 0.396731
2.2773 -1.70115 0.900898 1.53869 0.39693
2.27735 -1.70115 0.900898 1.53866 0.396912
2.2774 -1.70115 0.900898 1.53863 0.396895
2.27745 -1.70115 0.900898 1.53859 0.396877
2.2775 -1.70115 0.900898 1.53856 0.39686
2.27755 -1.70095 0.900833 1.53838 0.39709
2.2776 -1.70095 0.900833 1.53835 0.397072
2.27765 -1.70095 0.900833 1.53831 0.397055
2.2777 -1.701 0.90085 1.5371 0.396983
2.27775 -1.701 0.90085 1.53707 0.396966
2.2778 -1.701 0.90085 1.53704 0.396948
2.27785 -1.701 0.90085 1.537 0.396931
2.2779 -1.701 0.90085 1.53697 0.396913
2.27795 -1.70097 0.90084 1.53691 0.396928
2.278 -1.70097 0.900845 1.53743 0.396942
2.27805 -1.70121 0.900927 1.53758 0.396665
2.2781 -1.70121 0.900927 1.53755 0.396648
2.27815 -1.70121 0.900927 1.53751 0.39663
2.2782 -1.70129 0.900957 1.53754 0.396526
2.27825 -1.70129 0.900957 1.5375 0.396509
2.2783 -1.70129 0.900957 1.53747 0.396492
2.27835 -1.70129 0.900957 1.53744 0.396474
2.2784 -1.70129 0.900957 1.5374 0.396457
2.27845 -1.70141 0.901 1.53743 0.396279
2.2785 -1.70141 0.901 1.5374 0.396261
2.27855 -1.70141 0.901 1.53737 0.396244
2.2786 -1.70141 0.901 1.53733 0.396227
2.27865 -1.70141 0.901 1.5373 0.396209
2.2787 -1.70141 0.901 1.53726 0.396192
2.27875 -1.7011 0.900892 1.53784 0.396509
2.2788 -1.7011 0.900892 1.53781 0.396492
2.27885 -1.70096 0.900845 1.5367 0.396626
2.2789 -1.70096 0.900845 1.53667 0.396608
2.27895 -1.70096 0.900845 1.53663 0.396591
2.279 -1.70089 0.900822 1.53655 0.396649
2.27905 -1.70091 0.90083 1.53743 0.396641
2.2791 -1.70091 0.90083 1.53739 0.396624
2.27915 -1.70056 0.90071 1.53708 0.396984
2.2792 -1.70056 0.90071 1.53704 0.396966
2.27925 -1.70056 0.90071 1.53701 0.396949
2.2793 -1.70056 0.90071 1.53698 0.396932
2.27935 -1.70046 0.900675 1.53687 0.397022
2.2794 -1.70046 0.900675 1.53683 0.397005
2.27945 -1.70049 0.900678 1.53681 0.396955
2.2795 -1.70049 0.900678 1.53677 0.396938
2.27955 -1.70049 0.900678 1.53674 0.39692
2.2796 -1.70049 0.900678 1.53671 0.396903
2.27965 -1.70035 0.900628 1.53533 0.397036
2.2797 -1.70029 0.900608 1.53551 0.397083
2.27975 -1.70029 0.900608 1.53547 0.397066
2.2798 -1.70029 0.900608 1.53544 0.397049
2.27985 -1.70029 0.900608 1.53541 0.397031
2.2799 -1.70029 0.900608 1.53537 0.397014
2.27995 -1.70029 0.900608 1.53534 0.396996
2.28 -1.70029 0.900608 1.5353 0.396979
2.28005 -1.70024 0.90059 1.53524 0.397015
2.2801 -1.70024 0.90059 1.5352 0.396998
2.28015 -1.70024 0.90059 1.53517 0.396981
2.2802 -1.70029 0.900605 1.53562 0.396909
2.28025 -1.70029 0.900605 1.53559 0.396892
2.2803 -1.70029 0.900605 1.53556 0.396875
2.28035 -1.70028 0.900602 1.53552 0.396868
2.2804 -1.70028 0.900602 1.53548 0.396851
2.28045 -1.70028 0.900602 1.53545 0.396833
2.2805 -1.70028 0.900602 1.53541 0.396816
2.28055 -1.70014 0.900558 1.53528 0.396949
2.2806 -1.70014 0.900558 1.53524 0.396932
2.28065 -1.70014 0.900558 1.53521 0.396914
2.2807 -1.69996 0.900497 1.53295 0.397091
2.28075 -1.69998 0.900505 1.5351 0.397052
2.2808 -1.69952 0.90035 1.53531 0.397529
2.28085 -1.69952 0.90035 1.53527 0.397512
2.2809 -1.6995 0.900343 1.53523 0.397516
2.28095 -1.6995 0.900343 1.53519 0.397499
2.281 -1.6995 0.900343 1.53516 0.397481
2.28105 -1.6995 0.900343 1.53512 0.397464
2.2811 -1.69951 0.900347 1.5351 0.397436
2.28115 -1.69925 0.900253 1.53481 0.397698
2.2812 -1.69925 0.900253 1.53478 0.39768
2.28125 -1.69926 0.900255 1.53475 0.397652
2.2813 -1.69926 0.900255 1.53472 0.397635
2.28135 -1.69926 0.900255 1.53468 0.397617
2.2814 -1.69927 0.90026 1.53434 0.397589
2.28145 -1.69927 0.90026 1.53431 0.397572
2.2815 -1.69927 0.90026 1.53427 0.397554
2.28155 -1.69903 0.900173 1.53421 0.397795
2.2816 -1.69903 0.900173 1.53418 0.397777
2.28165 -1.69903 0.900173 1.53414 0.39776
2.2817 -1.69903 0.900173 1.53411 0.397742
2.28175 -1.69906 0.900182 1.53317 0.397693
2.2818 -1.69906 0.900182 1.53313 0.397675
2.28185 -1.69906 0.900182 1.5331 0.397658
2.2819 -1.69906 0.900182 1.53307 0.39764
2.28195 -1.69906 0.900182 1.53303 0.397623
2.282 -1.69906 0.900182 1.533 0.397606
2.28205 -1.69906 0.900182 1.53297 0.397588
2.2821 -1.69895 0.900145 1.53286 0.397689
2.28215 -1.69875 0.900075 1.52955 0.397886
2.2822 -1.69875 0.900075 1.52952 0.397869
2.28225 -1.69875 0.900075 1.52949 0.397851
2.2823 -1.69875 0.900075 1.52945 0.397834
2.28235 -1.69875 0.900075 1.52942 0.397816
2.2824 -1.69888 0.900123 1.5295 0.397659
2.28245 -1.69887 0.900123 1.52944 0.397653
2.2825 -1.69887 0.900123 1.5294 0.397635
2.28255 -1.69887 0.900123 1.52937 0.397618
2.2826 -1.69887 0.900123 1.52934 0.3976
2.28265 -1.69887 0.900123 1.5293 0.397583
2.2827 -1.69887 0.900123 1.52927 0.397566
2.28275 -1.69887 0.900123 1.52924 0.397548
2.2828 -1.69887 0.900123 1.5292 0.397531
2.28285 -1.69887 0.900123 1.52917 0.397513
2.2829 -1.69887 0.900123 1.52914 0.397496
2.28295 -1.69906 0.90019 1.53342 0.397275
2.283 -1.69906 0.90019 1.53339 0.397257
2.28305 -1.69906 0.90019 1.53335 0.39724
2.2831 -1.69891 0.900135 1.53319 0.397353
2.28315 -1.69885 0.900118 1.53312 0.3974
2.2832 -1.69885 0.900118 1.53308 0.397382
2.28325 -1.69885 0.900118 1.53305 0.397365
2.2833 -1.69879 0.900095 1.53297 0.397412
2.28335 -1.69879 0.900095 1.53294 0.397394
2.2834 -1.69881 0.900103 1.53292 0.397356
2.28345 -1.69881 0.900103 1.53289 0.397338
2.2835 -1.69881 0.900103 1.53285 0.397321
2.28355 -1.69881 0.900103 1.53282 0.397303
2.2836 -1.69881 0.900103 1.53279 0.397286
2.28365 -1.69886 0.900118 1.53279 0.397215
2.2837 -1.69886 0.900118 1.53275 0.397198
2.28375 -1.69853 0.900005 1.53181 0.397565
2.2838 -1.69853 0.900005 1.53178 0.397547
2.28385 -1.69853 0.900005 1.53174 0.39753
2.2839 -1.69853 0.900005 1.53171 0.397512
2.28395 -1.69853 0.900005 1.53168 0.397495
2.284 -1.69853 0.900005 1.53164 0.397477
2.28405 -1.69853 0.900005 1.53161 0.39746
2.2841 -1.69853 0.900005 1.53158 0.397443
2.28415 -1.69853 0.900005 1.53154 0.397425
2.2842 -1.69856 0.900018 1.53153 0.397376
2.28425 -1.69856 0.900018 1.53149 0.397358
2.2843 -1.69858 0.900025 1.531 0.39732
2.28435 -1.69873 0.900085 1.5281 0.397172
2.2844 -1.69873 0.900085 1.52807 0.397155
2.28445 -1.69873 0.900085 1.52804 0.397137
2.2845 -1.69879 0.900105 1.52804 0.397056
2.28455 -1.69888 0.900138 1.53218 0.396942
2.2846 -1.69888 0.900138 1.53215 0.396925
2.28465 -1.69888 0.900138 1.53211 0.396907
2.2847 -1.69888 0.900138 1.53208 0.39689
2.28475 -1.69885 0.900125 1.53202 0.396905
2.2848 -1.69885 0.900125 1.53199 0.396887
2.28485 -1.69885 0.900125 1.53196 0.39687
2.2849 -1.69885 0.900125 1.53192 0.396852
2.28495 -1.69885 0.900125 1.53189 0.396835
2.285 -1.69893 0.900153 1.53208 0.396763
2.28505 -1.69893 0.900153 1.53205 0.396745
2.2851 -1.69888 0.900138 1.53158 0.396782
2.28515 -1.69888 0.900138 1.53155 0.396764
2.2852 -1.69883 0.900118 1.53188 0.3968
2.28525 -1.69883 0.900118 1.53185 0.396783
2.2853 -1.69883 0.900118 1.53182 0.396766
2.28535 -1.69883 0.900118 1.53178 0.396748
2.2854 -1.69883 0.900118 1.53175 0.396731
2.28545 -1.69883 0.900118 1.53171 0.396714
2.2855 -1.69883 0.900118 1.53168 0.396696
2.28555 -1.69908 0.900205 1.53183 0.396411
2.2856 -1.69889 0.900135 1.52495 0.396597
2.28565 -1.69858 0.90003 1.52473 0.396942
2.2857 -1.69858 0.90003 1.5247 0.396925
2.28575 -1.69858 0.90003 1.52467 0.396907
2.2858 -1.69846 0.899992 1.53014 0.397018
2.28585 -1.69849 0.900007 1.53021 0.396969
2.2859 -1.69849 0.900007 1.53018 0.396952
2.28595 -1.69789 0.899807 1.52967 0.397576
2.286 -1.69789 0.899807 1.52966 0.397558
2.28605 -1.69789 0.899807 1.52963 0.397541
2.2861 -1.69789 0.899807 1.5296 0.397523
2.28615 -1.69789 0.899807 1.52956 0.397506
2.2862 -1.69789 0.899807 1.52953 0.397489
2.28625 -1.69756 0.899695 1.52898 0.397824
2.2863 -1.69756 0.899695 1.52895 0.397806
2.28635 -1.69756 0.899695 1.52892 0.397789
2.2864 -1.69756 0.899695 1.52888 0.397771
2.28645 -1.69756 0.899695 1.52885 0.397754
2.2865 -1.69756 0.899695 1.52881 0.397737
2.28655 -1.69756 0.899695 1.52878 0.397719
2.2866 -1.69756 0.899695 1.52875 0.397702
2.28665 -1.69734 0.899622 1.5297 0.397919
2.2867 -1.69734 0.899622 1.52966 0.397902
2.28675 -1.69734 0.899622 1.52963 0.397884
2.2868 -1.69734 0.899622 1.5296 0.397867
2.28685 -1.69734 0.899622 1.52956 0.39785
2.2869 -1.69734 0.899622 1.52953 0.397832
2.28695 -1.69746 0.899663 1.52958 0.397687
2.287 -1.69731 0.89961 1.52945 0.397829
2.28705 -1.6971 0.899535 1.52797 0.398036
2.2871 -1.6971 0.899535 1.52793 0.398019
2.28715 -1.6971 0.899535 1.5279 0.398001
2.2872 -1.6971 0.899535 1.52787 0.397984
2.28725 -1.6971 0.899535 1.52899 0.397966
2.2873 -1.69704 0.899517 1.52891 0.398013
2.28735 -1.69711 0.899543 1.52895 0.397921
2.2874 -1.69711 0.899543 1.52892 0.397904
2.28745 -1.69708 0.899535 1.52886 0.397918
2.2875 -1.69708 0.899535 1.52883 0.397901
2.28755 -1.69708 0.899535 1.5288 0.397883
2.2876 -1.69723 0.899587 1.5251 0.397706
2.28765 -1.69731 0.899615 1.52511 0.397634
2.2877 -1.69731 0.899615 1.52508 0.397617
2.28775 -1.69731 0.899615 1.52504 0.397599
2.2878 -1.69731 0.899615 1.52501 0.397582
2.28785 -1.69714 0.899558 1.52368 0.397746
2.2879 -1.69702 0.899517 1.52774 0.397856
2.28795 -1.69702 0.899517 1.52771 0.397839
2.288 -1.69702 0.899517 1.52768 0.397821
2.28805 -1.69702 0.899517 1.52764 0.397804
2.2881 -1.6966 0.89937 1.5283 0.398234
2.28815 -1.69656 0.899355 1.52776 0.398259
2.2882 -1.69655 0.899352 1.52772 0.398252
2.28825 -1.69655 0.899352 1.52769 0.398235
2.2883 -1.69655 0.899352 1.52765 0.398217
2.28835 -1.69655 0.899352 1.52762 0.3982
2.2884 -1.69655 0.899352 1.52759 0.398183
2.28845 -1.69655 0.899352 1.52755 0.398165
2.2885 -1.69655 0.899352 1.52752 0.398148
2.28855 -1.69654 0.89935 1.52748 0.398141
2.2886 -1.6962 0.899235 1.52613 0.398485
2.28865 -1.69627 0.899265 1.52684 0.398393
2.2887 -1.69639 0.899303 1.52694 0.398218
2.28875 -1.69637 0.899295 1.52689 0.398222
2.2888 -1.69637 0.899295 1.52686 0.398204
2.28885 -1.69637 0.899295 1.52682 0.398187
2.2889 -1.69607 0.899197 1.52659 0.39855
2.28895 -1.69607 0.899197 1.52656 0.398532
2.289 -1.69607 0.899197 1.52653 0.398515
2.28905 -1.69607 0.899197 1.52649 0.398497
2.2891 -1.69594 0.899153 1.52636 0.398618
2.28915 -1.69594 0.899153 1.52633 0.398601
2.2892 -1.69601 0.899177 1.52682 0.398509
2.28925 -1.69566 0.899053 1.52496 0.398863
2.2893 -1.69563 0.899055 1.52678 0.398908
2.28935 -1.69563 0.899055 1.52675 0.398891
2.2894 -1.69563 0.899055 1.52672 0.398873
2.28945 -1.69563 0.899055 1.52668 0.398856
2.2895 -1.69587 0.89914 1.52676 0.398584
2.28955 -1.69596 0.89917 1.5268 0.398471
2.2896 -1.69596 0.89917 1.52676 0.398453
2.28965 -1.69596 0.89917 1.52673 0.398436
2.2897 -1.69596 0.89917 1.5267 0.398418
2.28975 -1.69596 0.89917 1.52666 0.398401
2.2898 -1.69596 0.89917 1.52663 0.398384
2.28985 -1.69596 0.89917 1.5266 0.398366
2.2899 -1.69596 0.89917 1.52656 0.398349
2.28995 -1.69596 0.89917 1.52653 0.398331
2.29 -1.69598 0.899177 1.52663 0.398293
2.29005 -1.69598 0.899177 1.52659 0.398275
2.2901 -1.69598 0.899177 1.52656 0.398258
2.29015 -1.69598 0.899177 1.52653 0.398241
2.2902 -1.69594 0.899165 1.52646 0.398266
2.29025 -1.69594 0.899165 1.52643 0.398248
2.2903 -1.69594 0.899165 1.5264 0.398231
2.29035 -1.69594 0.899165 1.52636 0.398214
2.2904 -1.69594 0.899165 1.52633 0.398196
2.29045 -1.69575 0.8991 1.52598 0.39838
2.2905 -1.69575 0.8991 1.52595 0.398363
2.29055 -1.69575 0.8991 1.52591 0.398346
2.2906 -1.69558 0.89904 1.52576 0.398509
2.29065 -1.69558 0.89904 1.52572 0.398491
2.2907 -1.69558 0.89904 1.52569 0.398474
2.29075 -1.69556 0.899033 1.52533 0.398478
2.2908 -1.69556 0.899033 1.52529 0.39846
2.29085 -1.69527 0.898937 1.5255 0.39875
2.2909 -1.69527 0.898937 1.52546 0.398733
2.29095 -1.69527 0.898937 1.52543 0.398715
2.291 -1.69527 0.898937 1.5254 0.398698
2.29105 -1.69534 0.898965 1.52516 0.398606
2.2911 -1.69502 0.89886 1.52517 0.398928
2.29115 -1.69496 0.898835 1.52512 0.398974
2.2912 -1.69496 0.898835 1.52508 0.398957
2.29125 -1.69483 0.898792 1.52496 0.399077
2.2913 -1.69493 0.898833 1.52496 0.398954
2.29135 -1.69491 0.898825 1.52484 0.398957
2.2914 -1.69491 0.898825 1.52481 0.39894
2.29145 -1.69491 0.898825 1.52478 0.398923
2.2915 -1.69491 0.898825 1.52474 0.398905
2.29155 -1.69491 0.898825 1.52471 0.398888
2.2916 -1.6949 0.89882 1.52478 0.398881
2.29165 -1.6949 0.89882 1.52474 0.398864
2.2917 -1.69475 0.898772 1.52446 0.399005
2.29175 -1.69475 0.898772 1.52443 0.398988
2.2918 -1.69475 0.898772 1.52439 0.39897
2.29185 -1.69475 0.898772 1.52436 0.398953
2.2919 -1.69475 0.898772 1.52433 0.398935
2.29195 -1.69475 0.898772 1.52429 0.398918
2.292 -1.69475 0.898772 1.52426 0.398901
2.29205 -1.69475 0.898772 1.52423 0.398883
2.2921 -1.69475 0.898772 1.52419 0.398866
2.29215 -1.6946 0.898717 1.52419 0.399007
2.2922 -1.6946 0.898717 1.52416 0.39899
2.29225 -1.6946 0.898717 1.52412 0.398972
2.2923 -1.6946 0.898717 1.52409 0.398955
2.29235 -1.69441 0.898652 1.52392 0.399138
2.2924 -1.69441 0.898652 1.52389 0.399121
2.29245 -1.69408 0.89854 1.52359 0.399452
2.2925 -1.69424 0.898593 1.52345 0.399266
2.29255 -1.69424 0.898593 1.52342 0.399248
2.2926 -1.69424 0.898593 1.52338 0.399231
2.29265 -1.69424 0.898593 1.52335 0.399213
2.2927 -1.69424 0.898595 1.52356 0.399196
2.29275 -1.69424 0.898595 1.52353 0.399179
2.2928 -1.69424 0.898595 1.52349 0.399161
2.29285 -1.69424 0.898595 1.52346 0.399144
2.2929 -1.69412 0.898558 1.52324 0.399253
2.29295 -1.69412 0.898558 1.52321 0.399236
2.293 -1.69421 0.898587 1.52237 0.399123
2.29305 -1.69419 0.89858 1.52232 0.399127
2.2931 -1.69419 0.89858 1.52229 0.39911
2.29315 -1.69407 0.898543 1.52279 0.399219
2.2932 -1.69407 0.898543 1.52275 0.399201
2.29325 -1.69407 0.898543 1.52272 0.399184
2.2933 -1.69407 0.898543 1.52269 0.399167
2.29335 -1.69407 0.898543 1.52265 0.399149
2.2934 -1.69393 0.89849 1.52272 0.39928
2.29345 -1.69393 0.89849 1.52269 0.399262
2.2935 -1.69393 0.89849 1.52266 0.399245
2.29355 -1.69393 0.89849 1.52262 0.399227
2.2936 -1.69375 0.89843 1.52248 0.39943
2.29365 -1.69375 0.89843 1.52245 0.399413
2.2937 -1.69375 0.89843 1.52241 0.399396
2.29375 -1.69375 0.89843 1.52238 0.399378
2.2938 -1.69375 0.89843 1.52235 0.399361
2.29385 -1.69376 0.898432 1.52232 0.399333
2.2939 -1.69376 0.898432 1.52229 0.399315
2.29395 -1.69363 0.898388 1.52217 0.399435
2.294 -1.69365 0.898395 1.52215 0.399397
2.29405 -1.69358 0.89837 1.52218 0.399453
2.2941 -1.69358 0.89837 1.52215 0.399436
2.29415 -1.69339 0.898305 1.52191 0.399618
2.2942 -1.69339 0.898305 1.52188 0.399601
2.29425 -1.69339 0.898305 1.52184 0.399584
2.2943 -1.69326 0.898262 1.52031 0.399703
2.29435 -1.69326 0.898262 1.52027 0.399686
2.2944 -1.69322 0.898253 1.52137 0.39971
2.29445 -1.69323 0.898255 1.52134 0.399682
2.2945 -1.69323 0.898255 1.52131 0.399665
2.29455 -1.69326 0.898265 1.5213 0.399616
2.2946 -1.69326 0.898265 1.52127 0.399599
2.29465 -1.69326 0.898265 1.52124 0.399581
2.2947 -1.69312 0.898215 1.52112 0.399681
2.29475 -1.69312 0.898215 1.52108 0.399663
2.2948 -1.69319 0.898243 1.52111 0.399603
2.29485 -1.6931 0.898212 1.521 0.39968
2.2949 -1.69284 0.898118 1.52019 0.399936
2.29495 -1.69284 0.898118 1.52016 0.399919
2.295 -1.69284 0.898118 1.52012 0.399901
2.29505 -1.69284 0.898118 1.52009 0.399884
2.2951 -1.69266 0.898057 1.51991 0.400056
2.29515 -1.6927 0.89807 1.51811 0.399996
2.2952 -1.69261 0.89804 1.52069 0.400074
2.29525 -1.69261 0.89804 1.52066 0.400056
2.2953 -1.69261 0.89804 1.52063 0.400039
2.29535 -1.69261 0.89804 1.52059 0.400021
2.2954 -1.69261 0.89804 1.52056 0.400004
2.29545 -1.69242 0.897972 1.52039 0.400186
2.2955 -1.69242 0.897972 1.52035 0.400169
2.29555 -1.69242 0.897972 1.52032 0.400151
2.2956 -1.69214 0.897877 1.5201 0.400428
2.29565 -1.69214 0.897877 1.52006 0.400411
2.2957 -1.69214 0.897877 1.52003 0.400393
2.29575 -1.69214 0.897877 1.52 0.400376
2.2958 -1.69214 0.897877 1.51996 0.400359
2.29585 -1.69186 0.897783 1.51969 0.400635
2.2959 -1.69186 0.897783 1.51966 0.400618
2.29595 -1.69186 0.897783 1.51963 0.4006
2.296 -1.69186 0.897783 1.51959 0.400583
2.29605 -1.69186 0.897783 1.51956 0.400565
2.2961 -1.69186 0.897783 1.51953 0.400548
2.29615 -1.69186 0.897783 1.51949 0.400531
2.2962 -1.69186 0.897783 1.51946 0.400513
2.29625 -1.69186 0.897783 1.51943 0.400496
2.2963 -1.69186 0.897783 1.51939 0.400478
2.29635 -1.69191 0.897798 1.51939 0.400378
2.2964 -1.69191 0.897798 1.51936 0.40036
2.29645 -1.69191 0.897798 1.51932 0.400343
2.2965 -1.69191 0.897798 1.51929 0.400326
2.29655 -1.69192 0.897798 1.5193 0.400298
2.2966 -1.69192 0.897798 1.51927 0.40028
2.29665 -1.69175 0.897737 1.51891 0.400441
2.2967 -1.69181 0.897765 1.51894 0.400391
2.29675 -1.69181 0.897765 1.5189 0.400374
2.2968 -1.69181 0.897765 1.51887 0.400356
2.29685 -1.69184 0.89778 1.51887 0.400307
2.2969 -1.692 0.897833 1.5187 0.400122
2.29695 -1.692 0.897833 1.51867 0.400105
2.297 -1.692 0.897833 1.51863 0.400087
2.29705 -1.692 0.897833 1.5186 0.40007
2.2971 -1.69178 0.897757 1.5175 0.400283
2.29715 -1.69149 0.89765 1.51737 0.40057
2.2972 -1.69134 0.897593 1.518 0.400679
2.29725 -1.69134 0.897593 1.51796 0.400662
2.2973 -1.69134 0.897593 1.51793 0.400644
2.29735 -1.69134 0.897593 1.5179 0.400627
2.2974 -1.69134 0.897593 1.51787 0.40061
2.29745 -1.69102 0.89748 1.51758 0.400927
2.2975 -1.69103 0.897482 1.51755 0.400899
2.29755 -1.6908 0.897405 1.51504 0.401123
2.2976 -1.6908 0.897405 1.51501 0.401105
2.29765 -1.69075 0.897385 1.51493 0.40114
2.2977 -1.69075 0.897385 1.5149 0.401123
2.29775 -1.69075 0.897385 1.51486 0.401105
2.2978 -1.69075 0.897385 1.51483 0.401088
2.29785 -1.69075 0.897385 1.5148 0.40107
2.2979 -1.69071 0.897375 1.51469 0.401125
2.29795 -1.69071 0.897375 1.51466 0.401108
2.298 -1.69071 0.897375 1.51463 0.40109
2.29805 -1.69071 0.897375 1.51459 0.401073
2.2981 -1.69071 0.897375 1.51456 0.401055
2.29815 -1.69071 0.897375 1.51453 0.401038
2.2982 -1.69051 0.8973 1.51541 0.40123
2.29825 -1.69051 0.8973 1.51538 0.401212
2.2983 -1.6905 0.897293 1.51651 0.401235
2.29835 -1.6905 0.897293 1.51648 0.401218
2.2984 -1.6904 0.89726 1.51613 0.401305
2.29845 -1.6904 0.89726 1.5161 0.401288
2.2985 -1.6904 0.89726 1.51607 0.40127
2.29855 -1.69023 0.897203 1.51587 0.40143
2.2986 -1.69024 0.897205 1.51584 0.401402
2.29865 -1.69001 0.89712 1.51456 0.401625
2.2987 -1.69002 0.897123 1.51454 0.401597
2.29875 -1.69002 0.897123 1.5145 0.40158
2.2988 -1.68994 0.8971 1.51409 0.401646
2.29885 -1.68999 0.897118 1.51582 0.401576
2.2989 -1.68999 0.897118 1.51579 0.401559
2.29895 -1.68995 0.897103 1.51524 0.401583
2.299 -1.68995 0.897103 1.51521 0.401566
2.29905 -1.68995 0.897103 1.51517 0.401548
2.2991 -1.68995 0.897103 1.51514 0.401531
2.29915 -1.68995 0.897103 1.51511 0.401513
2.2992 -1.69004 0.897138 1.51518 0.401402
2.29925 -1.69011 0.897165 1.51519 0.401311
2.2993 -1.69011 0.897165 1.51516 0.401294
2.29935 -1.69011 0.897165 1.51513 0.401276
2.2994 -1.68996 0.897112 1.51499 0.401416
2.29945 -1.68996 0.897112 1.51496 0.401398
2.2995 -1.68996 0.897112 1.51492 0.401381
2.29955 -1.68996 0.897112 1.51489 0.401363
2.2996 -1.68996 0.897112 1.51486 0.401346
2.29965 -1.68996 0.897112 1.51483 0.401328
2.2997 -1.68996 0.897112 1.51479 0.401311
2.29975 -1.68996 0.897112 1.51476 0.401293
2.2998 -1.68996 0.897112 1.51473 0.401276
2.29985 -1.68996 0.897112 1.51469 0.401259
2.2999 -1.68994 0.897105 1.51465 0.401262
2.29995 -1.68994 0.897105 1.51461 0.401245
