2.2 -1.72206 0.90739 1.60737 0.399363
2.20005 -1.72206 0.90739 1.60733 0.399345
2.2001 -1.72171 0.907268 1.60753 0.399744
2.20015 -1.72171 0.907268 1.60749 0.399726
2.2002 -1.72163 0.907242 1.6077 0.399803
2.20025 -1.72163 0.907242 1.60767 0.399785
2.2003 -1.72163 0.907242 1.60763 0.399767
2.20035 -1.72163 0.907242 1.60759 0.399749
2.2004 -1.72163 0.907242 1.60756 0.399731
2.20045 -1.72163 0.907242 1.60752 0.399713
2.2005 -1.72163 0.907242 1.60748 0.399694
2.20055 -1.72163 0.907242 1.60745 0.399676
2.2006 -1.72163 0.907242 1.60741 0.399658
2.20065 -1.72163 0.907242 1.60737 0.39964
2.2007 -1.72137 0.90715 1.60697 0.399965
2.20075 -1.72137 0.90715 1.60694 0.399947
2.2008 -1.72137 0.90715 1.6069 0.399928
2.20085 -1.72137 0.90715 1.60686 0.39991
2.2009 -1.72137 0.90715 1.60683 0.399892
2.20095 -1.72137 0.90715 1.60679 0.399874
2.201 -1.72123 0.907103 1.60681 0.400022
2.20105 -1.72123 0.907103 1.60677 0.400004
2.2011 -1.72123 0.907103 1.60673 0.399986
2.20115 -1.72123 0.907103 1.6067 0.399968
2.2012 -1.72108 0.907053 1.60607 0.400128
2.20125 -1.72108 0.907053 1.60604 0.40011
2.2013 -1.72105 0.907038 1.60598 0.400128
2.20135 -1.72105 0.907038 1.60594 0.40011
2.2014 -1.72105 0.907038 1.6059 0.400091
2.20145 -1.72113 0.907068 1.60499 0.399978
2.2015 -1.72112 0.907065 1.60495 0.399972
2.20155 -1.72112 0.907065 1.60491 0.399954
2.2016 -1.72106 0.907045 1.6057 0.40004
2.20165 -1.72106 0.907045 1.60567 0.400022
2.2017 -1.72106 0.907045 1.60563 0.400003
2.20175 -1.72106 0.907045 1.60559 0.399985
2.2018 -1.72106 0.907045 1.60556 0.399967
2.20185 -1.72108 0.907055 1.60559 0.399892
2.2019 -1.72073 0.906942 1.60522 0.400323
2.20195 -1.72074 0.906945 1.60519 0.400293
2.202 -1.72074 0.906945 1.60515 0.400275
2.20205 -1.72075 0.906948 1.60512 0.400245
2.2021 -1.72075 0.906948 1.60508 0.400227
2.20215 -1.7208 0.90697 1.60525 0.400182
2.2022 -1.72075 0.906953 1.60517 0.400223
2.20225 -1.72075 0.906953 1.60514 0.400205
2.2023 -1.7208 0.90697 1.60306 0.400128
2.20235 -1.7208 0.90697 1.60302 0.40011
2.2024 -1.7208 0.90697 1.60299 0.400091
2.20245 -1.72082 0.906975 1.60297 0.400049
2.2025 -1.7208 0.906968 1.60481 0.400055
2.20255 -1.7208 0.906968 1.60477 0.400037
2.2026 -1.7208 0.906968 1.60474 0.400019
2.20265 -1.7208 0.906968 1.6047 0.400001
2.2027 -1.7208 0.906968 1.60466 0.399982
2.20275 -1.7208 0.906968 1.60463 0.399964
2.2028 -1.7208 0.906968 1.60459 0.399946
2.20285 -1.7208 0.906968 1.60455 0.399928
2.2029 -1.7208 0.906968 1.60452 0.39991
2.20295 -1.7208 0.906968 1.60448 0.399892
2.203 -1.7208 0.906968 1.60444 0.399873
2.20305 -1.72082 0.906975 1.60213 0.399832
2.2031 -1.72082 0.906975 1.6021 0.399813
2.20315 -1.72082 0.906975 1.60206 0.399795
2.2032 -1.72082 0.906975 1.60202 0.399777
2.20325 -1.72082 0.906975 1.60199 0.399759
2.2033 -1.72071 0.906942 1.60393 0.399904
2.20335 -1.72071 0.906942 1.6039 0.399886
2.2034 -1.72071 0.906942 1.60386 0.399868
2.20345 -1.72071 0.906942 1.60382 0.39985
2.2035 -1.72064 0.90692 1.60371 0.399915
2.20355 -1.72064 0.90692 1.60368 0.399897
2.2036 -1.72064 0.90692 1.60364 0.399879
2.20365 -1.72058 0.906902 1.60405 0.399932
2.2037 -1.72056 0.906898 1.604 0.399937
2.20375 -1.72056 0.906898 1.60397 0.399919
2.2038 -1.72056 0.906898 1.60393 0.399901
2.20385 -1.72049 0.906875 1.60384 0.399966
2.2039 -1.72049 0.906875 1.60381 0.399948
2.20395 -1.72049 0.906875 1.60377 0.39993
2.204 -1.72049 0.906875 1.60373 0.399912
2.20405 -1.7207 0.906955 1.6028 0.399611
2.2041 -1.7207 0.906955 1.60276 0.399593
2.20415 -1.7207 0.906955 1.60272 0.399575
2.2042 -1.7207 0.906955 1.60269 0.399557
2.20425 -1.7207 0.906955 1.60265 0.399539
2.2043 -1.72066 0.906945 1.60259 0.399568
2.20435 -1.72066 0.906945 1.60255 0.39955
2.2044 -1.71988 0.90667 1.60271 0.400457
2.20445 -1.71988 0.90667 1.60268 0.400439
2.2045 -1.71988 0.90667 1.60264 0.40042
2.20455 -1.71988 0.90667 1.6026 0.400402
2.2046 -1.71973 0.90662 1.60245 0.400562
2.20465 -1.71973 0.90662 1.60241 0.400544
2.2047 -1.71973 0.90662 1.60237 0.400525
2.20475 -1.71976 0.90663 1.60105 0.400472
2.2048 -1.71976 0.90663 1.60102 0.400454
2.20485 -1.71976 0.90663 1.60098 0.400435
2.2049 -1.71959 0.906575 1.60014 0.400619
2.20495 -1.71959 0.906575 1.60011 0.4006
2.205 -1.71959 0.906575 1.60007 0.400582
2.20505 -1.71959 0.906575 1.60003 0.400564
2.2051 -1.71959 0.906575 1.6 0.400546
2.20515 -1.71959 0.906575 1.59996 0.400528
2.2052 -1.71959 0.906575 1.59993 0.40051
2.20525 -1.71959 0.906575 1.59989 0.400491
2.2053 -1.71959 0.906575 1.59985 0.400473
2.20535 -1.71959 0.906575 1.59982 0.400455
2.2054 -1.71959 0.906575 1.59978 0.400437
2.20545 -1.71959 0.906575 1.59974 0.400419
2.2055 -1.71964 0.906595 1.59978 0.400341
2.20555 -1.71964 0.906595 1.59975 0.400323
2.2056 -1.71964 0.906595 1.59971 0.400305
2.20565 -1.71964 0.906595 1.59967 0.400287
2.2057 -1.71965 0.906597 1.60068 0.40029
2.20575 -1.71965 0.906597 1.60064 0.400272
2.2058 -1.71965 0.906597 1.60061 0.400254
2.20585 -1.71965 0.906597 1.60057 0.400235
2.2059 -1.71965 0.906597 1.60054 0.400217
2.20595 -1.71946 0.906532 1.6019 0.400424
2.206 -1.71946 0.906532 1.60186 0.400406
2.20605 -1.71946 0.906532 1.60183 0.400388
2.2061 -1.71946 0.906532 1.60179 0.40037
2.20615 -1.71942 0.906517 1.60171 0.400399
2.2062 -1.71922 0.906452 1.60142 0.400617
2.20625 -1.71922 0.906452 1.60138 0.400599
2.2063 -1.71899 0.90637 1.60117 0.400852
2.20635 -1.71899 0.90637 1.60114 0.400834
2.2064 -1.71899 0.90637 1.6011 0.400816
2.20645 -1.71899 0.90637 1.60107 0.400798
2.2065 -1.71892 0.906347 1.60097 0.400863
2.20655 -1.71884 0.906317 1.60033 0.400939
2.2066 -1.71869 0.90627 1.60081 0.401098
2.20665 -1.71869 0.90627 1.60078 0.40108
2.2067 -1.71868 0.906268 1.60073 0.401073
2.20675 -1.71868 0.906268 1.6007 0.401055
2.2068 -1.7187 0.906275 1.60068 0.401013
2.20685 -1.71866 0.90626 1.60061 0.401042
2.2069 -1.71865 0.906258 1.60057 0.401036
2.20695 -1.71865 0.906258 1.60053 0.401018
2.207 -1.71872 0.90628 1.60027 0.400917
2.20705 -1.71872 0.90628 1.60023 0.400899
2.2071 -1.71862 0.906247 1.60011 0.400999
2.20715 -1.71862 0.906247 1.60008 0.400981
2.2072 -1.71862 0.906247 1.60004 0.400962
2.20725 -1.71864 0.906255 1.60002 0.400921
2.2073 -1.71864 0.906255 1.59998 0.400902
2.20735 -1.71834 0.906147 1.59997 0.401238
2.2074 -1.71834 0.906147 1.59993 0.40122
2.20745 -1.71833 0.906142 1.59985 0.401214
2.2075 -1.71827 0.906118 1.59978 0.401266
2.20755 -1.7182 0.906098 1.5995 0.401331
2.2076 -1.71787 0.90599 1.5987 0.401734
2.20765 -1.71777 0.905957 1.59927 0.401834
2.2077 -1.71777 0.905957 1.59923 0.401816
2.20775 -1.71781 0.905972 1.59922 0.40175
2.2078 -1.71781 0.905972 1.59919 0.401732
2.20785 -1.71781 0.905972 1.59915 0.401714
2.2079 -1.71781 0.905972 1.59911 0.401696
2.20795 -1.7178 0.90597 1.59907 0.401689
2.208 -1.71797 0.90603 1.59912 0.401504
2.20805 -1.71797 0.90603 1.59909 0.401485
2.2081 -1.71797 0.90603 1.59905 0.401467
2.20815 -1.71797 0.90603 1.59901 0.401449
2.2082 -1.71797 0.90603 1.59898 0.401431
2.20825 -1.71797 0.90603 1.59894 0.401413
2.2083 -1.71797 0.90603 1.59891 0.401395
2.20835 -1.718 0.906042 1.5989 0.401341
2.2084 -1.718 0.906042 1.59886 0.401323
2.20845 -1.718 0.906042 1.59882 0.401305
2.2085 -1.718 0.906042 1.59879 0.401287
2.20855 -1.718 0.906042 1.59875 0.401268
2.2086 -1.718 0.906042 1.59871 0.40125
2.20865 -1.71799 0.906038 1.59867 0.401244
2.2087 -1.71763 0.90592 1.59705 0.401649
2.20875 -1.71763 0.90592 1.59702 0.401631
2.2088 -1.71763 0.90592 1.59698 0.401613
2.20885 -1.71763 0.90592 1.59695 0.401595
2.2089 -1.71763 0.90592 1.59691 0.401577
2.20895 -1.71763 0.90592 1.59687 0.401559
2.209 -1.71763 0.90592 1.59684 0.40154
2.20905 -1.71744 0.90586 1.59746 0.401746
2.2091 -1.71743 0.905857 1.59741 0.401739
2.20915 -1.71743 0.905857 1.59738 0.401721
2.2092 -1.71745 0.905865 1.59736 0.401679
2.20925 -1.71745 0.905865 1.59732 0.401661
2.2093 -1.71745 0.905865 1.59728 0.401643
2.20935 -1.71734 0.905833 1.59757 0.401754
2.2094 -1.71734 0.905833 1.59753 0.401736
2.20945 -1.71734 0.905833 1.5975 0.401718
2.2095 -1.71739 0.905852 1.59761 0.401641
2.20955 -1.71739 0.905852 1.59757 0.401623
2.2096 -1.71739 0.905852 1.59754 0.401604
2.20965 -1.71739 0.905852 1.5975 0.401586
2.2097 -1.71739 0.905852 1.59747 0.401568
2.20975 -1.71739 0.905852 1.59743 0.40155
2.2098 -1.71739 0.905852 1.59739 0.401532
2.20985 -1.71739 0.905852 1.59736 0.401514
2.2099 -1.71739 0.905852 1.59732 0.401495
2.20995 -1.71772 0.905963 1.59695 0.401024
2.21 -1.71772 0.905963 1.59692 0.401006
2.21005 -1.71772 0.905963 1.59688 0.400988
2.2101 -1.71778 0.905985 1.59565 0.400899
2.21015 -1.71778 0.905985 1.59561 0.400881
2.2102 -1.71766 0.905948 1.59543 0.401004
2.21025 -1.71766 0.905948 1.5954 0.400986
2.2103 -1.71766 0.905948 1.59536 0.400967
2.21035 -1.71759 0.90592 1.59519 0.401031
2.2104 -1.71743 0.905868 1.5964 0.401201
2.21045 -1.71743 0.905868 1.59637 0.401183
2.2105 -1.71743 0.905868 1.59633 0.401165
2.21055 -1.71719 0.90578 1.59633 0.401429
2.2106 -1.71719 0.90578 1.59629 0.401411
2.21065 -1.71719 0.90578 1.59626 0.401392
2.2107 -1.71719 0.90578 1.59622 0.401374
2.21075 -1.71719 0.90578 1.59618 0.401356
2.2108 -1.71719 0.90578 1.59615 0.401338
2.21085 -1.71719 0.90578 1.59611 0.40132
2.2109 -1.71719 0.90578 1.59607 0.401302
2.21095 -1.71719 0.90578 1.59604 0.401283
2.211 -1.71749 0.90589 1.5951 0.400913
2.21105 -1.71744 0.905878 1.59656 0.400954
2.2111 -1.71744 0.905878 1.59653 0.400936
2.21115 -1.71703 0.90574 1.59622 0.401464
2.2112 -1.71673 0.905637 1.59592 0.401798
2.21125 -1.71673 0.905632 1.59567 0.40178
2.2113 -1.71658 0.905582 1.59504 0.401937
2.21135 -1.71654 0.905567 1.59562 0.401966
2.2114 -1.71635 0.905497 1.59543 0.402171
2.21145 -1.71657 0.90557 1.59557 0.401895
2.2115 -1.71648 0.905537 1.59553 0.401982
2.21155 -1.71648 0.905537 1.59549 0.401964
2.2116 -1.71648 0.905537 1.59546 0.401946
2.21165 -1.71648 0.905537 1.59542 0.401927
2.2117 -1.71648 0.905537 1.59538 0.401909
2.21175 -1.71648 0.905537 1.59535 0.401891
2.2118 -1.71648 0.905537 1.59531 0.401873
2.21185 -1.71665 0.9056 1.59526 0.401655
2.2119 -1.71665 0.9056 1.59522 0.401637
2.21195 -1.71665 0.9056 1.59518 0.401619
2.212 -1.71643 0.90552 1.59524 0.401859
2.21205 -1.7162 0.90544 1.59497 0.40211
2.2121 -1.7162 0.90544 1.59493 0.402092
2.21215 -1.7162 0.90544 1.59489 0.402074
2.2122 -1.7162 0.90544 1.59486 0.402055
2.21225 -1.7162 0.90544 1.59482 0.402037
2.2123 -1.71622 0.905447 1.59437 0.401996
2.21235 -1.71622 0.905447 1.59433 0.401977
2.2124 -1.71622 0.905447 1.59429 0.401959
2.21245 -1.71622 0.905447 1.59426 0.401941
2.2125 -1.71621 0.905445 1.59421 0.401935
2.21255 -1.71632 0.905482 1.59475 0.401755
2.2126 -1.7163 0.905475 1.59469 0.40176
2.21265 -1.7162 0.90544 1.59459 0.401859
2.2127 -1.7162 0.90544 1.59456 0.401841
2.21275 -1.7162 0.90544 1.59452 0.401823
2.2128 -1.7162 0.90544 1.59448 0.401805
2.21285 -1.7162 0.90544 1.59445 0.401787
2.2129 -1.71631 0.905475 1.59447 0.40164
2.21295 -1.71631 0.905475 1.59443 0.401622
2.213 -1.71631 0.905475 1.5944 0.401603
2.21305 -1.71625 0.905455 1.59431 0.401655
2.2131 -1.71625 0.905455 1.59428 0.401637
2.21315 -1.71625 0.905455 1.59424 0.401619
2.2132 -1.71625 0.905455 1.59421 0.401601
2.21325 -1.71625 0.905455 1.59417 0.401583
2.2133 -1.71624 0.905452 1.59413 0.401576
2.21335 -1.71624 0.905452 1.5941 0.401558
2.2134 -1.71624 0.905452 1.59406 0.40154
2.21345 -1.71624 0.905452 1.59402 0.401522
2.2135 -1.71624 0.905452 1.59399 0.401504
2.21355 -1.71624 0.905452 1.59395 0.401486
2.2136 -1.71624 0.905452 1.59392 0.401468
2.21365 -1.71627 0.905462 1.5939 0.401414
2.2137 -1.71627 0.905462 1.59387 0.401396
2.21375 -1.71627 0.905462 1.59383 0.401378
2.2138 -1.71627 0.905462 1.5938 0.40136
2.21385 -1.71627 0.905462 1.59376 0.401342
2.2139 -1.71619 0.905438 1.59367 0.40145
2.21395 -1.71619 0.905438 1.59363 0.401432
2.214 -1.71619 0.905438 1.5936 0.401414
2.21405 -1.71608 0.9054 1.59348 0.401524
2.2141 -1.71608 0.9054 1.59344 0.401506
2.21415 -1.71593 0.90535 1.5928 0.401663
2.2142 -1.71587 0.90533 1.59206 0.401715
2.21425 -1.71604 0.905388 1.59333 0.401531
2.2143 -1.71604 0.905385 1.59329 0.401513
2.21435 -1.71604 0.905385 1.59326 0.401495
2.2144 -1.71604 0.905385 1.59322 0.401476
2.21445 -1.71604 0.905385 1.59319 0.401458
2.2145 -1.71592 0.905347 1.59294 0.40158
2.21455 -1.71592 0.905347 1.59291 0.401562
2.2146 -1.71592 0.905347 1.59287 0.401544
2.21465 -1.71592 0.905347 1.59284 0.401526
2.2147 -1.71592 0.905347 1.5928 0.401508
2.21475 -1.71592 0.905347 1.59276 0.40149
2.2148 -1.71592 0.905347 1.59273 0.401472
2.21485 -1.71594 0.905353 1.59271 0.40143
2.2149 -1.71625 0.90546 1.59256 0.401017
2.21495 -1.71625 0.90546 1.59252 0.400999
2.215 -1.71614 0.905428 1.59218 0.401142
2.21505 -1.7161 0.905415 1.59212 0.401171
2.2151 -1.71606 0.905402 1.59205 0.401199
2.21515 -1.71606 0.905402 1.59202 0.401181
2.2152 -1.71615 0.90544 1.59205 0.401058
2.21525 -1.71615 0.90544 1.59201 0.40104
2.2153 -1.71615 0.90544 1.59197 0.401022
2.21535 -1.71609 0.905428 1.59193 0.401074
2.2154 -1.71609 0.905428 1.59189 0.401056
2.21545 -1.71609 0.905428 1.59185 0.401038
2.2155 -1.71609 0.905428 1.59182 0.40102
2.21555 -1.71609 0.90543 1.5918 0.401001
2.2156 -1.71609 0.90543 1.59176 0.400983
2.21565 -1.71609 0.90543 1.59173 0.400965
2.2157 -1.71609 0.90543 1.59169 0.400947
2.21575 -1.71609 0.90543 1.59166 0.400929
2.2158 -1.71609 0.90543 1.59162 0.400911
2.21585 -1.71609 0.90543 1.59159 0.400893
2.2159 -1.71609 0.90543 1.59155 0.400875
2.21595 -1.71609 0.90543 1.59151 0.400857
2.216 -1.71608 0.905428 1.59147 0.40085
2.21605 -1.71617 0.90546 1.5915 0.400727
2.2161 -1.71617 0.90546 1.59147 0.400709
2.21615 -1.71617 0.90546 1.59143 0.400691
2.2162 -1.71618 0.905462 1.5914 0.400661
2.21625 -1.71618 0.905462 1.59136 0.400643
2.2163 -1.71618 0.905462 1.59133 0.400625
2.21635 -1.71617 0.905458 1.5913 0.400619
2.2164 -1.71617 0.905458 1.59127 0.400601
2.21645 -1.71617 0.905458 1.59123 0.400583
2.2165 -1.71618 0.905462 1.5912 0.400553
2.21655 -1.71618 0.905462 1.59117 0.400535
2.2166 -1.71618 0.905462 1.59113 0.400517
2.21665 -1.71618 0.905462 1.5911 0.400499
2.2167 -1.71618 0.905462 1.59106 0.400481
2.21675 -1.71618 0.905462 1.59102 0.400462
2.2168 -1.71626 0.90549 1.59105 0.400351
2.21685 -1.71626 0.90549 1.59101 0.400333
2.2169 -1.7163 0.905505 1.59101 0.400268
2.21695 -1.7163 0.905505 1.59097 0.40025
2.217 -1.7163 0.905505 1.59093 0.400232
2.21705 -1.7163 0.905505 1.5909 0.400214
2.2171 -1.7163 0.905505 1.59086 0.400196
2.21715 -1.7163 0.905505 1.59083 0.400178
2.2172 -1.71632 0.90551 1.5908 0.400137
2.21725 -1.71632 0.90551 1.59077 0.400119
2.2173 -1.71632 0.90551 1.59073 0.400101
2.21735 -1.71632 0.90551 1.5907 0.400083
2.2174 -1.71633 0.905515 1.59131 0.400053
2.21745 -1.71633 0.905515 1.59128 0.400035
2.2175 -1.71633 0.905515 1.59124 0.400017
2.21755 -1.71633 0.905515 1.59121 0.399999
2.2176 -1.71625 0.90549 1.59078 0.400074
2.21765 -1.71615 0.905455 1.59067 0.400172
2.2177 -1.71615 0.905455 1.59063 0.400154
2.21775 -1.71608 0.905435 1.58987 0.400218
2.2178 -1.7158 0.905343 1.58957 0.400526
2.21785 -1.7158 0.905343 1.58954 0.400508
2.2179 -1.7158 0.905343 1.5895 0.40049
2.21795 -1.71581 0.905345 1.58947 0.40046
2.218 -1.71581 0.905345 1.58944 0.400442
2.21805 -1.71569 0.905312 1.58823 0.400564
2.2181 -1.71583 0.905347 1.5902 0.400318
2.21815 -1.71583 0.905347 1.59016 0.4003
2.2182 -1.71583 0.905347 1.59012 0.400282
2.21825 -1.71583 0.905347 1.59009 0.400263
2.2183 -1.7157 0.905308 1.58898 0.400397
2.21835 -1.7157 0.905308 1.58894 0.400379
2.2184 -1.71585 0.90536 1.58747 0.400186
2.21845 -1.71585 0.90536 1.58743 0.400168
2.2185 -1.71585 0.90536 1.5874 0.40015
2.21855 -1.71585 0.90536 1.58736 0.400132
2.2186 -1.71585 0.90536 1.58733 0.400114
2.21865 -1.71585 0.90536 1.58729 0.400096
2.2187 -1.71585 0.90536 1.58726 0.400078
2.21875 -1.71585 0.90536 1.58722 0.40006
2.2188 -1.71585 0.90536 1.58718 0.400042
2.21885 -1.71579 0.905343 1.5871 0.400094
2.2189 -1.71579 0.905343 1.58707 0.400076
2.21895 -1.71582 0.905355 1.5898 0.400023
2.219 -1.71582 0.905355 1.58976 0.400005
2.21905 -1.71582 0.905355 1.58973 0.399987
2.2191 -1.71594 0.9054 1.58979 0.399829
2.21915 -1.71597 0.905412 1.58977 0.399776
2.2192 -1.71597 0.905412 1.58974 0.399758
2.21925 -1.71592 0.905395 1.58966 0.399798
2.2193 -1.71605 0.90544 1.58973 0.399629
2.21935 -1.71605 0.90544 1.58969 0.399611
2.2194 -1.71605 0.90544 1.58966 0.399593
2.21945 -1.71605 0.90544 1.58962 0.399575
2.2195 -1.71605 0.90544 1.58958 0.399557
2.21955 -1.71599 0.905428 1.58825 0.399609
2.2196 -1.71586 0.905388 1.58926 0.399742
2.21965 -1.71569 0.905332 1.58911 0.399921
2.2197 -1.71569 0.905332 1.58907 0.399903
2.21975 -1.71554 0.905282 1.58895 0.40006
2.2198 -1.71554 0.905282 1.58891 0.400042
2.21985 -1.71554 0.905282 1.58888 0.400024
2.2199 -1.71547 0.90526 1.58879 0.400087
2.21995 -1.71534 0.905212 1.58865 0.40022
2.22 -1.71534 0.905212 1.58861 0.400202
2.22005 -1.71534 0.905212 1.58858 0.400184
2.2201 -1.71534 0.905212 1.58854 0.400166
2.22015 -1.71534 0.905212 1.58851 0.400148
2.2202 -1.71534 0.905212 1.58847 0.40013
2.22025 -1.71546 0.905255 1.58844 0.399972
2.2203 -1.71546 0.905255 1.58841 0.399954
2.22035 -1.71546 0.905255 1.58837 0.399936
2.2204 -1.715 0.905092 1.58797 0.400452
2.22045 -1.715 0.905092 1.58794 0.400434
2.2205 -1.715 0.905092 1.5879 0.400416
2.22055 -1.715 0.905092 1.58787 0.400398
2.2206 -1.71531 0.905203 1.58809 0.40002
2.22065 -1.71516 0.905153 1.58812 0.400176
2.2207 -1.71516 0.905153 1.58808 0.400158
2.22075 -1.71516 0.905153 1.58805 0.40014
2.2208 -1.71516 0.905153 1.58801 0.400122
2.22085 -1.71516 0.905153 1.58798 0.400104
2.2209 -1.71516 0.905153 1.58794 0.400086
2.22095 -1.71516 0.905153 1.5879 0.400068
2.221 -1.71516 0.905153 1.58787 0.40005
2.22105 -1.71511 0.905135 1.58779 0.40009
2.2211 -1.71511 0.905135 1.58776 0.400072
2.22115 -1.71511 0.905135 1.58772 0.400054
2.2212 -1.71511 0.905135 1.58769 0.400036
2.22125 -1.71511 0.905135 1.58765 0.400018
2.2213 -1.71511 0.905135 1.58762 0.4
2.22135 -1.71511 0.905135 1.58758 0.399982
2.2214 -1.71502 0.905107 1.58748 0.400069
2.22145 -1.71502 0.905107 1.58744 0.400051
2.2215 -1.71488 0.90506 1.58729 0.400195
2.22155 -1.71458 0.904963 1.5858 0.400557
2.2216 -1.71458 0.904963 1.58577 0.400539
2.22165 -1.71458 0.904963 1.58573 0.400521
2.2217 -1.71458 0.904963 1.5857 0.400503
2.22175 -1.71458 0.904963 1.58566 0.400485
2.2218 -1.71458 0.904963 1.58563 0.400467
2.22185 -1.71458 0.904963 1.58559 0.400449
2.2219 -1.71472 0.905015 1.58568 0.400301
2.22195 -1.71472 0.905015 1.58564 0.400283
2.222 -1.71412 0.904818 1.58576 0.401024
2.22205 -1.71412 0.904818 1.58573 0.401006
2.2221 -1.71412 0.904818 1.58569 0.400988
2.22215 -1.71412 0.904818 1.58566 0.40097
2.2222 -1.71412 0.904818 1.58562 0.400952
2.22225 -1.71412 0.904818 1.58558 0.400934
2.2223 -1.71407 0.9048 1.58499 0.401006
2.22235 -1.71407 0.9048 1.58495 0.400988
2.2224 -1.71407 0.9048 1.58492 0.40097
2.22245 -1.71407 0.9048 1.58488 0.400952
2.2225 -1.71388 0.904743 1.58473 0.401154
2.22255 -1.71388 0.904743 1.5847 0.401136
2.2226 -1.71388 0.904743 1.58466 0.401118
2.22265 -1.71388 0.904743 1.58463 0.4011
2.2227 -1.71388 0.904743 1.58459 0.401082
2.22275 -1.71396 0.90477 1.58529 0.401003
2.2228 -1.71383 0.904728 1.58375 0.401136
2.22285 -1.71383 0.904728 1.58371 0.401118
2.2229 -1.71383 0.904728 1.58368 0.4011
2.22295 -1.71383 0.904728 1.58364 0.401082
2.223 -1.71387 0.90474 1.58289 0.401017
2.22305 -1.7139 0.90475 1.58385 0.400965
2.2231 -1.71353 0.904622 1.58357 0.401374
2.22315 -1.71339 0.90457 1.58481 0.401518
2.2232 -1.71339 0.90457 1.58477 0.4015
2.22325 -1.71331 0.904547 1.58492 0.401574
2.2233 -1.71331 0.904547 1.58488 0.401556
2.22335 -1.71331 0.904547 1.58484 0.401538
2.2234 -1.71331 0.904547 1.58481 0.40152
2.22345 -1.71331 0.904547 1.58477 0.401502
2.2235 -1.71331 0.904547 1.58474 0.401484
2.22355 -1.71326 0.90453 1.58464 0.401523
2.2236 -1.71326 0.90453 1.5846 0.401505
2.22365 -1.71326 0.90453 1.58457 0.401487
2.2237 -1.71326 0.90453 1.58453 0.401469
2.22375 -1.71326 0.90453 1.5845 0.401451
2.2238 -1.71326 0.90453 1.58446 0.401433
2.22385 -1.71326 0.90453 1.58443 0.401415
2.2239 -1.71326 0.90453 1.58439 0.401397
2.22395 -1.71326 0.90453 1.58435 0.401379
2.224 -1.71326 0.90453 1.58432 0.401361
2.22405 -1.71326 0.90453 1.58428 0.401343
2.2241 -1.71326 0.90453 1.58425 0.401325
2.22415 -1.71326 0.90453 1.58421 0.401307
2.2242 -1.71364 0.904672 1.58447 0.400785
2.22425 -1.71364 0.904672 1.58443 0.400767
2.2243 -1.71364 0.904672 1.5844 0.400749
2.22435 -1.71364 0.904672 1.58436 0.400731
2.2244 -1.71364 0.904672 1.58433 0.400713
2.22445 -1.71364 0.904672 1.58429 0.400695
2.2245 -1.71356 0.904645 1.5842 0.40077
2.22455 -1.71356 0.904645 1.58416 0.400752
2.2246 -1.71356 0.904645 1.58412 0.400734
2.22465 -1.71351 0.904625 1.58341 0.400773
2.2247 -1.71351 0.904625 1.58337 0.400755
2.22475 -1.71351 0.904625 1.58334 0.400737
2.2248 -1.71351 0.904625 1.5833 0.400719
2.22485 -1.71351 0.904625 1.58326 0.400701
2.2249 -1.71342 0.904595 1.58382 0.400787
2.22495 -1.71342 0.904595 1.58379 0.400769
2.225 -1.71342 0.904595 1.58375 0.400751
2.22505 -1.71342 0.904595 1.58372 0.400733
2.2251 -1.71342 0.904595 1.58368 0.400715
2.22515 -1.71342 0.904595 1.58364 0.400697
2.2252 -1.71321 0.904517 1.58344 0.400921
2.22525 -1.71321 0.904517 1.58341 0.400903
2.2253 -1.71321 0.904517 1.58337 0.400885
2.22535 -1.71311 0.90448 1.58148 0.400982
2.2254 -1.71295 0.904425 1.58258 0.401148
2.22545 -1.71295 0.904425 1.58254 0.40113
2.2255 -1.71295 0.904425 1.58251 0.401112
2.22555 -1.71269 0.904332 1.58228 0.401394
2.2256 -1.71269 0.904332 1.58224 0.401376
2.22565 -1.71275 0.904353 1.58225 0.401288
2.2257 -1.71268 0.904327 1.58216 0.401351
2.22575 -1.71268 0.904327 1.58213 0.401333
2.2258 -1.71263 0.904315 1.58206 0.401373
2.22585 -1.71263 0.904315 1.58202 0.401354
2.2259 -1.71263 0.904315 1.58198 0.401336
2.22595 -1.71263 0.904315 1.58195 0.401318
2.226 -1.7125 0.90427 1.58136 0.40145
2.22605 -1.7125 0.90427 1.58132 0.401432
2.2261 -1.7125 0.90427 1.58129 0.401414
2.22615 -1.7125 0.90427 1.58125 0.401396
2.2262 -1.71222 0.904173 1.57891 0.4017
2.22625 -1.71222 0.904173 1.57887 0.401682
2.2263 -1.71222 0.904173 1.57884 0.401664
2.22635 -1.71222 0.904173 1.5788 0.401646
2.2264 -1.71222 0.904173 1.57877 0.401628
2.22645 -1.71222 0.904173 1.57873 0.40161
2.2265 -1.71223 0.90418 1.57996 0.40158
2.22655 -1.71223 0.90418 1.57993 0.401562
2.2266 -1.71215 0.90415 1.581 0.401604
2.22665 -1.71189 0.904065 1.58078 0.401884
2.2267 -1.71188 0.90406 1.58074 0.401878
2.22675 -1.71188 0.90406 1.5807 0.40186
2.2268 -1.71187 0.904057 1.58066 0.401853
2.22685 -1.71187 0.904057 1.58062 0.401835
2.2269 -1.71187 0.904057 1.58059 0.401817
2.22695 -1.71187 0.904057 1.58055 0.401799
2.227 -1.71187 0.904057 1.58052 0.401781
2.22705 -1.71187 0.904057 1.58048 0.401763
2.2271 -1.71187 0.904057 1.58045 0.401745
2.22715 -1.71189 0.90406 1.58042 0.401704
2.2272 -1.71189 0.90406 1.58039 0.401686
2.22725 -1.71154 0.90394 1.58008 0.40207
2.2273 -1.71148 0.90392 1.57994 0.40212
2.22735 -1.71148 0.90392 1.5799 0.402102
2.2274 -1.71131 0.903863 1.57734 0.402279
2.22745 -1.71131 0.903863 1.57731 0.402261
2.2275 -1.71133 0.90387 1.57763 0.40222
2.22755 -1.71133 0.90387 1.57759 0.402202
2.2276 -1.71133 0.90387 1.57756 0.402184
2.22765 -1.71133 0.90387 1.57752 0.402166
2.2277 -1.71136 0.90388 1.57868 0.402114
2.22775 -1.71126 0.903848 1.57853 0.40221
2.2278 -1.71126 0.903848 1.57849 0.402192
2.22785 -1.71126 0.903848 1.57846 0.402174
2.2279 -1.71126 0.903848 1.57842 0.402156
2.22795 -1.71126 0.903848 1.57839 0.402138
2.228 -1.71126 0.90385 1.57984 0.40212
2.22805 -1.7115 0.903937 1.57998 0.401827
2.2281 -1.71146 0.903925 1.58006 0.401855
2.22815 -1.71146 0.903925 1.58003 0.401837
2.2282 -1.71146 0.903925 1.57999 0.401818
2.22825 -1.71146 0.903925 1.57996 0.4018
2.2283 -1.7112 0.903835 1.57938 0.40208
2.22835 -1.71117 0.903825 1.57932 0.402097
2.2284 -1.71117 0.903825 1.57929 0.402079
2.22845 -1.71111 0.903802 1.5792 0.402129
2.2285 -1.71111 0.903802 1.57917 0.402111
2.22855 -1.71111 0.903802 1.57913 0.402093
2.2286 -1.71129 0.903868 1.57935 0.401869
2.22865 -1.71129 0.903868 1.57931 0.401851
2.2287 -1.71137 0.90389 1.57934 0.401741
2.22875 -1.71137 0.90389 1.5793 0.401723
2.2288 -1.7113 0.903865 1.57935 0.401785
2.22885 -1.71132 0.90387 1.57914 0.401745
2.2289 -1.71132 0.90387 1.57911 0.401727
2.22895 -1.71132 0.90387 1.57907 0.401708
2.229 -1.71131 0.903868 1.57903 0.401702
2.22905 -1.71132 0.903868 1.57901 0.401672
2.2291 -1.71132 0.903868 1.57898 0.401654
2.22915 -1.71132 0.903868 1.57894 0.401636
2.2292 -1.71132 0.903868 1.5789 0.401618
2.22925 -1.71132 0.903868 1.57887 0.4016
2.2293 -1.71132 0.903868 1.57883 0.401582
2.22935 -1.71132 0.903868 1.5788 0.401564
2.2294 -1.71132 0.903868 1.57876 0.401546
2.22945 -1.71132 0.903868 1.57873 0.401528
2.2295 -1.71132 0.903868 1.57869 0.40151
2.22955 -1.71114 0.903807 1.57852 0.401698
2.2296 -1.71114 0.903807 1.57849 0.40168
2.22965 -1.71114 0.903807 1.57845 0.401662
2.2297 -1.71095 0.903743 1.57825 0.401862
2.22975 -1.71095 0.903743 1.57822 0.401844
2.2298 -1.71095 0.903743 1.57818 0.401826
2.22985 -1.71095 0.903743 1.57815 0.401808
2.2299 -1.71078 0.903693 1.57803 0.401984
2.22995 -1.71078 0.903693 1.57799 0.401966
2.23 -1.71078 0.903693 1.57796 0.401948
2.23005 -1.71078 0.903693 1.57792 0.40193
2.2301 -1.71078 0.903693 1.57789 0.401912
2.23015 -1.71078 0.90369 1.57805 0.401894
2.2302 -1.71078 0.90369 1.57801 0.401876
2.23025 -1.71078 0.90369 1.57798 0.401858
2.2303 -1.71078 0.90369 1.57794 0.40184
2.23035 -1.71078 0.90369 1.57791 0.401822
2.2304 -1.71078 0.90369 1.57787 0.401804
2.23045 -1.71078 0.90369 1.57784 0.401786
2.2305 -1.71078 0.90369 1.5778 0.401768
2.23055 -1.71078 0.90369 1.57777 0.40175
2.2306 -1.71078 0.90369 1.57773 0.401732
2.23065 -1.71078 0.90369 1.5777 0.401714
2.2307 -1.71078 0.90369 1.57766 0.401696
2.23075 -1.71078 0.90369 1.57763 0.401678
2.2308 -1.71084 0.903713 1.57768 0.401591
2.23085 -1.71084 0.903713 1.57764 0.401573
2.2309 -1.71065 0.90365 1.57747 0.401772
2.23095 -1.71065 0.90365 1.57743 0.401754
2.231 -1.71066 0.903652 1.5774 0.401725
2.23105 -1.71065 0.90365 1.57736 0.401718
2.2311 -1.71066 0.903652 1.57733 0.401689
2.23115 -1.71066 0.903652 1.5773 0.401671
2.2312 -1.71066 0.903652 1.57726 0.401653
2.23125 -1.71066 0.903652 1.57723 0.401635
2.2313 -1.71055 0.903625 1.57705 0.401807
2.23135 -1.71046 0.903595 1.57695 0.401924
2.2314 -1.71046 0.903595 1.57692 0.401906
2.23145 -1.71046 0.903595 1.57688 0.401888
2.2315 -1.71046 0.903595 1.57685 0.40187
2.23155 -1.71046 0.903595 1.57681 0.401852
2.2316 -1.71043 0.903587 1.57676 0.401868
2.23165 -1.71043 0.903587 1.57672 0.40185
2.2317 -1.71043 0.903587 1.57669 0.401832
2.23175 -1.71043 0.903587 1.57665 0.401814
2.2318 -1.71043 0.903587 1.57662 0.401796
2.23185 -1.71052 0.90362 1.57655 0.401675
2.2319 -1.71059 0.903645 1.57657 0.401577
2.23195 -1.71059 0.903645 1.57653 0.401559
2.232 -1.71059 0.903645 1.5765 0.401541
2.23205 -1.71059 0.903645 1.57646 0.401523
2.2321 -1.71059 0.903645 1.57643 0.401505
2.23215 -1.71059 0.903645 1.57639 0.401487
2.2322 -1.71059 0.903645 1.57636 0.401469
2.23225 -1.71055 0.903635 1.5763 0.401497
2.2323 -1.71055 0.903635 1.57626 0.401479
2.23235 -1.71063 0.903665 1.57645 0.40137
2.2324 -1.71052 0.903628 1.5762 0.401477
2.23245 -1.71052 0.903628 1.57616 0.401459
2.2325 -1.71038 0.903575 1.57602 0.401601
2.23255 -1.71024 0.903528 1.57585 0.401742
2.2326 -1.71024 0.903528 1.57582 0.401724
2.23265 -1.71024 0.903528 1.57578 0.401706
2.2327 -1.71037 0.903573 1.57595 0.40154
2.23275 -1.71037 0.903573 1.57592 0.401522
2.2328 -1.71037 0.903573 1.57588 0.401504
2.23285 -1.71037 0.903573 1.57585 0.401486
2.2329 -1.71037 0.903573 1.57581 0.401468
2.23295 -1.71034 0.903558 1.57579 0.401485
2.233 -1.71034 0.903558 1.57576 0.401467
2.23305 -1.71034 0.903558 1.57572 0.401449
2.2331 -1.71034 0.903558 1.57569 0.401431
2.23315 -1.71034 0.903558 1.57565 0.401413
2.2332 -1.71034 0.903558 1.57561 0.401395
2.23325 -1.71034 0.903558 1.57558 0.401377
2.2333 -1.71034 0.903558 1.57554 0.401359
2.23335 -1.71032 0.903555 1.5755 0.401364
2.2334 -1.71032 0.903555 1.57547 0.401346
2.23345 -1.71032 0.903555 1.57543 0.401328
2.2335 -1.71032 0.903555 1.5754 0.40131
2.23355 -1.71027 0.90354 1.57533 0.401349
2.2336 -1.71027 0.90354 1.57529 0.401331
2.23365 -1.71024 0.90353 1.57475 0.401347
2.2337 -1.71024 0.90353 1.57472 0.401329
2.23375 -1.71024 0.90353 1.57468 0.401311
2.2338 -1.70996 0.90344 1.57445 0.401644
2.23385 -1.70996 0.90344 1.57441 0.401626
2.2339 -1.71002 0.903462 1.57444 0.40154
2.23395 -1.71002 0.903462 1.57441 0.401522
2.234 -1.71002 0.903462 1.57437 0.401504
2.23405 -1.71002 0.903462 1.57434 0.401486
2.2341 -1.71002 0.903462 1.5743 0.401468
2.23415 -1.70992 0.90343 1.57455 0.401563
2.2342 -1.70992 0.90343 1.57452 0.401545
2.23425 -1.70981 0.903395 1.57279 0.401653
2.2343 -1.70981 0.903395 1.57275 0.401635
2.23435 -1.70992 0.903435 1.57279 0.401492
2.2344 -1.70947 0.903285 1.57216 0.401985
2.23445 -1.70947 0.903285 1.57212 0.401967
2.2345 -1.70947 0.903285 1.57209 0.401949
2.23455 -1.70947 0.903285 1.57205 0.401931
2.2346 -1.70947 0.903285 1.57202 0.401913
2.23465 -1.70947 0.903285 1.57198 0.401895
2.2347 -1.70947 0.903285 1.57195 0.401877
2.23475 -1.70935 0.903238 1.57178 0.401964
2.2348 -1.70936 0.90324 1.57175 0.401934
2.23485 -1.70936 0.90324 1.57172 0.401916
2.2349 -1.70945 0.90327 1.57175 0.401796
2.23495 -1.70945 0.90327 1.57171 0.401778
2.235 -1.70945 0.90327 1.57168 0.40176
2.23505 -1.70945 0.90327 1.57164 0.401742
2.2351 -1.70945 0.90327 1.57161 0.401724
2.23515 -1.70939 0.903253 1.57282 0.401774
2.2352 -1.7093 0.903225 1.57271 0.401859
2.23525 -1.70914 0.90317 1.57228 0.402022
2.2353 -1.70914 0.90317 1.57224 0.402004
2.23535 -1.70916 0.903175 1.57214 0.401964
2.2354 -1.70916 0.903175 1.5721 0.401946
2.23545 -1.70916 0.903175 1.57207 0.401928
2.2355 -1.70916 0.903175 1.57203 0.40191
2.23555 -1.70916 0.903175 1.572 0.401892
2.2356 -1.70916 0.903175 1.57196 0.401874
2.23565 -1.70916 0.903175 1.57193 0.401856
2.2357 -1.70911 0.903162 1.57262 0.401895
2.23575 -1.70911 0.903162 1.57258 0.401877
2.2358 -1.70911 0.903162 1.57255 0.401859
2.23585 -1.70911 0.903162 1.57251 0.401841
2.2359 -1.70869 0.903025 1.57236 0.402299
2.23595 -1.7087 0.903027 1.57233 0.40227
2.236 -1.7087 0.903027 1.57229 0.402252
2.23605 -1.7087 0.903027 1.57226 0.402234
2.2361 -1.7087 0.903027 1.57222 0.402216
2.23615 -1.7087 0.903027 1.57219 0.402198
2.2362 -1.7087 0.903027 1.57215 0.40218
2.23625 -1.7087 0.903027 1.57212 0.402162
2.2363 -1.7087 0.903027 1.57208 0.402144
2.23635 -1.7087 0.903027 1.57205 0.402126
2.2364 -1.7087 0.903027 1.57201 0.402108
2.23645 -1.70848 0.902948 1.57156 0.402339
2.2365 -1.70848 0.902948 1.57152 0.402321
2.23655 -1.70848 0.902948 1.57149 0.402303
2.2366 -1.70848 0.902948 1.57145 0.402285
2.23665 -1.70848 0.902948 1.57142 0.402267
2.2367 -1.70848 0.902948 1.57138 0.402249
2.23675 -1.70848 0.902948 1.57135 0.402231
2.2368 -1.70848 0.902948 1.57131 0.402213
2.23685 -1.70818 0.902842 1.57104 0.402535
2.2369 -1.70818 0.902842 1.571 0.402517
2.23695 -1.70818 0.902842 1.57097 0.402499
2.237 -1.70804 0.902798 1.57086 0.40264
2.23705 -1.70804 0.902798 1.57083 0.402622
2.2371 -1.70804 0.902798 1.57079 0.402604
2.23715 -1.70804 0.902798 1.57076 0.402586
2.2372 -1.70804 0.902798 1.57072 0.402568
2.23725 -1.70788 0.90275 1.57087 0.402731
2.2373 -1.70788 0.90275 1.57083 0.402713
2.23735 -1.70788 0.90275 1.5708 0.402695
2.2374 -1.70788 0.90275 1.57076 0.402677
2.23745 -1.70818 0.90286 1.5706 0.402319
2.2375 -1.70818 0.90286 1.57056 0.402301
2.23755 -1.70818 0.90286 1.57053 0.402283
2.2376 -1.70818 0.90286 1.57049 0.402265
2.23765 -1.70818 0.90286 1.57046 0.402247
2.2377 -1.70821 0.90287 1.57027 0.402196
2.23775 -1.70821 0.90287 1.57024 0.402178
2.2378 -1.70821 0.90287 1.5702 0.40216
2.23785 -1.70821 0.90287 1.57017 0.402142
2.2379 -1.70831 0.902905 1.56993 0.402011
2.23795 -1.70832 0.902907 1.5699 0.401981
2.238 -1.70832 0.902907 1.56987 0.401963
2.23805 -1.70832 0.902907 1.56983 0.401945
2.2381 -1.70832 0.902907 1.5698 0.401927
2.23815 -1.70832 0.902907 1.56976 0.401909
2.2382 -1.70793 0.902775 1.56773 0.402364
2.23825 -1.70793 0.902775 1.56769 0.402346
2.2383 -1.70793 0.902775 1.56766 0.402328
2.23835 -1.70778 0.902725 1.5675 0.40248
2.2384 -1.70777 0.902722 1.57006 0.402473
2.23845 -1.70777 0.902722 1.57002 0.402455
2.2385 -1.70777 0.902722 1.56998 0.402437
2.23855 -1.70777 0.902722 1.56995 0.402419
2.2386 -1.70777 0.902722 1.56991 0.402401
2.23865 -1.70786 0.902752 1.56995 0.402282
2.2387 -1.70786 0.902752 1.56991 0.402264
2.23875 -1.70786 0.902752 1.56988 0.402246
2.2388 -1.70786 0.902752 1.56984 0.402228
2.23885 -1.70786 0.902752 1.56981 0.40221
2.2389 -1.70783 0.902745 1.56975 0.402226
2.23895 -1.70786 0.902755 1.56974 0.402174
2.239 -1.70786 0.902755 1.5697 0.402156
2.23905 -1.70786 0.902755 1.56967 0.402138
2.2391 -1.70788 0.90276 1.56965 0.402098
2.23915 -1.70785 0.90275 1.56959 0.402113
2.2392 -1.70785 0.90275 1.56956 0.402095
2.23925 -1.70786 0.902752 1.56953 0.402066
2.2393 -1.70788 0.90276 1.56953 0.402026
2.23935 -1.70788 0.90276 1.5695 0.402008
2.2394 -1.70797 0.902792 1.56953 0.401888
2.23945 -1.70797 0.902792 1.5695 0.40187
2.2395 -1.70793 0.902778 1.56939 0.401897
2.23955 -1.70806 0.902825 1.56944 0.401701
2.2396 -1.70793 0.902783 1.56931 0.40183
2.23965 -1.70793 0.902783 1.56927 0.401812
2.2397 -1.70793 0.902783 1.56924 0.401794
2.23975 -1.70793 0.902783 1.5692 0.401776
2.2398 -1.70793 0.902783 1.56917 0.401758
2.23985 -1.70793 0.902785 1.56913 0.40174
2.2399 -1.70793 0.902785 1.5691 0.401722
2.23995 -1.7079 0.902772 1.56892 0.401738
2.24 -1.7079 0.902772 1.56888 0.40172
2.24005 -1.7079 0.902772 1.56885 0.401702
2.2401 -1.7079 0.902772 1.56881 0.401684
2.24015 -1.7079 0.902772 1.56878 0.401666
2.2402 -1.7079 0.902772 1.56874 0.401648
2.24025 -1.70781 0.902743 1.56865 0.401732
2.2403 -1.70781 0.902743 1.56862 0.401714
2.24035 -1.70781 0.902743 1.56858 0.401696
2.2404 -1.70784 0.902755 1.56857 0.401644
2.24045 -1.70784 0.902755 1.56854 0.401626
2.2405 -1.70784 0.902755 1.5685 0.401608
2.24055 -1.70784 0.902755 1.56847 0.401591
2.2406 -1.70784 0.902755 1.56843 0.401573
2.24065 -1.70784 0.902755 1.5684 0.401555
2.2407 -1.70784 0.902755 1.56836 0.401537
2.24075 -1.70784 0.902755 1.56833 0.401519
2.2408 -1.70784 0.902755 1.56829 0.401501
2.24085 -1.70784 0.902755 1.56826 0.401483
2.2409 -1.70784 0.902755 1.56822 0.401465
2.24095 -1.70794 0.902792 1.56829 0.401334
2.241 -1.70797 0.9028 1.56792 0.401251
2.24105 -1.70797 0.9028 1.56789 0.401233
2.2411 -1.70805 0.902828 1.567 0.401125
2.24115 -1.7078 0.902745 1.56679 0.401389
2.2412 -1.7078 0.902745 1.56676 0.401371
2.24125 -1.70759 0.90267 1.56668 0.40159
2.2413 -1.70759 0.90267 1.56665 0.401572
2.24135 -1.70758 0.902667 1.56663 0.401565
2.2414 -1.70757 0.90266 1.56658 0.401558
2.24145 -1.70757 0.90266 1.56654 0.40154
2.2415 -1.70757 0.90266 1.56651 0.401523
2.24155 -1.70757 0.90266 1.56647 0.401505
2.2416 -1.70757 0.90266 1.56644 0.401487
2.24165 -1.70757 0.90266 1.5664 0.401469
2.2417 -1.70757 0.90266 1.56637 0.401451
2.24175 -1.7076 0.902667 1.56706 0.401399
2.2418 -1.70757 0.90266 1.5656 0.401415
2.24185 -1.70757 0.90266 1.56557 0.401397
2.2419 -1.70757 0.90266 1.56553 0.401379
2.24195 -1.70757 0.90266 1.5655 0.401361
2.242 -1.70752 0.902648 1.56543 0.4014
2.24205 -1.70753 0.90265 1.5654 0.401371
2.2421 -1.70753 0.90265 1.56536 0.401353
2.24215 -1.70753 0.90265 1.56533 0.401335
2.2422 -1.70747 0.90263 1.56692 0.401384
2.24225 -1.70747 0.90263 1.56689 0.401367
2.2423 -1.70747 0.90263 1.56685 0.401349
2.24235 -1.70747 0.90263 1.56682 0.401331
2.2424 -1.70747 0.90263 1.56678 0.401313
2.24245 -1.70747 0.90263 1.56675 0.401295
2.2425 -1.70747 0.90263 1.56671 0.401277
2.24255 -1.70747 0.90263 1.56668 0.401259
2.2426 -1.70728 0.902563 1.56649 0.401455
2.24265 -1.70729 0.902565 1.56412 0.401426
2.2427 -1.70729 0.902565 1.56408 0.401408
2.24275 -1.70729 0.902565 1.56405 0.40139
2.2428 -1.70729 0.902565 1.56401 0.401372
2.24285 -1.70739 0.9026 1.56407 0.401242
2.2429 -1.70739 0.9026 1.56404 0.401224
2.24295 -1.70739 0.9026 1.564 0.401206
2.243 -1.70739 0.9026 1.56397 0.401188
2.24305 -1.70739 0.9026 1.56393 0.40117
2.2431 -1.70739 0.9026 1.5639 0.401152
2.24315 -1.70739 0.9026 1.56386 0.401135
2.2432 -1.70734 0.90258 1.56377 0.401173
2.24325 -1.70734 0.90258 1.56374 0.401155
2.2433 -1.70734 0.90258 1.5637 0.401137
2.24335 -1.70734 0.90258 1.56367 0.401119
2.2434 -1.70734 0.90258 1.56363 0.401101
2.24345 -1.7072 0.90253 1.5635 0.401241
2.2435 -1.7072 0.90253 1.56346 0.401223
2.24355 -1.7072 0.90253 1.56343 0.401205
2.2436 -1.7072 0.90253 1.56339 0.401187
2.24365 -1.7072 0.90253 1.56336 0.401169
2.2437 -1.7072 0.90253 1.56332 0.401151
2.24375 -1.7072 0.90253 1.56329 0.401134
2.2438 -1.7072 0.90253 1.56325 0.401116
2.24385 -1.7072 0.902532 1.56433 0.401098
2.2439 -1.7072 0.902532 1.56429 0.40108
2.24395 -1.7072 0.902532 1.56426 0.401062
2.244 -1.7072 0.902532 1.56422 0.401044
2.24405 -1.7072 0.902532 1.56419 0.401026
2.2441 -1.7072 0.902532 1.56415 0.401008
2.24415 -1.7072 0.902532 1.56412 0.400991
2.2442 -1.70683 0.9024 1.56379 0.401388
2.24425 -1.70683 0.9024 1.56376 0.40137
2.2443 -1.70683 0.9024 1.56372 0.401353
2.24435 -1.70663 0.902338 1.56346 0.401559
2.2444 -1.70663 0.902338 1.56342 0.401541
2.24445 -1.70663 0.902338 1.56339 0.401523
2.2445 -1.70663 0.902338 1.56335 0.401505
2.24455 -1.70663 0.902338 1.56332 0.401488
2.2446 -1.70659 0.902325 1.56326 0.401515
2.24465 -1.70659 0.902325 1.56322 0.401497
2.2447 -1.70659 0.902325 1.56319 0.401479
2.24475 -1.70659 0.902325 1.56315 0.401461
2.2448 -1.7063 0.90223 1.56286 0.4018
2.24485 -1.7063 0.90223 1.56282 0.401782
2.2449 -1.7063 0.90223 1.56279 0.401764
2.24495 -1.7063 0.90223 1.56275 0.401746
2.245 -1.70628 0.902223 1.56341 0.401751
2.24505 -1.70628 0.902223 1.56337 0.401733
2.2451 -1.70628 0.902223 1.56334 0.401715
2.24515 -1.70628 0.902223 1.5633 0.401697
2.2452 -1.70628 0.902223 1.56327 0.401679
2.24525 -1.70628 0.902223 1.56323 0.401661
2.2453 -1.70628 0.902223 1.5632 0.401643
2.24535 -1.70628 0.902223 1.56316 0.401626
2.2454 -1.70631 0.902235 1.56319 0.401574
2.24545 -1.70631 0.902235 1.56315 0.401556
2.2455 -1.70635 0.90225 1.56315 0.401493
2.24555 -1.70635 0.90225 1.56311 0.401476
2.2456 -1.70635 0.90225 1.56308 0.401458
2.24565 -1.70635 0.90225 1.56304 0.40144
2.2457 -1.70674 0.902388 1.56316 0.400985
2.24575 -1.70678 0.902397 1.56368 0.400922
2.2458 -1.70678 0.902397 1.56365 0.400904
2.24585 -1.70678 0.902397 1.56361 0.400886
2.2459 -1.70678 0.902397 1.56358 0.400869
2.24595 -1.70644 0.90228 1.56246 0.401264
2.246 -1.70644 0.90228 1.56242 0.401246
2.24605 -1.70631 0.902232 1.5623 0.401405
2.2461 -1.70631 0.902232 1.56226 0.401387
2.24615 -1.70631 0.902232 1.56223 0.401369
2.2462 -1.70631 0.902232 1.56219 0.401352
2.24625 -1.70631 0.902232 1.56216 0.401334
2.2463 -1.70631 0.902232 1.56213 0.401316
2.24635 -1.70631 0.902232 1.56209 0.401298
2.2464 -1.70631 0.902232 1.56206 0.40128
2.24645 -1.70631 0.902232 1.56202 0.401262
2.2465 -1.70631 0.902232 1.56199 0.401244
2.24655 -1.70611 0.902168 1.56179 0.40145
2.2466 -1.70611 0.902168 1.56176 0.401432
2.24665 -1.70611 0.902168 1.56172 0.401415
2.2467 -1.70609 0.90216 1.56167 0.401419
2.24675 -1.70609 0.90216 1.56164 0.401401
2.2468 -1.70609 0.90216 1.5616 0.401383
2.24685 -1.70614 0.902177 1.56231 0.40131
2.2469 -1.70614 0.902177 1.56228 0.401292
2.24695 -1.70614 0.902177 1.56224 0.401274
2.247 -1.70608 0.902155 1.56216 0.401323
2.24705 -1.70608 0.902155 1.56212 0.401305
2.2471 -1.70606 0.90215 1.56207 0.40131
2.24715 -1.70606 0.90215 1.56204 0.401292
2.2472 -1.70606 0.90215 1.562 0.401274
2.24725 -1.70606 0.90215 1.56197 0.401256
2.2473 -1.70601 0.902138 1.56189 0.401294
2.24735 -1.70601 0.902138 1.56185 0.401276
2.2474 -1.70596 0.902118 1.56179 0.401314
2.24745 -1.70596 0.902118 1.56175 0.401297
2.2475 -1.70597 0.90212 1.56238 0.401268
2.24755 -1.70597 0.90212 1.56235 0.40125
2.2476 -1.70597 0.90212 1.56232 0.401232
2.24765 -1.70595 0.902112 1.56226 0.401236
2.2477 -1.70586 0.902083 1.56198 0.401319
2.24775 -1.70586 0.902083 1.56194 0.401301
2.2478 -1.70582 0.90207 1.56188 0.401328
2.24785 -1.70562 0.902003 1.56169 0.401534
2.2479 -1.70562 0.902003 1.56165 0.401516
2.24795 -1.70562 0.902003 1.56162 0.401498
2.248 -1.70562 0.902003 1.56158 0.40148
2.24805 -1.70562 0.902003 1.56155 0.401462
2.2481 -1.70562 0.902003 1.56151 0.401444
2.24815 -1.7056 0.901995 1.56146 0.401449
2.2482 -1.7056 0.901995 1.56143 0.401431
2.24825 -1.70542 0.901933 1.56124 0.401614
2.2483 -1.70542 0.901933 1.56121 0.401596
2.24835 -1.70538 0.901925 1.56117 0.401623
2.2484 -1.70538 0.901925 1.56114 0.401605
2.24845 -1.70532 0.901903 1.5606 0.401654
2.2485 -1.70526 0.90188 1.56071 0.401703
2.24855 -1.70526 0.90188 1.56068 0.401686
2.2486 -1.70526 0.90188 1.56064 0.401668
2.24865 -1.70526 0.90188 1.56061 0.40165
2.2487 -1.70526 0.90188 1.56057 0.401632
2.24875 -1.70532 0.901903 1.56059 0.401547
2.2488 -1.70516 0.901855 1.56073 0.40174
2.24885 -1.70504 0.901813 1.56074 0.401887
2.2489 -1.70504 0.901813 1.56071 0.401869
2.24895 -1.70504 0.901813 1.56068 0.401851
2.249 -1.70504 0.901813 1.56064 0.401834
2.24905 -1.70504 0.901813 1.56061 0.401816
2.2491 -1.70516 0.901857 1.56067 0.401664
2.24915 -1.70525 0.901887 1.5604 0.401546
2.2492 -1.70497 0.90179 1.55948 0.40184
2.24925 -1.70492 0.901775 1.55941 0.401878
2.2493 -1.70476 0.901717 1.55929 0.402038
2.24935 -1.70477 0.90172 1.55926 0.402009
2.2494 -1.70476 0.901717 1.55922 0.402003
2.24945 -1.70477 0.90172 1.55919 0.401974
2.2495 -1.70476 0.901717 1.55915 0.401967
2.24955 -1.70477 0.90172 1.55912 0.401938
2.2496 -1.70476 0.901717 1.55908 0.401931
2.24965 -1.70477 0.90172 1.55905 0.401902
2.2497 -1.70477 0.90172 1.55902 0.401884
2.24975 -1.70472 0.901702 1.55894 0.401922
2.2498 -1.70461 0.901667 1.5595 0.402027
2.24985 -1.70461 0.901667 1.55946 0.402009
2.2499 -1.70461 0.901667 1.55943 0.401991
2.24995 -1.70461 0.901667 1.55939 0.401973
