2.05 -1.78388 0.927933 1.77575 0.369011
2.05005 -1.78374 0.927885 1.7753 0.369202
2.0501 -1.78374 0.927885 1.77526 0.369184
2.05015 -1.78341 0.92777 1.77383 0.369658
2.0502 -1.78341 0.92777 1.77379 0.36964
2.05025 -1.78341 0.92777 1.77374 0.369622
2.0503 -1.78332 0.927743 1.77363 0.369738
2.05035 -1.78332 0.927743 1.77358 0.36972
2.0504 -1.78332 0.927743 1.77354 0.369702
2.05045 -1.78332 0.927743 1.7735 0.369684
2.0505 -1.78329 0.927732 1.77343 0.369711
2.05055 -1.78329 0.927732 1.77338 0.369693
2.0506 -1.78329 0.927732 1.77334 0.369675
2.05065 -1.78329 0.927732 1.7733 0.369657
2.0507 -1.78329 0.927732 1.77325 0.369639
2.05075 -1.78329 0.927732 1.77321 0.369621
2.0508 -1.78329 0.927732 1.77317 0.369603
2.05085 -1.7833 0.927735 1.77313 0.36957
2.0509 -1.7833 0.927735 1.77309 0.369552
2.05095 -1.7833 0.927735 1.77305 0.369534
2.051 -1.78333 0.927745 1.77301 0.369471
2.05105 -1.78333 0.927745 1.77297 0.369453
2.0511 -1.78333 0.927745 1.77293 0.369435
2.05115 -1.7831 0.927662 1.77279 0.369759
2.0512 -1.7831 0.927662 1.77275 0.369741
2.05125 -1.78292 0.927605 1.77361 0.369991
2.0513 -1.78284 0.927575 1.7735 0.370092
2.05135 -1.78284 0.927575 1.77346 0.370074
2.0514 -1.78284 0.927575 1.77341 0.370056
2.05145 -1.78284 0.927575 1.77337 0.370038
2.0515 -1.78284 0.927575 1.77333 0.37002
2.05155 -1.78284 0.927575 1.77329 0.370002
2.0516 -1.78284 0.927575 1.77324 0.369984
2.05165 -1.78266 0.92751 1.77328 0.370234
2.0517 -1.78266 0.92751 1.77324 0.370216
2.05175 -1.78266 0.92751 1.7732 0.370198
2.0518 -1.78266 0.92751 1.77315 0.37018
2.05185 -1.78266 0.92751 1.77311 0.370162
2.0519 -1.78266 0.92751 1.77307 0.370144
2.05195 -1.78266 0.92751 1.77303 0.370126
2.052 -1.78258 0.927485 1.77262 0.370226
2.05205 -1.78258 0.927485 1.77258 0.370208
2.0521 -1.78258 0.927485 1.77253 0.37019
2.05215 -1.7826 0.927493 1.77251 0.370143
2.0522 -1.78257 0.927482 1.76964 0.370169
2.05225 -1.78257 0.927482 1.7696 0.370151
2.0523 -1.78257 0.927482 1.76955 0.370133
2.05235 -1.78257 0.927482 1.76951 0.370115
2.0524 -1.7825 0.92746 1.77095 0.370201
2.05245 -1.78239 0.927423 1.7719 0.370347
2.0525 -1.78239 0.927423 1.77186 0.370328
2.05255 -1.78239 0.927423 1.77181 0.37031
2.0526 -1.78239 0.927423 1.77177 0.370292
2.05265 -1.78239 0.927423 1.77173 0.370274
2.0527 -1.78239 0.927423 1.77168 0.370256
2.05275 -1.78239 0.927423 1.77164 0.370238
2.0528 -1.78239 0.927423 1.7716 0.37022
2.05285 -1.78239 0.927423 1.77155 0.370202
2.0529 -1.78239 0.927423 1.77151 0.370184
2.05295 -1.7824 0.927425 1.77148 0.370151
2.053 -1.7824 0.927425 1.77143 0.370133
2.05305 -1.78251 0.927462 1.77139 0.36999
2.0531 -1.78239 0.927418 1.77126 0.37015
2.05315 -1.78243 0.92743 1.77124 0.370073
2.0532 -1.78243 0.92743 1.77119 0.370055
2.05325 -1.78243 0.92743 1.77115 0.370037
2.0533 -1.78243 0.92743 1.77111 0.370019
2.05335 -1.78243 0.92743 1.77106 0.37
2.0534 -1.78243 0.92743 1.77102 0.369982
2.05345 -1.78243 0.92743 1.77098 0.369964
2.0535 -1.78243 0.92743 1.77093 0.369946
2.05355 -1.78243 0.92743 1.77089 0.369928
2.0536 -1.78243 0.92743 1.77085 0.36991
2.05365 -1.78262 0.9275 1.77156 0.36961
2.0537 -1.78249 0.927455 1.77089 0.369785
2.05375 -1.78249 0.927455 1.77085 0.369767
2.0538 -1.78249 0.927455 1.77081 0.369749
2.05385 -1.78245 0.927442 1.77074 0.369791
2.0539 -1.78245 0.927442 1.7707 0.369773
2.05395 -1.78245 0.927442 1.77065 0.369755
2.054 -1.7824 0.927423 1.77057 0.369811
2.05405 -1.7824 0.927423 1.77053 0.369793
2.0541 -1.7824 0.927423 1.77048 0.369775
2.05415 -1.78239 0.927423 1.77093 0.369772
2.0542 -1.78239 0.927423 1.77089 0.369754
2.05425 -1.78239 0.927423 1.77085 0.369736
2.0543 -1.78239 0.927423 1.7708 0.369718
2.05435 -1.78239 0.927423 1.77076 0.3697
2.0544 -1.78226 0.927377 1.77061 0.369874
2.05445 -1.78212 0.927333 1.77014 0.370064
2.0545 -1.78212 0.927333 1.7701 0.370046
2.05455 -1.78212 0.927333 1.77005 0.370028
2.0546 -1.78212 0.927333 1.77001 0.37001
2.05465 -1.78212 0.927333 1.76997 0.369992
2.0547 -1.78212 0.927333 1.76992 0.369974
2.05475 -1.78216 0.927347 1.76705 0.369897
2.0548 -1.78216 0.927347 1.767 0.369879
2.05485 -1.78216 0.927347 1.76696 0.369861
2.0549 -1.78216 0.927347 1.76692 0.369843
2.05495 -1.78216 0.927347 1.76687 0.369825
2.055 -1.78216 0.927347 1.76683 0.369807
2.05505 -1.78216 0.927347 1.76679 0.369789
2.0551 -1.78216 0.927347 1.76674 0.369771
2.05515 -1.78216 0.927347 1.7667 0.369753
2.0552 -1.78216 0.927347 1.76666 0.369735
2.05525 -1.78211 0.927333 1.76657 0.369791
2.0553 -1.78211 0.927333 1.76653 0.369773
2.05535 -1.78211 0.927333 1.76649 0.369755
2.0554 -1.78201 0.927303 1.76573 0.369885
2.05545 -1.78201 0.927303 1.76569 0.369867
2.0555 -1.78201 0.927303 1.76564 0.369849
2.05555 -1.78201 0.927303 1.7656 0.369831
2.0556 -1.78201 0.927303 1.76556 0.369813
2.05565 -1.78201 0.927303 1.76551 0.369795
2.0557 -1.78192 0.927273 1.76525 0.36991
2.05575 -1.78193 0.927277 1.76682 0.369877
2.0558 -1.78178 0.927227 1.76616 0.370081
2.05585 -1.78178 0.927227 1.76612 0.370063
2.0559 -1.78178 0.927227 1.76608 0.370045
2.05595 -1.78178 0.927227 1.76603 0.370027
2.056 -1.78178 0.927227 1.76599 0.370009
2.05605 -1.78178 0.927227 1.76595 0.369991
2.0561 -1.78178 0.927227 1.76591 0.369973
2.05615 -1.78149 0.927127 1.7657 0.370384
2.0562 -1.78149 0.927127 1.76566 0.370366
2.05625 -1.78149 0.927127 1.76561 0.370348
2.0563 -1.7815 0.92713 1.76553 0.370316
2.05635 -1.78132 0.92708 1.76396 0.370564
2.0564 -1.78132 0.92708 1.76392 0.370546
2.05645 -1.78134 0.927087 1.76389 0.370498
2.0565 -1.78134 0.927087 1.76385 0.37048
2.05655 -1.78126 0.92706 1.76797 0.37058
2.0566 -1.78092 0.92695 1.76765 0.371065
2.05665 -1.78092 0.92695 1.7676 0.371046
2.0567 -1.78092 0.92695 1.76756 0.371028
2.05675 -1.78092 0.92695 1.76752 0.37101
2.0568 -1.78092 0.92695 1.76748 0.370992
2.05685 -1.78092 0.92695 1.76743 0.370974
2.0569 -1.78092 0.92695 1.76739 0.370956
2.05695 -1.78092 0.92695 1.76735 0.370938
2.057 -1.78092 0.92695 1.7673 0.37092
2.05705 -1.78092 0.92695 1.76726 0.370902
2.0571 -1.78092 0.92695 1.76722 0.370884
2.05715 -1.78092 0.92695 1.76717 0.370866
2.0572 -1.7811 0.927007 1.76381 0.370545
2.05725 -1.7811 0.927007 1.76377 0.370527
2.0573 -1.78105 0.92699 1.76368 0.370582
2.05735 -1.78105 0.92699 1.76364 0.370564
2.0574 -1.78105 0.92699 1.7636 0.370546
2.05745 -1.78094 0.926948 1.76346 0.370691
2.0575 -1.78094 0.926948 1.76342 0.370673
2.05755 -1.78094 0.926948 1.76338 0.370655
2.0576 -1.7809 0.926933 1.76321 0.370696
2.05765 -1.7809 0.926933 1.76317 0.370678
2.0577 -1.7809 0.926933 1.76312 0.37066
2.05775 -1.7809 0.926933 1.76308 0.370642
2.0578 -1.78091 0.926937 1.76589 0.370609
2.05785 -1.78091 0.926937 1.76585 0.370591
2.0579 -1.78091 0.926937 1.76581 0.370573
2.05795 -1.78091 0.926937 1.76576 0.370555
2.058 -1.78091 0.926937 1.76572 0.370537
2.05805 -1.78091 0.926937 1.76568 0.370519
2.0581 -1.78083 0.926913 1.76594 0.370619
2.05815 -1.78083 0.926913 1.7659 0.370601
2.0582 -1.78083 0.926913 1.76585 0.370583
2.05825 -1.78083 0.926913 1.76581 0.370565
2.0583 -1.78054 0.926815 1.76468 0.370974
2.05835 -1.78041 0.926772 1.76407 0.371148
2.0584 -1.78041 0.926772 1.76402 0.37113
2.05845 -1.78033 0.926752 1.76453 0.37123
2.0585 -1.78033 0.926752 1.76449 0.371212
2.05855 -1.78033 0.926752 1.76445 0.371194
2.0586 -1.78033 0.926752 1.76441 0.371176
2.05865 -1.78033 0.926752 1.76436 0.371158
2.0587 -1.7803 0.926745 1.7643 0.371184
2.05875 -1.7803 0.926745 1.76425 0.371166
2.0588 -1.7803 0.926745 1.76421 0.371148
2.05885 -1.78044 0.926798 1.76513 0.370923
2.0589 -1.78044 0.926798 1.76509 0.370905
2.05895 -1.78046 0.926805 1.76527 0.370858
2.059 -1.78046 0.926805 1.76523 0.37084
2.05905 -1.78062 0.926863 1.76528 0.370586
2.0591 -1.78062 0.926863 1.76524 0.370568
2.05915 -1.78063 0.926867 1.76521 0.370536
2.0592 -1.78055 0.92684 1.7651 0.370635
2.05925 -1.78055 0.92684 1.76506 0.370617
2.0593 -1.78055 0.92684 1.76501 0.370599
2.05935 -1.78055 0.92684 1.76497 0.370581
2.0594 -1.78046 0.926808 1.76486 0.370696
2.05945 -1.78086 0.926945 1.76503 0.370089
2.0595 -1.78086 0.926945 1.76499 0.370071
2.05955 -1.78084 0.926937 1.76493 0.370082
2.0596 -1.78084 0.926937 1.76489 0.370064
2.05965 -1.78084 0.926937 1.76484 0.370046
2.0597 -1.78084 0.926937 1.7648 0.370028
2.05975 -1.78084 0.926937 1.76476 0.370011
2.0598 -1.7808 0.926922 1.76468 0.370051
2.05985 -1.7808 0.926922 1.76464 0.370033
2.0599 -1.78071 0.926893 1.76433 0.370148
2.05995 -1.78087 0.92695 1.76418 0.369895
2.06 -1.78096 0.92698 1.76466 0.369744
2.06005 -1.78096 0.92698 1.76462 0.369726
2.0601 -1.78098 0.926985 1.76471 0.369679
2.06015 -1.78077 0.926915 1.76449 0.36997
2.0602 -1.78072 0.9269 1.76263 0.370025
2.06025 -1.78072 0.9269 1.76259 0.370008
2.0603 -1.78072 0.9269 1.76254 0.36999
2.06035 -1.78072 0.9269 1.7625 0.369972
2.0604 -1.78072 0.9269 1.76246 0.369954
2.06045 -1.78072 0.9269 1.76241 0.369936
2.0605 -1.78072 0.9269 1.76237 0.369918
2.06055 -1.78072 0.9269 1.76233 0.3699
2.0606 -1.78071 0.926895 1.76228 0.369897
2.06065 -1.78071 0.926895 1.76223 0.369879
2.0607 -1.78034 0.926775 1.75906 0.370442
2.06075 -1.78046 0.92682 1.75911 0.370248
2.0608 -1.78046 0.92682 1.75906 0.37023
2.06085 -1.78051 0.926837 1.75901 0.370139
2.0609 -1.78051 0.926837 1.75896 0.370121
2.06095 -1.78051 0.92684 1.7543 0.370103
2.061 -1.78051 0.92684 1.75426 0.370085
2.06105 -1.78051 0.926843 1.75572 0.370067
2.0611 -1.78051 0.926843 1.75568 0.370049
2.06115 -1.78059 0.926872 1.75569 0.369913
2.0612 -1.78059 0.926872 1.75565 0.369895
2.06125 -1.78065 0.926898 1.75617 0.369752
2.0613 -1.78065 0.926898 1.75613 0.369734
2.06135 -1.78065 0.926898 1.75609 0.369716
2.0614 -1.78066 0.9269 1.75605 0.369683
2.06145 -1.78066 0.9269 1.75601 0.369665
2.0615 -1.78066 0.9269 1.75597 0.369647
2.06155 -1.78066 0.9269 1.75593 0.369629
2.0616 -1.78066 0.9269 1.75588 0.369611
2.06165 -1.78066 0.9269 1.75584 0.369593
2.0617 -1.78066 0.9269 1.7558 0.369575
2.06175 -1.78063 0.926893 1.75574 0.369602
2.0618 -1.78063 0.926893 1.75569 0.369584
2.06185 -1.78056 0.926872 1.75755 0.369669
2.0619 -1.78056 0.926872 1.75751 0.369651
2.06195 -1.78056 0.926872 1.75747 0.369633
2.062 -1.78056 0.926872 1.75743 0.369615
2.06205 -1.78054 0.926875 1.75619 0.369626
2.0621 -1.78056 0.926883 1.75616 0.369579
2.06215 -1.78056 0.926883 1.75612 0.369561
2.0622 -1.7802 0.926755 1.75932 0.370072
2.06225 -1.7802 0.926755 1.75928 0.370054
2.0623 -1.78018 0.92675 1.75922 0.370065
2.06235 -1.78018 0.92675 1.75918 0.370047
2.0624 -1.78018 0.92675 1.75913 0.370029
2.06245 -1.78018 0.92675 1.75909 0.370011
2.0625 -1.78018 0.92675 1.75905 0.369993
2.06255 -1.78018 0.92675 1.75901 0.369975
2.0626 -1.78027 0.926785 1.75761 0.369825
2.06265 -1.78027 0.926785 1.75757 0.369807
2.0627 -1.78027 0.926785 1.75753 0.369789
2.06275 -1.78008 0.926725 1.75912 0.37005
2.0628 -1.78017 0.92676 1.75772 0.3699
2.06285 -1.78015 0.926752 1.75755 0.369912
2.0629 -1.78025 0.92679 1.7576 0.369747
2.06295 -1.78025 0.92679 1.75756 0.369729
2.063 -1.78025 0.92679 1.75752 0.369711
2.06305 -1.78025 0.92679 1.75748 0.369693
2.0631 -1.78025 0.92679 1.75743 0.369675
2.06315 -1.78016 0.926755 1.75696 0.369789
2.0632 -1.78016 0.926755 1.75691 0.369772
2.06325 -1.78016 0.926755 1.75687 0.369754
2.0633 -1.78016 0.926755 1.75683 0.369736
2.06335 -1.78024 0.926782 1.7612 0.369601
2.0634 -1.78024 0.926782 1.76116 0.369583
2.06345 -1.78024 0.926782 1.76112 0.369565
2.0635 -1.78025 0.926785 1.76126 0.369532
2.06355 -1.78025 0.926785 1.76121 0.369514
2.0636 -1.78025 0.926785 1.76117 0.369496
2.06365 -1.78025 0.926785 1.76113 0.369478
2.0637 -1.78025 0.926785 1.76109 0.369461
2.06375 -1.78025 0.926785 1.76104 0.369443
2.0638 -1.78025 0.926785 1.761 0.369425
2.06385 -1.77999 0.9267 1.76075 0.369788
2.0639 -1.77999 0.9267 1.76071 0.36977
2.06395 -1.77999 0.9267 1.76066 0.369752
2.064 -1.77991 0.926673 1.76001 0.369851
2.06405 -1.77991 0.926673 1.75997 0.369833
2.0641 -1.77991 0.926673 1.75993 0.369815
2.06415 -1.77978 0.926628 1.76021 0.369988
2.0642 -1.77978 0.926628 1.76017 0.36997
2.06425 -1.77953 0.92655 1.75992 0.370355
2.0643 -1.77953 0.92655 1.75987 0.370337
2.06435 -1.77959 0.92657 1.7592 0.370232
2.0644 -1.77943 0.92652 1.75915 0.370448
2.06445 -1.77943 0.92652 1.75911 0.37043
2.0645 -1.77943 0.92652 1.75906 0.370412
2.06455 -1.77939 0.926505 1.75936 0.370453
2.0646 -1.77939 0.926505 1.75932 0.370435
2.06465 -1.77921 0.92644 1.75912 0.37068
2.0647 -1.77921 0.92644 1.75908 0.370662
2.06475 -1.77921 0.92644 1.75904 0.370644
2.0648 -1.77919 0.926432 1.75908 0.370655
2.06485 -1.77907 0.926392 1.75896 0.370813
2.0649 -1.77907 0.926392 1.75892 0.370795
2.06495 -1.77907 0.926392 1.75888 0.370777
2.065 -1.77907 0.926392 1.75883 0.370759
2.06505 -1.77907 0.926392 1.75879 0.370741
2.0651 -1.77907 0.926392 1.75875 0.370723
2.06515 -1.77907 0.926392 1.75871 0.370705
2.0652 -1.77907 0.926392 1.75866 0.370687
2.06525 -1.77907 0.926392 1.75862 0.370669
2.0653 -1.77907 0.926392 1.75858 0.370651
2.06535 -1.77891 0.926338 1.75852 0.370867
2.0654 -1.77891 0.926338 1.75848 0.370849
2.06545 -1.77891 0.926338 1.75844 0.370831
2.0655 -1.77891 0.926338 1.75839 0.370813
2.06555 -1.77891 0.926338 1.75835 0.370795
2.0656 -1.77904 0.92638 1.75819 0.370587
2.06565 -1.77904 0.92638 1.75815 0.37057
2.0657 -1.77875 0.92628 1.75784 0.370975
2.06575 -1.77875 0.92628 1.7578 0.370957
2.0658 -1.77875 0.92628 1.75776 0.370939
2.06585 -1.77886 0.92632 1.75677 0.370761
2.0659 -1.77882 0.926307 1.75658 0.370801
2.06595 -1.77865 0.926255 1.75711 0.371031
2.066 -1.77865 0.926255 1.75707 0.371013
2.06605 -1.77865 0.926255 1.75703 0.370995
2.0661 -1.77867 0.926262 1.75776 0.370948
2.06615 -1.77867 0.926262 1.75772 0.37093
2.0662 -1.77867 0.926262 1.75768 0.370912
2.06625 -1.77867 0.926262 1.75763 0.370894
2.0663 -1.77867 0.926262 1.75759 0.370876
2.06635 -1.77867 0.926262 1.75755 0.370858
2.0664 -1.77867 0.926262 1.75751 0.37084
2.06645 -1.77867 0.926262 1.75746 0.370823
2.0665 -1.77867 0.926262 1.75742 0.370805
2.06655 -1.77863 0.926253 1.75734 0.370845
2.0666 -1.77863 0.926253 1.75729 0.370827
2.06665 -1.77863 0.926253 1.75725 0.370809
2.0667 -1.77836 0.926157 1.75699 0.371185
2.06675 -1.77828 0.926127 1.75676 0.371283
2.0668 -1.77828 0.926127 1.75672 0.371266
2.06685 -1.77828 0.926127 1.75668 0.371248
2.0669 -1.77828 0.926127 1.75663 0.37123
2.06695 -1.77828 0.926127 1.75659 0.371212
2.067 -1.77824 0.92611 1.75652 0.371252
2.06705 -1.77824 0.92611 1.75647 0.371234
2.0671 -1.77808 0.926055 1.75639 0.371449
2.06715 -1.77808 0.926055 1.75635 0.371431
2.0672 -1.77808 0.926055 1.75631 0.371413
2.06725 -1.77841 0.92618 1.75632 0.370952
2.0673 -1.77841 0.92618 1.75628 0.370934
2.06735 -1.77841 0.92618 1.75623 0.370916
2.0674 -1.77841 0.92618 1.75619 0.370898
2.06745 -1.77841 0.92618 1.75615 0.37088
2.0675 -1.77841 0.92618 1.75611 0.370862
2.06755 -1.77856 0.926235 1.75618 0.370626
2.0676 -1.7783 0.926145 1.75602 0.370987
2.06765 -1.7783 0.926145 1.75598 0.370969
2.0677 -1.7783 0.926145 1.75594 0.370951
2.06775 -1.7783 0.926145 1.7559 0.370933
2.0678 -1.7783 0.926145 1.75585 0.370915
2.06785 -1.77846 0.9262 1.75517 0.370664
2.0679 -1.77851 0.926218 1.75336 0.370573
2.06795 -1.77851 0.926218 1.75331 0.370555
2.068 -1.77851 0.926218 1.75327 0.370537
2.06805 -1.77851 0.926218 1.75323 0.370519
2.0681 -1.77851 0.926218 1.75319 0.370501
2.06815 -1.77834 0.926155 1.75301 0.370731
2.0682 -1.77827 0.92613 1.75292 0.370815
2.06825 -1.77827 0.92613 1.75288 0.370797
2.0683 -1.77827 0.92613 1.75283 0.370779
2.06835 -1.77827 0.92613 1.75279 0.370761
2.0684 -1.77827 0.92613 1.75275 0.370743
2.06845 -1.77827 0.92613 1.75271 0.370725
2.0685 -1.77827 0.92613 1.75267 0.370707
2.06855 -1.7782 0.926107 1.74891 0.370791
2.0686 -1.7782 0.926107 1.74887 0.370773
2.06865 -1.7782 0.926107 1.74882 0.370756
2.0687 -1.7782 0.926107 1.74878 0.370738
2.06875 -1.7782 0.926107 1.74874 0.37072
2.0688 -1.7782 0.926107 1.7487 0.370702
2.06885 -1.7782 0.926107 1.74865 0.370684
2.0689 -1.7782 0.926107 1.74861 0.370666
2.06895 -1.77829 0.926137 1.75424 0.370517
2.069 -1.77829 0.926137 1.7542 0.370499
2.06905 -1.77829 0.926137 1.75415 0.370481
2.0691 -1.77825 0.926127 1.75408 0.370522
2.06915 -1.77825 0.926127 1.75404 0.370504
2.0692 -1.77825 0.926127 1.754 0.370486
2.06925 -1.77825 0.926127 1.75395 0.370468
2.0693 -1.77825 0.926127 1.75391 0.37045
2.06935 -1.77814 0.926087 1.74913 0.370592
2.0694 -1.77814 0.926087 1.74909 0.370574
2.06945 -1.77814 0.926087 1.74905 0.370556
2.0695 -1.77814 0.926087 1.749 0.370538
2.06955 -1.77814 0.926087 1.74896 0.37052
2.0696 -1.77814 0.926087 1.74892 0.370502
2.06965 -1.77814 0.926087 1.74888 0.370485
2.0697 -1.77814 0.926087 1.74883 0.370467
2.06975 -1.77814 0.926087 1.74879 0.370449
2.0698 -1.77814 0.926087 1.74875 0.370431
2.06985 -1.77814 0.926087 1.74871 0.370413
2.0699 -1.77814 0.926087 1.74866 0.370395
2.06995 -1.77814 0.926087 1.74862 0.370377
2.07 -1.77814 0.926087 1.74858 0.370359
2.07005 -1.77814 0.926087 1.74854 0.370341
2.0701 -1.77794 0.926022 1.74667 0.370614
2.07015 -1.77776 0.925963 1.74657 0.370857
2.0702 -1.77776 0.925963 1.74652 0.37084
2.07025 -1.77779 0.925972 1.7465 0.370778
2.0703 -1.77779 0.925972 1.74646 0.37076
2.07035 -1.77779 0.925972 1.74642 0.370742
2.0704 -1.77738 0.925835 1.74637 0.371319
2.07045 -1.77738 0.925835 1.74633 0.371301
2.0705 -1.77738 0.925835 1.74629 0.371284
2.07055 -1.77738 0.925835 1.74624 0.371266
2.0706 -1.77723 0.925782 1.74607 0.371465
2.07065 -1.77723 0.925782 1.74602 0.371447
2.0707 -1.77723 0.925782 1.74598 0.371429
2.07075 -1.77723 0.925782 1.74594 0.371411
2.0708 -1.77723 0.925782 1.7459 0.371393
2.07085 -1.77723 0.925782 1.74586 0.371376
2.0709 -1.77723 0.925782 1.74581 0.371358
2.07095 -1.77723 0.925782 1.74577 0.37134
2.071 -1.77723 0.925782 1.74573 0.371322
2.07105 -1.77723 0.925782 1.74569 0.371304
2.0711 -1.77723 0.925782 1.74565 0.371286
2.07115 -1.77723 0.925782 1.7456 0.371268
2.0712 -1.77709 0.925743 1.75104 0.371453
2.07125 -1.77709 0.925743 1.751 0.371435
2.0713 -1.77709 0.925743 1.75096 0.371417
2.07135 -1.77707 0.925732 1.7509 0.371428
2.0714 -1.77707 0.925732 1.75085 0.37141
2.07145 -1.77707 0.925732 1.75081 0.371392
2.0715 -1.77705 0.925725 1.74681 0.371403
2.07155 -1.77705 0.925725 1.74677 0.371385
2.0716 -1.77705 0.925725 1.74672 0.371367
2.07165 -1.77705 0.925725 1.74668 0.37135
2.0717 -1.77705 0.925725 1.74664 0.371332
2.07175 -1.77705 0.925725 1.7466 0.371314
2.0718 -1.77705 0.925725 1.74656 0.371296
2.07185 -1.77705 0.925725 1.74651 0.371278
2.0719 -1.77705 0.925725 1.74647 0.37126
2.07195 -1.77705 0.925725 1.74643 0.371242
2.072 -1.77713 0.925755 1.74659 0.371071
2.07205 -1.77713 0.925755 1.74654 0.371053
2.0721 -1.77713 0.925755 1.7465 0.371035
2.07215 -1.77695 0.925695 1.74477 0.371278
2.0722 -1.77695 0.925695 1.74472 0.37126
2.07225 -1.77695 0.925695 1.74468 0.371242
2.0723 -1.77673 0.925623 1.74432 0.371542
2.07235 -1.77678 0.92564 1.74821 0.371452
2.0724 -1.77655 0.92556 1.74799 0.371767
2.07245 -1.77655 0.92556 1.74795 0.371749
2.0725 -1.77655 0.92556 1.74791 0.371731
2.07255 -1.77655 0.92556 1.74787 0.371713
2.0726 -1.77655 0.92556 1.74783 0.371695
2.07265 -1.77655 0.92556 1.74778 0.371677
2.0727 -1.77655 0.92556 1.74774 0.371659
2.07275 -1.77655 0.92556 1.7477 0.371641
2.0728 -1.77637 0.925505 1.7383 0.371884
2.07285 -1.77637 0.925505 1.73826 0.371866
2.0729 -1.7761 0.925408 1.73767 0.372238
2.07295 -1.7761 0.925408 1.73763 0.37222
2.073 -1.7761 0.925408 1.73758 0.372202
2.07305 -1.7761 0.925408 1.73754 0.372184
2.0731 -1.7756 0.92524 1.73899 0.372888
2.07315 -1.7756 0.92524 1.73895 0.37287
2.0732 -1.7756 0.92524 1.73891 0.372852
2.07325 -1.7756 0.92524 1.73887 0.372834
2.0733 -1.7756 0.92524 1.73882 0.372816
2.07335 -1.77548 0.925203 1.73839 0.372972
2.0734 -1.77548 0.925203 1.73835 0.372954
2.07345 -1.77554 0.925227 1.74893 0.372849
2.0735 -1.77554 0.925227 1.74889 0.372831
2.07355 -1.77548 0.925205 1.7488 0.3729
2.0736 -1.77548 0.925205 1.74875 0.372882
2.07365 -1.77526 0.92513 1.74697 0.373181
2.0737 -1.77526 0.92513 1.74693 0.373163
2.07375 -1.77522 0.925118 1.74527 0.373203
2.0738 -1.77522 0.925118 1.74522 0.373185
2.07385 -1.77522 0.925118 1.74518 0.373167
2.0739 -1.77522 0.925118 1.74514 0.373149
2.07395 -1.77522 0.925118 1.7451 0.373131
2.074 -1.77529 0.92514 1.74511 0.373012
2.07405 -1.77529 0.92514 1.74713 0.372994
2.0741 -1.77529 0.92514 1.74709 0.372976
2.07415 -1.77527 0.925137 1.74736 0.372987
2.0742 -1.77527 0.925137 1.74732 0.372969
2.07425 -1.77538 0.925175 1.74779 0.372792
2.0743 -1.77538 0.925175 1.74775 0.372774
2.07435 -1.77538 0.925175 1.74771 0.372756
2.0744 -1.77538 0.925175 1.74767 0.372738
2.07445 -1.77538 0.925175 1.74763 0.37272
2.0745 -1.77544 0.9252 1.74764 0.372616
2.07455 -1.77547 0.925207 1.74762 0.372555
2.0746 -1.77547 0.925207 1.74757 0.372537
2.07465 -1.77543 0.925195 1.74587 0.372576
2.0747 -1.77545 0.925203 1.74584 0.372567
2.07475 -1.77545 0.925203 1.7458 0.372549
2.0748 -1.7754 0.925183 1.74571 0.372603
2.07485 -1.7754 0.925183 1.74567 0.372585
2.0749 -1.77529 0.925148 1.74554 0.372726
2.07495 -1.77529 0.925148 1.7455 0.372708
2.075 -1.77529 0.925148 1.74546 0.37269
2.07505 -1.77529 0.925148 1.74541 0.372672
2.0751 -1.77529 0.925148 1.74537 0.372654
2.07515 -1.77529 0.925148 1.74533 0.372636
2.0752 -1.77529 0.925148 1.74529 0.372618
2.07525 -1.77527 0.92514 1.74205 0.372629
2.0753 -1.77527 0.92514 1.74201 0.372611
2.07535 -1.77527 0.92514 1.74197 0.372593
2.0754 -1.77527 0.92514 1.74193 0.372575
2.07545 -1.77527 0.92514 1.74189 0.372557
2.0755 -1.77527 0.92514 1.74184 0.372539
2.07555 -1.77515 0.925103 1.74172 0.372694
2.0756 -1.77515 0.925103 1.74168 0.372676
2.07565 -1.77515 0.925103 1.74163 0.372658
2.0757 -1.77515 0.925103 1.74159 0.37264
2.07575 -1.77515 0.925103 1.74155 0.372622
2.0758 -1.77516 0.9251 1.74157 0.372552
2.07585 -1.77517 0.9251 1.74654 0.372483
2.0759 -1.77517 0.9251 1.7465 0.372465
2.07595 -1.77517 0.9251 1.74646 0.372447
2.076 -1.77517 0.9251 1.74642 0.372429
2.07605 -1.7749 0.925005 1.74618 0.3728
2.0761 -1.7748 0.924975 1.74606 0.372925
2.07615 -1.7748 0.924975 1.74602 0.372907
2.0762 -1.7748 0.924975 1.74598 0.372889
2.07625 -1.7748 0.924975 1.74593 0.372872
2.0763 -1.77497 0.925033 1.74604 0.372609
2.07635 -1.77497 0.925033 1.746 0.372591
2.0764 -1.77503 0.925053 1.74304 0.372487
2.07645 -1.77503 0.925053 1.74299 0.372469
2.0765 -1.77503 0.925053 1.74295 0.372451
2.07655 -1.77544 0.925203 1.74328 0.371881
2.0766 -1.7751 0.92509 1.74292 0.372352
2.07665 -1.7751 0.92509 1.74288 0.372334
2.0767 -1.7751 0.92509 1.74283 0.372316
2.07675 -1.7751 0.92509 1.74279 0.372298
2.0768 -1.7751 0.92509 1.74275 0.37228
2.07685 -1.7751 0.92509 1.74271 0.372262
2.0769 -1.77507 0.92508 1.74264 0.372287
2.07695 -1.77494 0.92504 1.74254 0.372456
2.077 -1.77494 0.92504 1.7425 0.372438
2.07705 -1.77494 0.92504 1.74246 0.37242
2.0771 -1.77494 0.92504 1.74241 0.372402
2.07715 -1.77492 0.925035 1.74236 0.372413
2.0772 -1.77492 0.925035 1.74231 0.372395
2.07725 -1.77492 0.925035 1.74227 0.372377
2.0773 -1.77492 0.925035 1.74223 0.372359
2.07735 -1.77492 0.925035 1.74219 0.372341
2.0774 -1.77506 0.925085 1.74225 0.372122
2.07745 -1.77506 0.925085 1.74221 0.372104
2.0775 -1.77506 0.925085 1.74217 0.372087
2.07755 -1.77506 0.925085 1.74213 0.372069
2.0776 -1.77483 0.925002 1.74188 0.372381
2.07765 -1.77483 0.925002 1.74184 0.372363
2.0777 -1.77483 0.925002 1.74179 0.372345
2.07775 -1.77483 0.925002 1.74175 0.372327
2.0778 -1.77483 0.925002 1.74171 0.372309
2.07785 -1.77478 0.924987 1.74156 0.372363
2.0779 -1.77478 0.924987 1.74152 0.372345
2.07795 -1.77478 0.924987 1.74147 0.372327
2.078 -1.77478 0.924987 1.74143 0.37231
2.07805 -1.77479 0.924992 1.7414 0.372277
2.0781 -1.77469 0.924955 1.74118 0.372403
2.07815 -1.77469 0.924955 1.74114 0.372385
2.0782 -1.77469 0.924955 1.7411 0.372367
2.07825 -1.77469 0.924955 1.74106 0.372349
2.0783 -1.77469 0.924955 1.74101 0.372331
2.07835 -1.77469 0.924955 1.74097 0.372313
2.0784 -1.77469 0.924955 1.74093 0.372295
2.07845 -1.77469 0.924955 1.74089 0.372277
2.0785 -1.77452 0.92489 1.74305 0.372503
2.07855 -1.77452 0.92489 1.74301 0.372485
2.0786 -1.77443 0.924857 1.74289 0.372597
2.07865 -1.77443 0.924857 1.74285 0.372579
2.0787 -1.77443 0.924857 1.74281 0.372561
2.07875 -1.77443 0.924857 1.74276 0.372543
2.0788 -1.77421 0.924782 1.74256 0.372877
2.07885 -1.77421 0.924782 1.74252 0.372859
2.0789 -1.77421 0.924782 1.74247 0.372841
2.07895 -1.77421 0.924782 1.74243 0.372823
2.079 -1.77386 0.924658 1.74221 0.373307
2.07905 -1.77386 0.924658 1.74216 0.373289
2.0791 -1.77386 0.924658 1.74212 0.373271
2.07915 -1.77388 0.924663 1.7421 0.373224
2.0792 -1.77388 0.924663 1.74205 0.373207
2.07925 -1.77389 0.924665 1.74202 0.373174
2.0793 -1.77389 0.924665 1.74198 0.373156
2.07935 -1.7739 0.924665 1.74194 0.373124
2.0794 -1.7739 0.924665 1.7419 0.373106
2.07945 -1.7739 0.924665 1.74186 0.373088
2.0795 -1.7739 0.924665 1.74182 0.37307
2.07955 -1.7739 0.924665 1.74178 0.373052
2.0796 -1.7739 0.924665 1.74174 0.373034
2.07965 -1.7739 0.924665 1.74169 0.373016
2.0797 -1.7739 0.924665 1.74165 0.372998
2.07975 -1.77363 0.924575 1.74117 0.373367
2.0798 -1.77355 0.924552 1.74107 0.373463
2.07985 -1.77355 0.924552 1.74103 0.373446
2.0799 -1.77344 0.924508 1.74103 0.373585
2.07995 -1.77344 0.924508 1.74098 0.373567
2.08 -1.77347 0.924523 1.74095 0.373506
2.08005 -1.77355 0.924552 1.73947 0.373374
2.0801 -1.77355 0.924552 1.73943 0.373356
2.08015 -1.77355 0.924552 1.73938 0.373338
2.0802 -1.77355 0.924552 1.73934 0.37332
2.08025 -1.77332 0.924477 1.74088 0.373668
2.0803 -1.77332 0.924477 1.74084 0.37365
2.08035 -1.77341 0.92451 1.74152 0.373503
2.0804 -1.77344 0.924523 1.74123 0.373442
2.08045 -1.77344 0.924523 1.74119 0.373424
2.0805 -1.77339 0.924505 1.74121 0.373478
2.08055 -1.77339 0.924505 1.74117 0.37346
2.0806 -1.77339 0.924505 1.74113 0.373442
2.08065 -1.77339 0.924505 1.74109 0.373424
2.0807 -1.77339 0.924505 1.74105 0.373406
2.08075 -1.77339 0.924505 1.741 0.373388
2.0808 -1.77339 0.924505 1.74096 0.37337
2.08085 -1.77339 0.924505 1.74092 0.373352
2.0809 -1.77339 0.924505 1.74088 0.373334
2.08095 -1.77338 0.924503 1.74083 0.373331
2.081 -1.77338 0.924503 1.74079 0.373313
2.08105 -1.77338 0.924503 1.74075 0.373295
2.0811 -1.77338 0.924503 1.7407 0.373277
2.08115 -1.77338 0.924503 1.74066 0.373259
2.0812 -1.7729 0.92434 1.74039 0.373926
2.08125 -1.77297 0.924365 1.74016 0.373809
2.0813 -1.77297 0.924365 1.74012 0.373791
2.08135 -1.77297 0.924365 1.74008 0.373773
2.0814 -1.77223 0.924115 1.73936 0.374847
2.08145 -1.77223 0.924115 1.73932 0.374829
2.0815 -1.77223 0.924115 1.73928 0.374811
2.08155 -1.77232 0.924148 1.73934 0.374665
2.0816 -1.77232 0.924148 1.7393 0.374647
2.08165 -1.77232 0.924148 1.73926 0.374629
2.0817 -1.77232 0.924148 1.73922 0.374611
2.08175 -1.77232 0.924148 1.73918 0.374593
2.0818 -1.77232 0.924148 1.73914 0.374575
2.08185 -1.77232 0.924148 1.73909 0.374557
2.0819 -1.77233 0.924153 1.73923 0.374525
2.08195 -1.77233 0.924153 1.73919 0.374507
2.082 -1.77216 0.924098 1.73898 0.374731
2.08205 -1.77216 0.924098 1.73894 0.374713
2.0821 -1.77232 0.92415 1.73882 0.374467
2.08215 -1.77232 0.92415 1.73878 0.374449
2.0822 -1.77232 0.92415 1.73874 0.374431
2.08225 -1.77232 0.92415 1.7387 0.374413
2.0823 -1.77212 0.924085 1.73886 0.37468
2.08235 -1.77222 0.92412 1.73889 0.37452
2.0824 -1.77222 0.92412 1.73885 0.374502
2.08245 -1.77192 0.924018 1.73814 0.374911
2.0825 -1.77192 0.924018 1.7381 0.374893
2.08255 -1.77184 0.923995 1.73748 0.374989
2.0826 -1.77184 0.923995 1.73744 0.374971
2.08265 -1.77184 0.923995 1.7374 0.374953
2.0827 -1.77168 0.923942 1.73789 0.375163
2.08275 -1.77168 0.923942 1.73785 0.375145
2.0828 -1.77156 0.923905 1.73772 0.375297
2.08285 -1.77156 0.923905 1.73768 0.375279
2.0829 -1.77156 0.923905 1.73764 0.375261
2.08295 -1.77129 0.923813 1.73748 0.375627
2.083 -1.77129 0.923813 1.73744 0.375609
2.08305 -1.77141 0.923852 1.73749 0.375384
2.0831 -1.77144 0.923863 1.73478 0.375323
2.08315 -1.7712 0.923782 1.7345 0.375646
2.0832 -1.7712 0.923782 1.73446 0.375628
2.08325 -1.7712 0.923782 1.73442 0.37561
2.0833 -1.7712 0.923782 1.73438 0.375592
2.08335 -1.7712 0.923782 1.73433 0.375574
2.0834 -1.7712 0.923782 1.73429 0.375556
2.08345 -1.77096 0.923702 1.7313 0.375879
2.0835 -1.77068 0.923602 1.73055 0.376259
2.08355 -1.77068 0.923602 1.73051 0.376241
2.0836 -1.77068 0.923602 1.73047 0.376223
2.08365 -1.77068 0.923602 1.73043 0.376205
2.0837 -1.77068 0.923602 1.73039 0.376187
2.08375 -1.77062 0.923585 1.7303 0.376254
2.0838 -1.77062 0.923585 1.73026 0.376236
2.08385 -1.77062 0.923585 1.73022 0.376218
2.0839 -1.77062 0.923585 1.73018 0.3762
2.08395 -1.77062 0.923585 1.73013 0.376182
2.084 -1.77061 0.92358 1.73008 0.376178
2.08405 -1.77045 0.923527 1.73593 0.376387
2.0841 -1.77015 0.92342 1.73565 0.376794
2.08415 -1.77015 0.92342 1.73561 0.376776
2.0842 -1.77004 0.923382 1.73419 0.376914
2.08425 -1.77004 0.923382 1.73415 0.376896
2.0843 -1.76992 0.923342 1.73388 0.377048
2.08435 -1.76992 0.923342 1.73384 0.37703
2.0844 -1.76975 0.923285 1.73504 0.377253
2.08445 -1.76975 0.923285 1.735 0.377235
2.0845 -1.76978 0.923297 1.73497 0.377174
2.08455 -1.76978 0.923297 1.73493 0.377156
2.0846 -1.76978 0.923297 1.73488 0.377138
2.08465 -1.76978 0.923297 1.73484 0.37712
2.0847 -1.7697 0.92327 1.73196 0.377215
2.08475 -1.7697 0.92327 1.73192 0.377197
2.0848 -1.76982 0.92331 1.72914 0.377009
2.08485 -1.76982 0.92331 1.7291 0.376991
2.0849 -1.76982 0.92331 1.72906 0.376973
2.08495 -1.76982 0.92331 1.72902 0.376955
2.085 -1.76982 0.92331 1.72898 0.376937
2.08505 -1.76982 0.92331 1.72894 0.376919
2.0851 -1.76957 0.923222 1.73014 0.377255
2.08515 -1.76957 0.923222 1.7301 0.377237
2.0852 -1.76927 0.923122 1.7299 0.377643
2.08525 -1.76951 0.923205 1.73192 0.377285
2.0853 -1.76955 0.92322 1.73049 0.377211
2.08535 -1.76955 0.92322 1.73045 0.377192
2.0854 -1.76955 0.92322 1.73041 0.377174
2.08545 -1.76955 0.92322 1.73037 0.377156
2.0855 -1.76955 0.92322 1.73032 0.377138
2.08555 -1.76955 0.92322 1.73028 0.37712
2.0856 -1.76955 0.92322 1.73024 0.377102
2.08565 -1.76955 0.92322 1.7302 0.377084
2.0857 -1.76955 0.92322 1.73016 0.377066
2.08575 -1.76939 0.923168 1.73249 0.377274
2.0858 -1.76939 0.923168 1.73244 0.377256
2.08585 -1.76939 0.923168 1.7324 0.377238
2.0859 -1.76906 0.923068 1.73327 0.377687
2.08595 -1.76896 0.92303 1.73262 0.37781
2.086 -1.76896 0.92303 1.73258 0.377792
2.08605 -1.76885 0.92299 1.73005 0.377929
2.0861 -1.76885 0.92299 1.73001 0.377911
2.08615 -1.76885 0.92299 1.72996 0.377893
2.0862 -1.76885 0.92299 1.72993 0.377875
2.08625 -1.76854 0.922885 1.72961 0.378295
2.0863 -1.76854 0.922885 1.72957 0.378277
2.08635 -1.76854 0.922885 1.72953 0.378259
2.0864 -1.76854 0.922885 1.72949 0.37824
2.08645 -1.76854 0.922885 1.72945 0.378222
2.0865 -1.76854 0.922885 1.72941 0.378204
2.08655 -1.76847 0.92286 1.73155 0.378285
2.0866 -1.76846 0.922857 1.73161 0.378281
2.08665 -1.76846 0.922857 1.73157 0.378263
2.0867 -1.76846 0.922857 1.73153 0.378245
2.08675 -1.76846 0.922857 1.73149 0.378226
2.0868 -1.76846 0.922857 1.73145 0.378208
2.08685 -1.76799 0.9227 1.72953 0.378854
2.0869 -1.76799 0.9227 1.72949 0.378835
2.08695 -1.76799 0.9227 1.72945 0.378817
2.087 -1.76799 0.9227 1.72941 0.378799
2.08705 -1.76799 0.9227 1.72937 0.378781
2.0871 -1.76799 0.9227 1.72933 0.378763
2.08715 -1.76799 0.9227 1.72928 0.378745
2.0872 -1.76799 0.9227 1.72924 0.378726
2.08725 -1.76799 0.9227 1.7292 0.378708
2.0873 -1.76799 0.9227 1.72916 0.37869
2.08735 -1.76799 0.9227 1.72912 0.378672
2.0874 -1.76793 0.922687 1.72896 0.378738
2.08745 -1.76793 0.922687 1.72892 0.37872
2.0875 -1.76793 0.922687 1.72888 0.378702
2.08755 -1.76793 0.922687 1.72884 0.378684
2.0876 -1.76793 0.922687 1.7288 0.378666
2.08765 -1.76794 0.92269 1.72876 0.378634
2.0877 -1.76794 0.92269 1.72872 0.378616
2.08775 -1.76794 0.92269 1.72868 0.378597
2.0878 -1.76784 0.922658 1.72526 0.37872
2.08785 -1.76784 0.922658 1.72522 0.378702
2.0879 -1.76784 0.922658 1.72518 0.378684
2.08795 -1.76784 0.922658 1.72514 0.378666
2.088 -1.76789 0.922673 1.72531 0.378577
2.08805 -1.76789 0.922673 1.72527 0.378559
2.0881 -1.76789 0.922673 1.72523 0.378541
2.08815 -1.7678 0.922645 1.72587 0.37865
2.0882 -1.76757 0.922565 1.72685 0.378955
2.08825 -1.76757 0.922565 1.7268 0.378937
2.0883 -1.76764 0.92259 1.72733 0.378821
2.08835 -1.76764 0.92259 1.72729 0.378802
2.0884 -1.76761 0.92258 1.72723 0.378827
2.08845 -1.76761 0.92258 1.72719 0.378808
2.0885 -1.76761 0.92258 1.72715 0.37879
2.08855 -1.76751 0.92255 1.72713 0.378913
2.0886 -1.76751 0.92255 1.72709 0.378895
2.08865 -1.76747 0.922535 1.72701 0.378933
2.0887 -1.76747 0.922535 1.72697 0.378915
2.08875 -1.76747 0.922535 1.72693 0.378897
2.0888 -1.76747 0.922535 1.72689 0.378878
2.08885 -1.76731 0.922477 1.72688 0.379085
2.0889 -1.76731 0.922477 1.72684 0.379067
2.08895 -1.76727 0.922465 1.72675 0.379105
2.089 -1.76738 0.922497 1.7268 0.378933
2.08905 -1.76738 0.922497 1.72676 0.378914
2.0891 -1.76738 0.922497 1.72671 0.378896
2.08915 -1.76738 0.922497 1.72668 0.378878
2.0892 -1.76738 0.922497 1.72663 0.37886
2.08925 -1.76716 0.922427 1.72477 0.379151
2.0893 -1.76716 0.922427 1.72473 0.379133
2.08935 -1.76686 0.92233 1.72712 0.379537
2.0894 -1.76685 0.922327 1.72707 0.379533
2.08945 -1.76685 0.922327 1.72703 0.379514
2.0895 -1.76685 0.922327 1.72699 0.379496
2.08955 -1.76685 0.922327 1.72695 0.379478
2.0896 -1.76685 0.922327 1.72691 0.37946
2.08965 -1.76685 0.922327 1.72687 0.379442
2.0897 -1.76685 0.922327 1.72682 0.379424
2.08975 -1.76685 0.922327 1.72678 0.379405
2.0898 -1.76686 0.922332 1.72629 0.379373
2.08985 -1.76692 0.922353 1.72629 0.379271
2.0899 -1.76692 0.922353 1.72625 0.379253
2.08995 -1.76692 0.922353 1.72621 0.379234
2.09 -1.76692 0.922353 1.72617 0.379216
2.09005 -1.76692 0.922353 1.72613 0.379198
2.0901 -1.76692 0.922353 1.72609 0.37918
2.09015 -1.76689 0.92234 1.7261 0.379204
2.0902 -1.76668 0.922265 1.7259 0.379481
2.09025 -1.76666 0.922255 1.72584 0.379491
2.0903 -1.76666 0.922255 1.7258 0.379473
2.09035 -1.76666 0.922255 1.72576 0.379454
2.0904 -1.76666 0.922255 1.72571 0.379436
2.09045 -1.76659 0.922233 1.72562 0.379516
2.0905 -1.7663 0.92214 1.72707 0.379905
2.09055 -1.7663 0.92214 1.72702 0.379887
2.0906 -1.7663 0.92214 1.72698 0.379869
2.09065 -1.7663 0.92214 1.72694 0.379851
2.0907 -1.7663 0.92214 1.7269 0.379832
2.09075 -1.7663 0.92214 1.72686 0.379814
2.0908 -1.7663 0.92214 1.72682 0.379796
2.09085 -1.76648 0.922195 1.72695 0.379525
2.0909 -1.76648 0.922195 1.72691 0.379507
2.09095 -1.76648 0.922195 1.72687 0.379489
2.091 -1.76648 0.922195 1.72683 0.379471
2.09105 -1.76648 0.922195 1.72679 0.379453
2.0911 -1.76651 0.922205 1.723 0.379393
2.09115 -1.76651 0.922205 1.72296 0.379374
2.0912 -1.76651 0.922205 1.72292 0.379356
2.09125 -1.76639 0.922168 1.72351 0.379506
2.0913 -1.76639 0.922168 1.72347 0.379488
2.09135 -1.76627 0.922125 1.72334 0.379638
2.0914 -1.76627 0.922125 1.7233 0.37962
2.09145 -1.76611 0.92207 1.72502 0.379826
2.0915 -1.76611 0.92207 1.72498 0.379808
2.09155 -1.76611 0.92207 1.72494 0.37979
2.0916 -1.76611 0.92207 1.72489 0.379772
2.09165 -1.76611 0.92207 1.72485 0.379754
2.0917 -1.76611 0.92207 1.72481 0.379735
2.09175 -1.76617 0.922083 1.72481 0.379633
2.0918 -1.76617 0.922083 1.72477 0.379615
2.09185 -1.76617 0.922083 1.72473 0.379597
2.0919 -1.76617 0.922083 1.72469 0.379579
2.09195 -1.76617 0.922083 1.72464 0.379561
2.092 -1.76619 0.92209 1.72456 0.379514
2.09205 -1.76619 0.92209 1.72452 0.379496
2.0921 -1.76618 0.922085 1.7219 0.379492
2.09215 -1.76618 0.922085 1.72186 0.379474
2.0922 -1.76618 0.922085 1.72182 0.379456
2.09225 -1.76613 0.92207 1.7236 0.379508
2.0923 -1.76612 0.922068 1.72355 0.379504
2.09235 -1.76612 0.922068 1.72351 0.379486
2.0924 -1.76613 0.92207 1.72347 0.379453
2.09245 -1.76616 0.922077 1.72337 0.379393
2.0925 -1.76616 0.922077 1.72333 0.379375
2.09255 -1.76616 0.922077 1.72329 0.379357
2.0926 -1.76616 0.922077 1.72325 0.379339
2.09265 -1.76616 0.922077 1.72321 0.379321
2.0927 -1.76617 0.92208 1.72268 0.379289
2.09275 -1.76606 0.92205 1.72394 0.379424
2.0928 -1.76606 0.92205 1.7239 0.379406
2.09285 -1.76576 0.921942 1.72238 0.379808
2.0929 -1.76576 0.921942 1.72234 0.37979
2.09295 -1.76576 0.921942 1.7223 0.379772
2.093 -1.76576 0.921942 1.72226 0.379753
2.09305 -1.76576 0.921942 1.72222 0.379735
2.0931 -1.76527 0.921763 1.72173 0.380402
2.09315 -1.76513 0.921715 1.72158 0.38058
2.0932 -1.76513 0.921715 1.72154 0.380561
2.09325 -1.76513 0.921715 1.7215 0.380543
2.0933 -1.76521 0.921743 1.72391 0.380413
2.09335 -1.7653 0.921775 1.72275 0.380269
2.0934 -1.7653 0.921775 1.72271 0.380251
2.09345 -1.7653 0.921775 1.72267 0.380233
2.0935 -1.76535 0.921793 1.72202 0.380145
2.09355 -1.76535 0.921793 1.72198 0.380127
2.0936 -1.76535 0.921793 1.72193 0.380109
2.09365 -1.76535 0.9218 1.72223 0.380091
2.0937 -1.76535 0.9218 1.72218 0.380072
2.09375 -1.76523 0.92176 1.72313 0.380222
2.0938 -1.76523 0.92176 1.72309 0.380204
2.09385 -1.76523 0.92176 1.72305 0.380185
2.0939 -1.76523 0.92176 1.723 0.380167
2.09395 -1.76523 0.92176 1.72296 0.380149
2.094 -1.76507 0.921708 1.72265 0.380391
2.09405 -1.76507 0.921708 1.72261 0.380373
2.0941 -1.76507 0.921708 1.72257 0.380355
2.09415 -1.76507 0.921708 1.72253 0.380336
2.0942 -1.76507 0.921708 1.72249 0.380318
2.09425 -1.76507 0.921708 1.72245 0.3803
2.0943 -1.76478 0.92161 1.72279 0.380687
2.09435 -1.76461 0.921552 1.72262 0.380942
2.0944 -1.76461 0.921552 1.72258 0.380924
2.09445 -1.76452 0.921525 1.72254 0.381031
2.0945 -1.76436 0.921465 1.72236 0.381236
2.09455 -1.76436 0.921465 1.72232 0.381218
2.0946 -1.76436 0.921465 1.72228 0.381199
2.09465 -1.76436 0.921465 1.72224 0.381181
2.0947 -1.76436 0.921465 1.7222 0.381163
2.09475 -1.76441 0.921482 1.72203 0.381075
2.0948 -1.7646 0.921558 1.72215 0.380792
2.09485 -1.7646 0.921558 1.72211 0.380774
2.0949 -1.76428 0.921447 1.72197 0.381202
2.09495 -1.76428 0.921447 1.72193 0.381184
2.095 -1.76428 0.921447 1.72189 0.381165
2.09505 -1.76428 0.921447 1.72185 0.381147
2.0951 -1.76405 0.92137 1.7215 0.381449
2.09515 -1.76405 0.92137 1.72146 0.381431
2.0952 -1.76405 0.92137 1.72142 0.381413
2.09525 -1.76405 0.92137 1.72138 0.381395
2.0953 -1.76405 0.92137 1.72134 0.381376
2.09535 -1.76405 0.92137 1.7213 0.381358
2.0954 -1.76405 0.92137 1.72125 0.38134
2.09545 -1.76405 0.92137 1.72121 0.381322
2.0955 -1.76405 0.92137 1.72117 0.381304
2.09555 -1.76405 0.92137 1.72113 0.381286
2.0956 -1.76348 0.92117 1.72063 0.38206
2.09565 -1.76348 0.92117 1.72059 0.382042
2.0957 -1.76353 0.921185 1.72059 0.381954
2.09575 -1.76353 0.921185 1.72055 0.381936
2.0958 -1.76334 0.92112 1.72036 0.382182
2.09585 -1.76334 0.92112 1.72032 0.382164
2.0959 -1.76334 0.92112 1.72027 0.382146
2.09595 -1.76334 0.92112 1.72023 0.382127
2.096 -1.76334 0.92112 1.72019 0.382109
2.09605 -1.76334 0.92112 1.72015 0.382091
2.0961 -1.76334 0.92112 1.72011 0.382073
2.09615 -1.76334 0.92112 1.72007 0.382054
2.0962 -1.76334 0.92112 1.72003 0.382036
2.09625 -1.76334 0.92112 1.71999 0.382018
2.0963 -1.76334 0.92112 1.71995 0.382
2.09635 -1.76328 0.9211 1.71985 0.382065
2.0964 -1.76328 0.9211 1.71981 0.382047
2.09645 -1.76328 0.9211 1.71977 0.382029
2.0965 -1.76328 0.9211 1.71973 0.38201
2.09655 -1.76328 0.9211 1.71969 0.381992
2.0966 -1.76328 0.9211 1.71964 0.381974
2.09665 -1.76328 0.9211 1.7196 0.381956
2.0967 -1.76328 0.9211 1.71956 0.381937
2.09675 -1.7631 0.92104 1.71952 0.382169
2.0968 -1.7631 0.92104 1.71948 0.382151
2.09685 -1.7631 0.92104 1.71944 0.382133
2.0969 -1.7631 0.92104 1.71939 0.382115
2.09695 -1.7631 0.92104 1.71935 0.382096
2.097 -1.7631 0.92104 1.71931 0.382078
2.09705 -1.7631 0.92104 1.71927 0.38206
2.0971 -1.7631 0.92104 1.71923 0.382042
2.09715 -1.76304 0.92102 1.71914 0.382107
2.0972 -1.76291 0.920983 1.71879 0.382269
2.09725 -1.76285 0.92096 1.7187 0.382334
2.0973 -1.76285 0.92096 1.71866 0.382316
2.09735 -1.76294 0.92099 1.71872 0.382173
2.0974 -1.76294 0.92099 1.71868 0.382154
2.09745 -1.76267 0.920895 1.71781 0.382511
2.0975 -1.76247 0.92083 1.71765 0.38277
2.09755 -1.76247 0.92083 1.7176 0.382752
2.0976 -1.76247 0.92083 1.71756 0.382733
2.09765 -1.76247 0.92083 1.71752 0.382715
2.0977 -1.76234 0.920787 1.7182 0.382877
2.09775 -1.76234 0.920787 1.71816 0.382859
2.0978 -1.76234 0.920787 1.71812 0.38284
2.09785 -1.76234 0.920787 1.71808 0.382822
2.0979 -1.76234 0.920787 1.71804 0.382804
2.09795 -1.76229 0.920772 1.71723 0.382855
2.098 -1.76221 0.920748 1.7169 0.382948
2.09805 -1.76221 0.920748 1.71686 0.382929
2.0981 -1.76221 0.920748 1.71682 0.382911
2.09815 -1.76221 0.920748 1.71677 0.382893
2.0982 -1.76221 0.920748 1.71673 0.382875
2.09825 -1.76221 0.920748 1.71669 0.382856
2.0983 -1.76221 0.920748 1.71665 0.382838
2.09835 -1.76221 0.920748 1.71661 0.38282
2.0984 -1.76221 0.920748 1.71657 0.382802
2.09845 -1.76221 0.920748 1.71653 0.382783
2.0985 -1.76221 0.920748 1.71649 0.382765
2.09855 -1.7622 0.920745 1.71644 0.382797
2.0986 -1.7622 0.920745 1.7164 0.382779
2.09865 -1.7622 0.920745 1.71636 0.382761
2.0987 -1.7622 0.920745 1.71632 0.382742
2.09875 -1.7622 0.920745 1.71628 0.382724
2.0988 -1.7622 0.920745 1.71624 0.382706
2.09885 -1.7622 0.920745 1.7162 0.382688
2.0989 -1.76227 0.920772 1.71657 0.382573
2.09895 -1.76227 0.920772 1.71653 0.382554
2.099 -1.76227 0.920772 1.71649 0.382536
2.09905 -1.76217 0.920735 1.71636 0.382656
2.0991 -1.76217 0.920735 1.71632 0.382638
2.09915 -1.76215 0.920728 1.7163 0.382647
2.0992 -1.76215 0.920728 1.71626 0.382629
2.09925 -1.76215 0.920728 1.71622 0.382611
2.0993 -1.76215 0.920728 1.71618 0.382593
2.09935 -1.76221 0.92075 1.71686 0.382492
2.0994 -1.76221 0.92075 1.71682 0.382473
2.09945 -1.76221 0.92075 1.71678 0.382455
2.0995 -1.76221 0.92075 1.71674 0.382437
2.09955 -1.76221 0.92075 1.7167 0.382419
2.0996 -1.76222 0.920752 1.71667 0.382387
2.09965 -1.76222 0.920752 1.71662 0.382368
2.0997 -1.76222 0.920752 1.71658 0.38235
2.09975 -1.76222 0.920752 1.71654 0.382332
2.0998 -1.76222 0.920752 1.7165 0.382314
2.09985 -1.76208 0.920713 1.71633 0.382489
2.0999 -1.76208 0.920713 1.71629 0.382471
2.09995 -1.762 0.920693 1.71622 0.382563
