2 -1.80319 0.934575 1.83645 0.357166
2.00005 -1.80319 0.934575 1.83641 0.357148
2.0001 -1.80319 0.934575 1.83636 0.35713
2.00015 -1.80319 0.934575 1.83632 0.357112
2.0002 -1.80319 0.934575 1.83627 0.357094
2.00025 -1.80325 0.934595 1.83628 0.35698
2.0003 -1.80325 0.934595 1.83623 0.356962
2.00035 -1.80325 0.934595 1.83618 0.356944
2.0004 -1.80325 0.934595 1.83614 0.356927
2.00045 -1.80325 0.934595 1.83609 0.356909
2.0005 -1.80325 0.934595 1.83605 0.356891
2.00055 -1.80325 0.934595 1.836 0.356873
2.0006 -1.80325 0.934595 1.83595 0.356855
2.00065 -1.80299 0.93451 1.83421 0.357255
2.0007 -1.80299 0.93451 1.83417 0.357237
2.00075 -1.80302 0.93452 1.82745 0.357171
2.0008 -1.80302 0.93452 1.82741 0.357153
2.00085 -1.80311 0.934558 1.8276 0.356991
2.0009 -1.80314 0.93457 1.82759 0.356925
2.00095 -1.80314 0.93457 1.82754 0.356907
2.001 -1.80316 0.93458 1.82745 0.356857
2.00105 -1.80316 0.93458 1.8274 0.356839
2.0011 -1.80316 0.93458 1.82735 0.356821
2.00115 -1.80316 0.93458 1.82731 0.356804
2.0012 -1.80308 0.934553 1.82721 0.356914
2.00125 -1.80308 0.934553 1.82716 0.356896
2.0013 -1.80308 0.934553 1.82711 0.356878
2.00135 -1.80294 0.93451 1.82697 0.357125
2.0014 -1.80294 0.93451 1.82693 0.357107
2.00145 -1.80294 0.93451 1.82688 0.357089
2.0015 -1.80294 0.93451 1.82683 0.357072
2.00155 -1.80288 0.934488 1.83462 0.35715
2.0016 -1.80288 0.934488 1.83457 0.357132
2.00165 -1.80288 0.934488 1.83453 0.357114
2.0017 -1.80288 0.934488 1.83448 0.357096
2.00175 -1.80288 0.934488 1.83443 0.357079
2.0018 -1.80288 0.934488 1.83439 0.357061
2.00185 -1.80288 0.934488 1.83434 0.357043
2.0019 -1.80288 0.934488 1.8343 0.357025
2.00195 -1.80288 0.934488 1.83425 0.357007
2.002 -1.80281 0.934465 1.83155 0.357102
2.00205 -1.80282 0.934475 1.8317 0.357068
2.0021 -1.80282 0.934475 1.83165 0.35705
2.00215 -1.80282 0.934475 1.83161 0.357032
2.0022 -1.80282 0.934475 1.83156 0.357014
2.00225 -1.80282 0.934475 1.83151 0.356996
2.0023 -1.80282 0.934475 1.83147 0.356979
2.00235 -1.80282 0.934475 1.83142 0.356961
2.0024 -1.80282 0.934475 1.83137 0.356943
2.00245 -1.80281 0.934473 1.83132 0.356941
2.0025 -1.80281 0.934473 1.83128 0.356923
2.00255 -1.80281 0.934473 1.83123 0.356905
2.0026 -1.80281 0.934473 1.83118 0.356888
2.00265 -1.80281 0.934473 1.83114 0.35687
2.0027 -1.80284 0.934485 1.83118 0.356804
2.00275 -1.80295 0.93452 1.83211 0.35661
2.0028 -1.80295 0.93452 1.83206 0.356592
2.00285 -1.80295 0.93452 1.83202 0.356574
2.0029 -1.80295 0.93452 1.83197 0.356557
2.00295 -1.80282 0.93447 1.83184 0.356747
2.003 -1.80282 0.93447 1.8318 0.356729
2.00305 -1.80268 0.934423 1.83152 0.356935
2.0031 -1.80268 0.934423 1.83147 0.356918
2.00315 -1.80268 0.934423 1.83143 0.3569
2.0032 -1.80268 0.934423 1.83138 0.356882
2.00325 -1.80268 0.934423 1.83134 0.356864
2.0033 -1.80268 0.934423 1.83129 0.356846
2.00335 -1.80268 0.934423 1.83124 0.356828
2.0034 -1.80268 0.934423 1.8312 0.356811
2.00345 -1.80268 0.934423 1.83115 0.356793
2.0035 -1.80268 0.934423 1.83111 0.356775
2.00355 -1.80268 0.934423 1.83106 0.356757
2.0036 -1.80268 0.934423 1.83102 0.356739
2.00365 -1.80268 0.934423 1.83097 0.356722
2.0037 -1.80268 0.934423 1.83092 0.356704
2.00375 -1.80268 0.934423 1.83082 0.356686
2.0038 -1.80268 0.934423 1.83078 0.356668
2.00385 -1.80219 0.934257 1.83022 0.357434
2.0039 -1.80219 0.934257 1.83017 0.357416
2.00395 -1.80219 0.934257 1.83013 0.357398
2.004 -1.80219 0.934257 1.83008 0.35738
2.00405 -1.80219 0.934257 1.83004 0.357362
2.0041 -1.8021 0.93423 1.82878 0.357528
2.00415 -1.80195 0.93418 1.83132 0.35775
2.0042 -1.80195 0.93418 1.83127 0.357732
2.00425 -1.80197 0.934185 1.83124 0.357682
2.0043 -1.80218 0.93426 1.83065 0.357329
2.00435 -1.8021 0.934227 1.83052 0.357439
2.0044 -1.8021 0.934227 1.83048 0.357421
2.00445 -1.8021 0.934227 1.83043 0.357403
2.0045 -1.8021 0.934227 1.83039 0.357386
2.00455 -1.8021 0.934227 1.83034 0.357368
2.0046 -1.80206 0.934213 1.83026 0.357414
2.00465 -1.80206 0.934213 1.83021 0.357396
2.0047 -1.802 0.93419 1.83015 0.357474
2.00475 -1.80192 0.934165 1.83104 0.357584
2.0048 -1.80192 0.934165 1.83099 0.357566
2.00485 -1.80183 0.934137 1.83089 0.357692
2.0049 -1.80183 0.934137 1.83084 0.357674
2.00495 -1.80183 0.934137 1.8308 0.357656
2.005 -1.80183 0.934137 1.83075 0.357638
2.00505 -1.80179 0.93412 1.82929 0.357684
2.0051 -1.80179 0.93412 1.82924 0.357666
2.00515 -1.80179 0.93412 1.8292 0.357649
2.0052 -1.80179 0.93412 1.82915 0.357631
2.00525 -1.80191 0.93416 1.82921 0.357461
2.0053 -1.80191 0.93416 1.82916 0.357443
2.00535 -1.80191 0.93416 1.82911 0.357426
2.0054 -1.80191 0.93416 1.82907 0.357408
2.00545 -1.802 0.934187 1.82907 0.357246
2.0055 -1.802 0.934187 1.82902 0.357229
2.00555 -1.802 0.934187 1.82898 0.357211
2.0056 -1.802 0.934187 1.82893 0.357193
2.00565 -1.802 0.934187 1.82889 0.357175
2.0057 -1.802 0.934187 1.82884 0.357157
2.00575 -1.802 0.934187 1.8288 0.357139
2.0058 -1.802 0.934187 1.82875 0.357122
2.00585 -1.802 0.934187 1.82871 0.357104
2.0059 -1.802 0.934187 1.82866 0.357086
2.00595 -1.802 0.934187 1.82861 0.357068
2.006 -1.802 0.934187 1.82857 0.35705
2.00605 -1.802 0.934187 1.82852 0.357033
2.0061 -1.80198 0.93418 1.82853 0.357007
2.00615 -1.80201 0.93419 1.82851 0.356941
2.0062 -1.80201 0.93419 1.82847 0.356924
2.00625 -1.80201 0.93419 1.82842 0.356906
2.0063 -1.80201 0.93419 1.82837 0.356888
2.00635 -1.80201 0.93419 1.82833 0.35687
2.0064 -1.80201 0.93419 1.82828 0.356852
2.00645 -1.80179 0.934118 1.82727 0.357185
2.0065 -1.80128 0.933948 1.82732 0.358019
2.00655 -1.80106 0.933872 1.82854 0.358352
2.0066 -1.80106 0.933872 1.8285 0.358334
2.00665 -1.80106 0.933872 1.82845 0.358316
2.0067 -1.8011 0.933887 1.82844 0.358235
2.00675 -1.8011 0.933887 1.8284 0.358217
2.0068 -1.80072 0.933755 1.82803 0.358803
2.00685 -1.8007 0.933747 1.82661 0.358817
2.0069 -1.8007 0.933747 1.82657 0.3588
2.00695 -1.8007 0.933747 1.82652 0.358782
2.007 -1.8007 0.933747 1.82648 0.358764
2.00705 -1.8007 0.933747 1.82643 0.358746
2.0071 -1.8007 0.933747 1.82639 0.358728
2.00715 -1.80077 0.933773 1.82643 0.358599
2.0072 -1.80035 0.933628 1.82606 0.359249
2.00725 -1.80035 0.933628 1.82602 0.359231
2.0073 -1.80035 0.933628 1.82597 0.359213
2.00735 -1.80035 0.933628 1.82593 0.359195
2.0074 -1.80044 0.933658 1.82561 0.359034
2.00745 -1.80044 0.933658 1.82556 0.359016
2.0075 -1.80047 0.933667 1.82554 0.358951
2.00755 -1.8002 0.933577 1.82691 0.359401
2.0076 -1.8002 0.933577 1.82686 0.359383
2.00765 -1.8002 0.933577 1.82682 0.359366
2.0077 -1.8002 0.933577 1.82677 0.359348
2.00775 -1.8002 0.933577 1.82673 0.35933
2.0078 -1.8002 0.933577 1.82668 0.359312
2.00785 -1.80017 0.933567 1.82306 0.359342
2.0079 -1.80008 0.93354 1.82295 0.359467
2.00795 -1.80008 0.93354 1.82291 0.359449
2.008 -1.80008 0.93354 1.82286 0.359431
2.00805 -1.80008 0.93354 1.82281 0.359413
2.0081 -1.80007 0.933538 1.82308 0.359411
2.00815 -1.80007 0.933538 1.82304 0.359393
2.0082 -1.80007 0.933538 1.82299 0.359375
2.00825 -1.80007 0.933538 1.82295 0.359357
2.0083 -1.80007 0.933538 1.8229 0.359339
2.00835 -1.80007 0.933538 1.82286 0.359321
2.0084 -1.80006 0.933532 1.82299 0.359319
2.00845 -1.80006 0.933532 1.82294 0.359301
2.0085 -1.80006 0.933532 1.8229 0.359284
2.00855 -1.80006 0.933532 1.82285 0.359266
2.0086 -1.80005 0.93353 1.82601 0.359303
2.00865 -1.80005 0.93353 1.82597 0.359285
2.0087 -1.80005 0.93353 1.82592 0.359268
2.00875 -1.80005 0.93353 1.82588 0.35925
2.0088 -1.80005 0.93353 1.82583 0.359232
2.00885 -1.80005 0.93353 1.82578 0.359214
2.0089 -1.80005 0.93353 1.82574 0.359196
2.00895 -1.79993 0.933492 1.8256 0.359368
2.009 -1.79993 0.933492 1.82555 0.359351
2.00905 -1.79993 0.933492 1.82551 0.359333
2.0091 -1.79976 0.933438 1.82533 0.359624
2.00915 -1.79976 0.933438 1.82528 0.359606
2.0092 -1.79976 0.933438 1.82524 0.359588
2.00925 -1.79976 0.933438 1.82519 0.35957
2.0093 -1.79976 0.933438 1.82515 0.359552
2.00935 -1.79976 0.933438 1.8251 0.359534
2.0094 -1.79973 0.933427 1.82503 0.359564
2.00945 -1.79973 0.933427 1.82498 0.359546
2.0095 -1.79973 0.933427 1.82494 0.359528
2.00955 -1.79973 0.933427 1.82489 0.35951
2.0096 -1.79973 0.933427 1.82485 0.359493
2.00965 -1.79942 0.93332 1.82453 0.359966
2.0097 -1.79942 0.93332 1.82449 0.359948
2.00975 -1.79942 0.93332 1.82444 0.35993
2.0098 -1.7992 0.933245 1.82421 0.36026
2.00985 -1.7992 0.933245 1.82417 0.360242
2.0099 -1.7992 0.933245 1.82412 0.360224
2.00995 -1.7992 0.933245 1.82408 0.360206
2.01 -1.7992 0.933245 1.82403 0.360188
2.01005 -1.79914 0.93322 1.82344 0.360265
2.0101 -1.79917 0.93323 1.82118 0.3602
2.01015 -1.79917 0.93323 1.82113 0.360182
2.0102 -1.79917 0.93323 1.82108 0.360164
2.01025 -1.79917 0.93323 1.82104 0.360146
2.0103 -1.79923 0.93325 1.82365 0.360034
2.01035 -1.79923 0.93325 1.82361 0.360016
2.0104 -1.79921 0.93324 1.82157 0.360029
2.01045 -1.79921 0.93324 1.82152 0.360011
2.0105 -1.79921 0.93324 1.82148 0.359994
2.01055 -1.79921 0.93324 1.82143 0.359976
2.0106 -1.79921 0.93324 1.82139 0.359958
2.01065 -1.79921 0.93324 1.82134 0.35994
2.0107 -1.79921 0.93324 1.8213 0.359922
2.01075 -1.79921 0.93324 1.82125 0.359904
2.0108 -1.79921 0.93324 1.82121 0.359886
2.01085 -1.79905 0.933187 1.82102 0.360121
2.0109 -1.79905 0.933187 1.82098 0.360103
2.01095 -1.79905 0.933187 1.82093 0.360085
2.011 -1.79905 0.933187 1.82089 0.360067
2.01105 -1.79906 0.933187 1.82072 0.359994
2.0111 -1.79906 0.933187 1.82068 0.359976
2.01115 -1.79906 0.933187 1.82063 0.359958
2.0112 -1.79906 0.933187 1.82059 0.35994
2.01125 -1.79906 0.933187 1.82054 0.359923
2.0113 -1.79906 0.933187 1.8205 0.359905
2.01135 -1.79886 0.933122 1.82026 0.360242
2.0114 -1.79884 0.933113 1.82235 0.360256
2.01145 -1.79884 0.933113 1.8223 0.360238
2.0115 -1.79884 0.933113 1.82226 0.36022
2.01155 -1.79884 0.933113 1.82221 0.360202
2.0116 -1.79884 0.933113 1.82217 0.360184
2.01165 -1.79884 0.933113 1.82212 0.360166
2.0117 -1.79884 0.933113 1.82207 0.360149
2.01175 -1.79877 0.933087 1.81946 0.360241
2.0118 -1.79877 0.933087 1.81942 0.360223
2.01185 -1.79877 0.933087 1.81937 0.360205
2.0119 -1.79877 0.933087 1.81933 0.360188
2.01195 -1.79877 0.933087 1.81928 0.36017
2.012 -1.79875 0.93308 1.82184 0.360183
2.01205 -1.79875 0.93308 1.82179 0.360165
2.0121 -1.79853 0.932998 1.82111 0.360495
2.01215 -1.79853 0.932998 1.82107 0.360477
2.0122 -1.79853 0.932998 1.82102 0.360459
2.01225 -1.79853 0.932998 1.82098 0.360441
2.0123 -1.79853 0.932998 1.82093 0.360423
2.01235 -1.79853 0.932998 1.82089 0.360405
2.0124 -1.79853 0.932998 1.82084 0.360387
2.01245 -1.79853 0.932998 1.8208 0.360369
2.0125 -1.79853 0.932998 1.82075 0.360351
2.01255 -1.79853 0.932998 1.82071 0.360333
2.0126 -1.79853 0.932998 1.82066 0.360316
2.01265 -1.79853 0.932998 1.82062 0.360298
2.0127 -1.79853 0.932998 1.82057 0.36028
2.01275 -1.79864 0.93304 1.82102 0.360088
2.0128 -1.79821 0.932887 1.82061 0.360748
2.01285 -1.79821 0.932887 1.82057 0.360731
2.0129 -1.79821 0.932887 1.82052 0.360713
2.01295 -1.79808 0.932843 1.81838 0.3609
2.013 -1.79799 0.932813 1.81825 0.361023
2.01305 -1.79801 0.93282 1.81823 0.360974
2.0131 -1.79801 0.93282 1.81818 0.360956
2.01315 -1.79801 0.93282 1.81814 0.360938
2.0132 -1.79798 0.932815 1.81806 0.360967
2.01325 -1.79798 0.932815 1.81801 0.360949
2.0133 -1.79798 0.932815 1.81797 0.360932
2.01335 -1.79798 0.932815 1.81792 0.360914
2.0134 -1.79798 0.932815 1.81788 0.360896
2.01345 -1.79798 0.932815 1.81783 0.360878
2.0135 -1.79798 0.932815 1.81779 0.36086
2.01355 -1.79798 0.932815 1.81774 0.360842
2.0136 -1.79802 0.932828 1.81773 0.360761
2.01365 -1.79794 0.932802 1.81761 0.360869
2.0137 -1.79794 0.932802 1.81757 0.360851
2.01375 -1.79794 0.932802 1.81752 0.360833
2.0138 -1.79794 0.932802 1.81748 0.360815
2.01385 -1.79774 0.93273 1.81755 0.361112
2.0139 -1.79774 0.93273 1.8175 0.361094
2.01395 -1.79774 0.93273 1.81746 0.361076
2.014 -1.7977 0.932717 1.81738 0.361121
2.01405 -1.7977 0.932717 1.81733 0.361103
2.0141 -1.79782 0.932758 1.81744 0.360897
2.01415 -1.79761 0.932685 1.8178 0.361209
2.0142 -1.79779 0.93275 1.81772 0.360908
2.01425 -1.79779 0.93275 1.81768 0.36089
2.0143 -1.79779 0.93275 1.81763 0.360872
2.01435 -1.79779 0.93275 1.81759 0.360854
2.0144 -1.7977 0.932713 1.81747 0.360978
2.01445 -1.79771 0.932717 1.81855 0.360944
2.0145 -1.79754 0.932655 1.81835 0.361194
2.01455 -1.79758 0.93267 1.81848 0.361113
2.0146 -1.79744 0.932623 1.81831 0.361315
2.01465 -1.79732 0.932585 1.81802 0.361525
2.0147 -1.79732 0.932585 1.81798 0.361507
2.01475 -1.7975 0.932647 1.81811 0.361206
2.0148 -1.7975 0.932647 1.81806 0.361188
2.01485 -1.7975 0.932647 1.81802 0.36117
2.0149 -1.79751 0.932647 1.81798 0.361137
2.01495 -1.79751 0.932647 1.81793 0.361119
2.015 -1.79751 0.932647 1.81789 0.361101
2.01505 -1.79751 0.932647 1.81784 0.361083
2.0151 -1.79751 0.932647 1.8178 0.361065
2.01515 -1.79751 0.932647 1.81775 0.361047
2.0152 -1.79751 0.932647 1.81771 0.361029
2.01525 -1.79751 0.932647 1.81766 0.361011
2.0153 -1.79751 0.932647 1.81762 0.360993
2.01535 -1.79751 0.932647 1.81757 0.360976
2.0154 -1.79751 0.932647 1.81753 0.360958
2.01545 -1.79751 0.932647 1.81748 0.36094
2.0155 -1.79751 0.932647 1.81744 0.360922
2.01555 -1.79759 0.932673 1.81749 0.360778
2.0156 -1.79741 0.932615 1.81606 0.361043
2.01565 -1.7973 0.932575 1.81593 0.361198
2.0157 -1.79718 0.932538 1.81676 0.361368
2.01575 -1.79718 0.932538 1.81671 0.36135
2.0158 -1.79718 0.932538 1.81667 0.361332
2.01585 -1.79718 0.932538 1.81662 0.361315
2.0159 -1.79721 0.932547 1.8166 0.36125
2.01595 -1.79721 0.932547 1.81656 0.361232
2.016 -1.79721 0.932547 1.81651 0.361214
2.01605 -1.79721 0.932547 1.81647 0.361196
2.0161 -1.7971 0.932508 1.81633 0.36135
2.01615 -1.7971 0.932508 1.81629 0.361333
2.0162 -1.7971 0.932508 1.81624 0.361315
2.01625 -1.79697 0.932462 1.81609 0.361501
2.0163 -1.79697 0.932468 1.81546 0.361483
2.01635 -1.79695 0.932458 1.81536 0.361496
2.0164 -1.79695 0.932458 1.81531 0.361478
2.01645 -1.79695 0.932458 1.81527 0.36146
2.0165 -1.79714 0.932517 1.81641 0.361144
2.01655 -1.79714 0.932517 1.81637 0.361126
2.0166 -1.79707 0.932495 1.81627 0.361218
2.01665 -1.79705 0.932485 1.81621 0.361232
2.0167 -1.79705 0.932485 1.81616 0.361214
2.01675 -1.79705 0.932485 1.81612 0.361196
2.0168 -1.79705 0.932485 1.81607 0.361178
2.01685 -1.79705 0.932485 1.81603 0.36116
2.0169 -1.79705 0.932485 1.81598 0.361142
2.01695 -1.79705 0.932485 1.81594 0.361124
2.017 -1.79685 0.932415 1.81559 0.36142
2.01705 -1.79685 0.932415 1.81554 0.361402
2.0171 -1.79685 0.932415 1.8155 0.361384
2.01715 -1.79685 0.932415 1.81545 0.361366
2.0172 -1.79685 0.932415 1.81541 0.361348
2.01725 -1.79685 0.932415 1.81536 0.36133
2.0173 -1.79685 0.932415 1.81532 0.361312
2.01735 -1.79685 0.932415 1.81527 0.361294
2.0174 -1.79708 0.932495 1.81542 0.360916
2.01745 -1.79708 0.932495 1.81538 0.360898
2.0175 -1.79708 0.932495 1.81533 0.36088
2.01755 -1.79708 0.932495 1.81529 0.360863
2.0176 -1.79692 0.93244 1.81506 0.361095
2.01765 -1.79692 0.93244 1.81502 0.361077
2.0177 -1.79692 0.93244 1.81497 0.361059
2.01775 -1.79692 0.93244 1.81493 0.361042
2.0178 -1.79692 0.93244 1.81488 0.361024
2.01785 -1.79692 0.93244 1.81484 0.361006
2.0179 -1.79692 0.93244 1.81479 0.360988
2.01795 -1.79692 0.93244 1.81475 0.36097
2.018 -1.79692 0.93244 1.8147 0.360952
2.01805 -1.79692 0.93244 1.81466 0.360934
2.0181 -1.79692 0.93244 1.81461 0.360916
2.01815 -1.79685 0.932418 1.81308 0.361008
2.0182 -1.79685 0.932418 1.81304 0.36099
2.01825 -1.79685 0.932418 1.81299 0.360972
2.0183 -1.79685 0.932418 1.81295 0.360954
2.01835 -1.79685 0.932418 1.8129 0.360937
2.0184 -1.79685 0.932418 1.81286 0.360919
2.01845 -1.79685 0.932418 1.81271 0.360901
2.0185 -1.79685 0.932418 1.81266 0.360883
2.01855 -1.79685 0.932418 1.81262 0.360865
2.0186 -1.79677 0.932392 1.81386 0.360972
2.01865 -1.79677 0.932392 1.81381 0.360954
2.0187 -1.79677 0.932392 1.81377 0.360937
2.01875 -1.79677 0.932392 1.81372 0.360919
2.0188 -1.79677 0.932392 1.81368 0.360901
2.01885 -1.79677 0.932392 1.81363 0.360883
2.0189 -1.79678 0.932395 1.8136 0.360849
2.01895 -1.79678 0.932395 1.81355 0.360831
2.019 -1.79678 0.932395 1.81351 0.360814
2.01905 -1.79678 0.932395 1.81346 0.360796
2.0191 -1.7967 0.93237 1.81323 0.360903
2.01915 -1.7967 0.93237 1.81319 0.360885
2.0192 -1.7966 0.932335 1.81332 0.361024
2.01925 -1.79661 0.932338 1.81328 0.36099
2.0193 -1.79661 0.932338 1.81324 0.360972
2.01935 -1.79639 0.93226 1.81221 0.361298
2.0194 -1.79639 0.93226 1.81217 0.36128
2.01945 -1.79639 0.93226 1.81212 0.361262
2.0195 -1.79639 0.93226 1.81208 0.361244
2.01955 -1.79639 0.93226 1.81203 0.361226
2.0196 -1.79621 0.932198 1.81185 0.36149
2.01965 -1.79621 0.932198 1.8118 0.361472
2.0197 -1.79619 0.93219 1.8123 0.361485
2.01975 -1.79607 0.93215 1.81227 0.361655
2.0198 -1.79607 0.93215 1.81222 0.361637
2.01985 -1.79607 0.93215 1.81218 0.361619
2.0199 -1.79607 0.93215 1.81213 0.361601
2.01995 -1.79616 0.93218 1.81216 0.361403
2.02 -1.79616 0.93218 1.81212 0.361385
2.02005 -1.79616 0.93218 1.81207 0.361368
2.0201 -1.79619 0.932187 1.81233 0.361303
2.02015 -1.79598 0.932113 1.81211 0.361613
2.0202 -1.79598 0.932113 1.81206 0.361595
2.02025 -1.79598 0.932113 1.81202 0.361577
2.0203 -1.79598 0.932113 1.81197 0.361559
2.02035 -1.79598 0.932113 1.81193 0.361541
2.0204 -1.79596 0.932105 1.81187 0.361554
2.02045 -1.79596 0.932105 1.81182 0.361536
2.0205 -1.79577 0.932037 1.81162 0.361815
2.02055 -1.79569 0.932013 1.81152 0.361922
2.0206 -1.79569 0.932013 1.81147 0.361904
2.02065 -1.79554 0.931963 1.80867 0.36212
2.0207 -1.79554 0.931963 1.80862 0.362102
2.02075 -1.79556 0.931978 1.81006 0.362053
2.0208 -1.79556 0.931978 1.81001 0.362035
2.02085 -1.79556 0.931978 1.80997 0.362017
2.0209 -1.79555 0.931975 1.80991 0.362015
2.02095 -1.79555 0.931975 1.80987 0.361997
2.021 -1.79555 0.931975 1.80982 0.361979
2.02105 -1.79555 0.931975 1.80978 0.361961
2.0211 -1.79554 0.931972 1.80973 0.361958
2.02115 -1.79554 0.931972 1.80968 0.361941
2.0212 -1.79554 0.931972 1.80964 0.361923
2.02125 -1.79554 0.931972 1.80959 0.361905
2.0213 -1.79554 0.931972 1.80955 0.361887
2.02135 -1.79518 0.93186 1.80912 0.362469
2.0214 -1.79518 0.93186 1.80908 0.362451
2.02145 -1.79518 0.93186 1.80903 0.362433
2.0215 -1.79518 0.93186 1.80899 0.362415
2.02155 -1.79518 0.93186 1.81017 0.362397
2.0216 -1.79518 0.93186 1.81013 0.362379
2.02165 -1.79496 0.931782 1.8099 0.362704
2.0217 -1.79482 0.931732 1.80896 0.362903
2.02175 -1.79482 0.931732 1.80892 0.362885
2.0218 -1.79482 0.931732 1.80887 0.362868
2.02185 -1.79482 0.931732 1.80883 0.36285
2.0219 -1.79482 0.931732 1.80879 0.362832
2.02195 -1.79427 0.93154 1.80828 0.363669
2.022 -1.79416 0.9315 1.80608 0.363822
2.02205 -1.79416 0.9315 1.80604 0.363804
2.0221 -1.7941 0.931477 1.80597 0.363879
2.02215 -1.79413 0.931485 1.80594 0.363814
2.0222 -1.79413 0.931485 1.8059 0.363796
2.02225 -1.79413 0.931485 1.80585 0.363778
2.0223 -1.79399 0.931438 1.80659 0.363978
2.02235 -1.79399 0.931438 1.80654 0.36396
2.0224 -1.79404 0.931455 1.8075 0.363864
2.02245 -1.79403 0.93145 1.80745 0.363862
2.0225 -1.79402 0.931445 1.80739 0.363859
2.02255 -1.79359 0.931303 1.80717 0.364509
2.0226 -1.79359 0.931303 1.80713 0.364491
2.02265 -1.79358 0.931298 1.80676 0.364488
2.0227 -1.79357 0.931295 1.80671 0.364486
2.02275 -1.79357 0.931295 1.80667 0.364468
2.0228 -1.79357 0.931295 1.80662 0.36445
2.02285 -1.79357 0.931295 1.80658 0.364432
2.0229 -1.79357 0.931295 1.80653 0.364414
2.02295 -1.79357 0.931295 1.80649 0.364396
2.023 -1.79357 0.931295 1.80644 0.364378
2.02305 -1.79357 0.931295 1.8064 0.36436
2.0231 -1.79357 0.931295 1.80636 0.364342
2.02315 -1.79361 0.93131 1.8063 0.364262
2.0232 -1.79337 0.931227 1.80687 0.364655
2.02325 -1.79337 0.931227 1.80683 0.364637
2.0233 -1.79337 0.931227 1.80678 0.364619
2.02335 -1.79342 0.931245 1.80671 0.364523
2.0234 -1.79342 0.931245 1.80667 0.364505
2.02345 -1.79315 0.931153 1.8064 0.364906
2.0235 -1.79317 0.93116 1.80638 0.364857
2.02355 -1.79317 0.93116 1.80633 0.364839
2.0236 -1.79317 0.93116 1.80629 0.364821
2.02365 -1.79317 0.93116 1.80624 0.364803
2.0237 -1.79317 0.93116 1.8062 0.364785
2.02375 -1.79317 0.93116 1.80615 0.364767
2.0238 -1.79317 0.93116 1.80611 0.364749
2.02385 -1.79313 0.931145 1.80617 0.364793
2.0239 -1.79324 0.931185 1.8062 0.364604
2.02395 -1.79332 0.931215 1.80653 0.364462
2.024 -1.79311 0.931142 1.80623 0.36477
2.02405 -1.79311 0.931142 1.80618 0.364752
2.0241 -1.79299 0.931098 1.80603 0.364919
2.02415 -1.79299 0.931098 1.80599 0.364901
2.0242 -1.79286 0.93105 1.80584 0.365085
2.02425 -1.79286 0.93105 1.80579 0.365066
2.0243 -1.79254 0.93094 1.80549 0.365544
2.02435 -1.79254 0.930945 1.80541 0.365526
2.0244 -1.79254 0.930945 1.80536 0.365508
2.02445 -1.79254 0.930945 1.80532 0.36549
2.0245 -1.79242 0.930902 1.80517 0.365657
2.02455 -1.79242 0.930902 1.80513 0.365639
2.0246 -1.79242 0.930902 1.80508 0.365621
2.02465 -1.79231 0.930865 1.80486 0.365773
2.0247 -1.79231 0.930865 1.80481 0.365755
2.02475 -1.79231 0.930865 1.80477 0.365737
2.0248 -1.79231 0.930865 1.80473 0.365719
2.02485 -1.79231 0.930865 1.80468 0.365701
2.0249 -1.79231 0.930865 1.80464 0.365683
2.02495 -1.79231 0.930865 1.80459 0.365665
2.025 -1.79231 0.930865 1.80455 0.365647
2.02505 -1.79231 0.930865 1.8045 0.365629
2.0251 -1.79228 0.930852 1.8043 0.365657
2.02515 -1.79228 0.930852 1.80426 0.365639
2.0252 -1.79217 0.930813 1.80412 0.365791
2.02525 -1.7918 0.930685 1.80411 0.366344
2.0253 -1.7918 0.930685 1.80407 0.366326
2.02535 -1.7918 0.930685 1.80402 0.366308
2.0254 -1.7918 0.930685 1.80398 0.36629
2.02545 -1.7918 0.930685 1.80393 0.366272
2.0255 -1.7918 0.930685 1.80389 0.366254
2.02555 -1.7918 0.930685 1.80384 0.366236
2.0256 -1.79181 0.93069 1.80381 0.366202
2.02565 -1.79181 0.93069 1.80376 0.366184
2.0257 -1.79181 0.93069 1.80372 0.366166
2.02575 -1.79181 0.93069 1.80368 0.366148
2.0258 -1.79175 0.93067 1.80331 0.366222
2.02585 -1.79159 0.930617 1.80343 0.366451
2.0259 -1.79159 0.930617 1.80338 0.366433
2.02595 -1.79158 0.930615 1.80333 0.366431
2.026 -1.79149 0.930585 1.80321 0.366551
2.02605 -1.79149 0.930585 1.80317 0.366533
2.0261 -1.79149 0.930585 1.80312 0.366515
2.02615 -1.79149 0.930585 1.80308 0.366497
2.0262 -1.79149 0.930585 1.80303 0.366479
2.02625 -1.79149 0.930585 1.80299 0.366461
2.0263 -1.79149 0.930585 1.80294 0.366443
2.02635 -1.79149 0.930585 1.8029 0.366425
2.0264 -1.79166 0.93065 1.80159 0.366144
2.02645 -1.79166 0.93065 1.80155 0.366126
2.0265 -1.79166 0.93065 1.8015 0.366108
2.02655 -1.79166 0.93065 1.80146 0.36609
2.0266 -1.79165 0.930647 1.80141 0.366088
2.02665 -1.79165 0.93064 1.80226 0.36607
2.0267 -1.79165 0.93064 1.80221 0.366051
2.02675 -1.79165 0.93064 1.80217 0.366033
2.0268 -1.79165 0.93064 1.80212 0.366015
2.02685 -1.79165 0.93064 1.80208 0.365997
2.0269 -1.79165 0.93064 1.80203 0.365979
2.02695 -1.79137 0.93054 1.80226 0.366393
2.027 -1.79137 0.93054 1.80222 0.366375
2.02705 -1.79163 0.93063 1.80239 0.365917
2.0271 -1.79163 0.93063 1.80234 0.365899
2.02715 -1.79163 0.93063 1.8023 0.365881
2.0272 -1.79163 0.93063 1.80225 0.365863
2.02725 -1.79163 0.93063 1.80221 0.365845
2.0273 -1.79163 0.93063 1.80216 0.365827
2.02735 -1.79163 0.93063 1.80212 0.365809
2.0274 -1.79163 0.93063 1.80207 0.365791
2.02745 -1.79168 0.93065 1.80207 0.365696
2.0275 -1.79168 0.93065 1.80203 0.365678
2.02755 -1.79151 0.930593 1.80178 0.365921
2.0276 -1.79151 0.930593 1.80173 0.365903
2.02765 -1.79151 0.930593 1.80169 0.365885
2.0277 -1.79151 0.930593 1.80165 0.365867
2.02775 -1.79151 0.930593 1.8016 0.365849
2.0278 -1.79151 0.930593 1.80156 0.365831
2.02785 -1.79151 0.930593 1.80151 0.365813
2.0279 -1.79151 0.930593 1.80147 0.365795
2.02795 -1.79151 0.930593 1.80142 0.365777
2.028 -1.79151 0.930593 1.80138 0.365759
2.02805 -1.79151 0.930593 1.80133 0.365741
2.0281 -1.79151 0.930593 1.80129 0.365723
2.02815 -1.79128 0.930517 1.80106 0.366059
2.0282 -1.79128 0.930517 1.80101 0.366041
2.02825 -1.79129 0.930527 1.80001 0.366046
2.0283 -1.79129 0.930527 1.79997 0.366028
2.02835 -1.79106 0.930447 1.79973 0.366364
2.0284 -1.79113 0.93047 1.79973 0.366238
2.02845 -1.79113 0.93047 1.79969 0.36622
2.0285 -1.79113 0.93047 1.79965 0.366202
2.02855 -1.79113 0.93047 1.7996 0.366184
2.0286 -1.79113 0.93047 1.79956 0.366166
2.02865 -1.79113 0.93047 1.79951 0.366148
2.0287 -1.79113 0.93047 1.79947 0.36613
2.02875 -1.79113 0.93047 1.79942 0.366112
2.0288 -1.79113 0.93047 1.79938 0.366094
2.02885 -1.79122 0.930503 1.79938 0.365937
2.0289 -1.79115 0.93048 1.80035 0.366027
2.02895 -1.79119 0.9305 1.80019 0.365986
2.029 -1.79117 0.930492 1.80013 0.365999
2.02905 -1.79123 0.930512 1.80014 0.365889
2.0291 -1.79123 0.930512 1.80009 0.365871
2.02915 -1.79123 0.930512 1.80005 0.365853
2.0292 -1.79123 0.930512 1.80001 0.365835
2.02925 -1.79123 0.930512 1.79996 0.365817
2.0293 -1.79109 0.930465 1.79981 0.366014
2.02935 -1.79109 0.930465 1.79977 0.365996
2.0294 -1.79109 0.930465 1.79972 0.365978
2.02945 -1.79109 0.930465 1.79968 0.36596
2.0295 -1.79109 0.930465 1.79963 0.365942
2.02955 -1.79093 0.930415 1.79861 0.366169
2.0296 -1.79093 0.930415 1.79857 0.366151
2.02965 -1.79093 0.930415 1.79852 0.366133
2.0297 -1.79093 0.930415 1.79848 0.366115
2.02975 -1.79093 0.930415 1.79844 0.366097
2.0298 -1.79093 0.930415 1.79839 0.366079
2.02985 -1.79093 0.930415 1.79835 0.366061
2.0299 -1.79075 0.930345 1.79911 0.36632
2.02995 -1.79075 0.930345 1.79906 0.366302
2.03 -1.79075 0.930342 1.79901 0.366284
2.03005 -1.79075 0.930342 1.79897 0.366265
2.0301 -1.79079 0.93036 1.79897 0.366186
2.03015 -1.79079 0.93036 1.79893 0.366168
2.0302 -1.79069 0.930333 1.79881 0.366303
2.03025 -1.79069 0.930333 1.79876 0.366285
2.0303 -1.79069 0.930333 1.79872 0.366267
2.03035 -1.79069 0.930333 1.79867 0.366249
2.0304 -1.79077 0.930362 1.7987 0.366147
2.03045 -1.79077 0.930362 1.79866 0.366129
2.0305 -1.79077 0.930362 1.79861 0.366111
2.03055 -1.79077 0.930362 1.79857 0.366093
2.0306 -1.79075 0.930357 1.79634 0.366106
2.03065 -1.79075 0.930357 1.7963 0.366088
2.0307 -1.79075 0.930357 1.79625 0.36607
2.03075 -1.79075 0.930357 1.79621 0.366052
2.0308 -1.79075 0.930357 1.79617 0.366034
2.03085 -1.79076 0.93036 1.79613 0.366
2.0309 -1.79076 0.93036 1.79609 0.365982
2.03095 -1.79076 0.93036 1.79604 0.365964
2.031 -1.79076 0.93036 1.796 0.365946
2.03105 -1.79076 0.93036 1.79596 0.365928
2.0311 -1.79076 0.93036 1.79591 0.36591
2.03115 -1.79076 0.93036 1.79587 0.365892
2.0312 -1.79076 0.93036 1.79582 0.365874
2.03125 -1.79076 0.93036 1.79578 0.365856
2.0313 -1.79076 0.93036 1.79574 0.365838
2.03135 -1.79076 0.93036 1.79569 0.36582
2.0314 -1.79044 0.93025 1.79529 0.366293
2.03145 -1.79044 0.93025 1.79525 0.366275
2.0315 -1.79034 0.930222 1.79727 0.366449
2.03155 -1.79034 0.930222 1.79723 0.366431
2.0316 -1.79029 0.930205 1.79714 0.366489
2.03165 -1.79029 0.930205 1.7971 0.366471
2.0317 -1.79029 0.930205 1.79705 0.366453
2.03175 -1.79029 0.930205 1.79701 0.366435
2.0318 -1.79029 0.930205 1.79696 0.366417
2.03185 -1.79029 0.930205 1.79692 0.366399
2.0319 -1.79029 0.930205 1.79688 0.366381
2.03195 -1.79029 0.930205 1.79683 0.366363
2.032 -1.79029 0.930205 1.79679 0.366345
2.03205 -1.78968 0.929995 1.79571 0.36726
2.0321 -1.78968 0.929995 1.79566 0.367242
2.03215 -1.78968 0.929995 1.79562 0.367224
2.0322 -1.78968 0.929995 1.79558 0.367206
2.03225 -1.78968 0.929995 1.79553 0.367188
2.0323 -1.78968 0.929995 1.79549 0.36717
2.03235 -1.78968 0.929995 1.79544 0.367152
2.0324 -1.78968 0.929995 1.7954 0.367134
2.03245 -1.78954 0.929948 1.79546 0.36733
2.0325 -1.78954 0.929948 1.79542 0.367312
2.03255 -1.78954 0.929948 1.79537 0.367294
2.0326 -1.78937 0.92989 1.79522 0.367536
2.03265 -1.78929 0.929865 1.79512 0.36764
2.0327 -1.78924 0.929852 1.79532 0.367698
2.03275 -1.78924 0.929852 1.79528 0.36768
2.0328 -1.78924 0.929852 1.79523 0.367662
2.03285 -1.78924 0.929852 1.79519 0.367644
2.0329 -1.78924 0.929852 1.79515 0.367626
2.03295 -1.78924 0.929852 1.7951 0.367608
2.033 -1.78923 0.92985 1.79505 0.367605
2.03305 -1.78896 0.92976 1.79479 0.367999
2.0331 -1.78895 0.929758 1.79474 0.367996
2.03315 -1.78895 0.929758 1.79469 0.367978
2.0332 -1.78902 0.929782 1.7947 0.367853
2.03325 -1.78902 0.929782 1.79466 0.367835
2.0333 -1.78902 0.929782 1.79462 0.367817
2.03335 -1.78902 0.929782 1.79457 0.367799
2.0334 -1.78902 0.929782 1.79453 0.367781
2.03345 -1.78902 0.929782 1.79448 0.367763
2.0335 -1.78902 0.929782 1.79444 0.367745
2.03355 -1.78902 0.929782 1.7944 0.367727
2.0336 -1.78902 0.929782 1.79435 0.367709
2.03365 -1.78902 0.929782 1.79431 0.367691
2.0337 -1.78904 0.92979 1.79386 0.367642
2.03375 -1.78904 0.92979 1.79381 0.367624
2.0338 -1.78917 0.92984 1.79389 0.367446
2.03385 -1.78917 0.92984 1.79385 0.367428
2.0339 -1.78917 0.92984 1.7938 0.36741
2.03395 -1.78917 0.92984 1.79376 0.367392
2.034 -1.78918 0.929843 1.79372 0.367359
2.03405 -1.78895 0.92976 1.79397 0.367691
2.0341 -1.78906 0.929795 1.79354 0.367506
2.03415 -1.78906 0.929795 1.7935 0.367487
2.0342 -1.78902 0.92978 1.79342 0.36753
2.03425 -1.78882 0.929713 1.79321 0.367856
2.0343 -1.78882 0.929713 1.79317 0.367838
2.03435 -1.78882 0.929713 1.79312 0.36782
2.0344 -1.78878 0.929697 1.79344 0.367901
2.03445 -1.78878 0.929697 1.7934 0.367883
2.0345 -1.78878 0.929697 1.79335 0.367865
2.03455 -1.78878 0.929697 1.79331 0.367847
2.0346 -1.78878 0.929697 1.79326 0.367829
2.03465 -1.78878 0.929697 1.79322 0.367811
2.0347 -1.78878 0.929697 1.79318 0.367793
2.03475 -1.78878 0.929697 1.79313 0.367775
2.0348 -1.78874 0.929685 1.79306 0.367818
2.03485 -1.78875 0.92969 1.79302 0.367784
2.0349 -1.78875 0.92969 1.79298 0.367766
2.03495 -1.78869 0.929673 1.7923 0.36784
2.035 -1.7887 0.929667 1.79225 0.367768
2.03505 -1.7887 0.929667 1.79221 0.36775
2.0351 -1.7887 0.929667 1.79217 0.367732
2.03515 -1.7887 0.929667 1.79212 0.367714
2.0352 -1.7887 0.929667 1.79208 0.367696
2.03525 -1.78866 0.929652 1.79201 0.3677
2.0353 -1.78877 0.929693 1.79179 0.367514
2.03535 -1.78877 0.929693 1.79174 0.367496
2.0354 -1.78877 0.929693 1.7917 0.367478
2.03545 -1.78877 0.929693 1.79165 0.36746
2.0355 -1.78878 0.929697 1.79162 0.367427
2.03555 -1.78859 0.929635 1.79146 0.367698
2.0356 -1.78859 0.929635 1.79142 0.36768
2.03565 -1.78866 0.92966 1.78515 0.367555
2.0357 -1.78866 0.92966 1.78511 0.367537
2.03575 -1.78866 0.92966 1.78507 0.367519
2.0358 -1.78862 0.929647 1.78814 0.367562
2.03585 -1.78862 0.929647 1.7881 0.367544
2.0359 -1.78862 0.929647 1.78806 0.367526
2.03595 -1.78862 0.929647 1.78801 0.367508
2.036 -1.78862 0.929647 1.78797 0.36749
2.03605 -1.78862 0.929647 1.78793 0.367472
2.0361 -1.78866 0.929665 1.79051 0.367393
2.03615 -1.78858 0.929638 1.79174 0.367535
2.0362 -1.78858 0.929638 1.79169 0.367517
2.03625 -1.78858 0.929638 1.79165 0.367499
2.0363 -1.78858 0.929638 1.7916 0.367481
2.03635 -1.78858 0.929638 1.79156 0.367463
2.0364 -1.78858 0.929638 1.79152 0.367445
2.03645 -1.78858 0.929638 1.79147 0.367427
2.0365 -1.78857 0.929635 1.79157 0.367424
2.03655 -1.78857 0.929635 1.79152 0.367406
2.0366 -1.78857 0.929635 1.79148 0.367388
2.03665 -1.78849 0.92961 1.79132 0.367492
2.0367 -1.78854 0.929628 1.79132 0.367397
2.03675 -1.78854 0.929628 1.79127 0.367379
2.0368 -1.78854 0.929628 1.79123 0.367361
2.03685 -1.78854 0.929628 1.79118 0.367343
2.0369 -1.78854 0.929628 1.79114 0.367325
2.03695 -1.7884 0.929577 1.79082 0.36752
2.037 -1.78835 0.92956 1.79091 0.367578
2.03705 -1.78835 0.92956 1.79084 0.36756
2.0371 -1.78836 0.929565 1.7908 0.367527
2.03715 -1.78836 0.929565 1.79076 0.367509
2.0372 -1.78836 0.929565 1.79072 0.367491
2.03725 -1.78836 0.929565 1.79067 0.367473
2.0373 -1.78836 0.929565 1.79063 0.367455
2.03735 -1.78836 0.929565 1.79058 0.367437
2.0374 -1.78826 0.92953 1.79018 0.36757
2.03745 -1.78826 0.92953 1.79014 0.367552
2.0375 -1.78826 0.92953 1.7901 0.367534
2.03755 -1.78812 0.929485 1.79021 0.367729
2.0376 -1.78812 0.929485 1.79017 0.367711
2.03765 -1.78812 0.929485 1.79012 0.367693
2.0377 -1.78812 0.929485 1.79008 0.367675
2.03775 -1.78812 0.929485 1.79004 0.367657
2.0378 -1.78812 0.929485 1.78999 0.367639
2.03785 -1.78812 0.929485 1.78995 0.367621
2.0379 -1.78788 0.929403 1.78793 0.367967
2.03795 -1.78781 0.929377 1.78782 0.368055
2.038 -1.78781 0.929377 1.78777 0.368037
2.03805 -1.78781 0.929377 1.78773 0.368019
2.0381 -1.78781 0.929377 1.78769 0.368001
2.03815 -1.78761 0.92931 1.78903 0.368286
2.0382 -1.78748 0.929265 1.78888 0.368465
2.03825 -1.78748 0.929265 1.78884 0.368447
2.0383 -1.78748 0.929265 1.78879 0.368429
2.03835 -1.78748 0.929265 1.78875 0.368411
2.0384 -1.78745 0.929257 1.78898 0.368439
2.03845 -1.78745 0.929257 1.78894 0.368421
2.0385 -1.78745 0.929257 1.7889 0.368402
2.03855 -1.78752 0.929283 1.78891 0.368278
2.0386 -1.78752 0.929283 1.78887 0.36826
2.03865 -1.78752 0.929283 1.78882 0.368242
2.0387 -1.78752 0.929283 1.78878 0.368224
2.03875 -1.78741 0.929248 1.78864 0.368373
2.0388 -1.78741 0.929248 1.7886 0.368355
2.03885 -1.78741 0.929248 1.78855 0.368337
2.0389 -1.78743 0.929255 1.78853 0.368288
2.03895 -1.78721 0.92917 1.78826 0.368604
2.039 -1.78721 0.92917 1.78822 0.368585
2.03905 -1.78719 0.929165 1.78797 0.368598
2.0391 -1.78719 0.929165 1.78792 0.36858
2.03915 -1.78719 0.92916 1.78256 0.368561
2.0392 -1.78728 0.92919 1.7857 0.368407
2.03925 -1.78728 0.92919 1.78565 0.368389
2.0393 -1.78724 0.929177 1.78559 0.368432
2.03935 -1.78723 0.929175 1.78554 0.368429
2.0394 -1.78723 0.929175 1.7855 0.368411
2.03945 -1.78723 0.929175 1.78546 0.368393
2.0395 -1.78723 0.929175 1.78541 0.368374
2.03955 -1.78723 0.929175 1.78537 0.368356
2.0396 -1.78723 0.929175 1.78533 0.368338
2.03965 -1.78723 0.929175 1.78528 0.36832
2.0397 -1.78712 0.929135 1.78526 0.368469
2.03975 -1.78712 0.929135 1.78521 0.368451
2.0398 -1.78712 0.929135 1.78517 0.368433
2.03985 -1.78713 0.92914 1.78514 0.368399
2.0399 -1.78717 0.929157 1.78513 0.368321
2.03995 -1.78717 0.929157 1.78509 0.368303
2.04 -1.78713 0.929148 1.78501 0.368345
2.04005 -1.7867 0.929 1.78535 0.368978
2.0401 -1.7867 0.929 1.78531 0.36896
2.04015 -1.78693 0.929083 1.78325 0.368594
2.0402 -1.7868 0.929033 1.7831 0.368772
2.04025 -1.7868 0.929033 1.78306 0.368754
2.0403 -1.7868 0.929033 1.78302 0.368736
2.04035 -1.7868 0.929033 1.78298 0.368718
2.0404 -1.7868 0.929033 1.78293 0.3687
2.04045 -1.78656 0.92895 1.78272 0.369083
2.0405 -1.78656 0.92895 1.78268 0.369065
2.04055 -1.78636 0.928883 1.78348 0.369349
2.0406 -1.78646 0.92892 1.78528 0.369141
2.04065 -1.78646 0.92892 1.78523 0.369123
2.0407 -1.78616 0.928817 1.78038 0.369558
2.04075 -1.78616 0.928817 1.78034 0.36954
2.0408 -1.78616 0.928817 1.78029 0.369522
2.04085 -1.78625 0.928845 1.78209 0.369368
2.0409 -1.78625 0.928845 1.78205 0.36935
2.04095 -1.78625 0.928845 1.78201 0.369332
2.041 -1.78625 0.928845 1.78196 0.369314
2.04105 -1.78604 0.92877 1.7848 0.369613
2.0411 -1.78579 0.92868 1.78471 0.369972
2.04115 -1.7857 0.92865 1.78461 0.37009
2.0412 -1.78547 0.92857 1.78441 0.370418
2.04125 -1.78563 0.928625 1.78429 0.370159
2.0413 -1.78563 0.928625 1.78425 0.370141
2.04135 -1.78563 0.928625 1.7842 0.370123
2.0414 -1.78563 0.928625 1.78416 0.370105
2.04145 -1.78545 0.92857 1.78451 0.370358
2.0415 -1.78539 0.928553 1.78003 0.37043
2.04155 -1.78539 0.928553 1.77999 0.370412
2.0416 -1.78539 0.928553 1.77994 0.370394
2.04165 -1.78517 0.928475 1.78252 0.370707
2.0417 -1.78517 0.928475 1.78248 0.370689
2.04175 -1.78517 0.928475 1.78243 0.370671
2.0418 -1.78517 0.928475 1.78239 0.370653
2.04185 -1.78517 0.928475 1.78234 0.370635
2.0419 -1.78517 0.928475 1.7823 0.370617
2.04195 -1.78517 0.928475 1.78226 0.370598
2.042 -1.78517 0.928475 1.78222 0.37058
2.04205 -1.78513 0.92846 1.77361 0.370622
2.0421 -1.78513 0.92846 1.77357 0.370604
2.04215 -1.78512 0.928458 1.77352 0.370601
2.0422 -1.78512 0.928458 1.77347 0.370583
2.04225 -1.78512 0.928458 1.77343 0.370565
2.0423 -1.78512 0.928458 1.77339 0.370547
2.04235 -1.78495 0.9284 1.78035 0.370785
2.0424 -1.78495 0.9284 1.7803 0.370766
2.04245 -1.78495 0.9284 1.78026 0.370748
2.0425 -1.78495 0.9284 1.78022 0.37073
2.04255 -1.78495 0.9284 1.78017 0.370712
2.0426 -1.78495 0.9284 1.78013 0.370694
2.04265 -1.78428 0.928165 1.77925 0.371684
2.0427 -1.78428 0.928165 1.7792 0.371665
2.04275 -1.78428 0.928165 1.77916 0.371647
2.0428 -1.78428 0.928165 1.77911 0.371629
2.04285 -1.78428 0.928165 1.77907 0.371611
2.0429 -1.78429 0.928168 1.77907 0.371578
2.04295 -1.78429 0.928168 1.77903 0.371559
2.043 -1.78429 0.928168 1.77898 0.371541
2.04305 -1.78425 0.928155 1.77313 0.371583
2.0431 -1.78425 0.928155 1.77309 0.371565
2.04315 -1.78426 0.928157 1.77305 0.371532
2.0432 -1.78426 0.928157 1.77301 0.371514
2.04325 -1.78426 0.928157 1.77297 0.371495
2.0433 -1.78426 0.928157 1.77292 0.371477
2.04335 -1.7842 0.928135 1.77283 0.371549
2.0434 -1.7842 0.928135 1.77279 0.371531
2.04345 -1.7842 0.928135 1.77275 0.371513
2.0435 -1.7842 0.928135 1.7727 0.371495
2.04355 -1.7842 0.928135 1.77266 0.371476
2.0436 -1.78417 0.928125 1.7809 0.371503
2.04365 -1.78417 0.928125 1.78085 0.371485
2.0437 -1.78402 0.928075 1.78071 0.371692
2.04375 -1.78402 0.928075 1.78067 0.371674
2.0438 -1.78402 0.928075 1.78062 0.371656
2.04385 -1.78402 0.928075 1.78058 0.371638
2.0439 -1.78402 0.928075 1.78054 0.371619
2.04395 -1.78402 0.928075 1.78049 0.371601
2.044 -1.78402 0.928075 1.78045 0.371583
2.04405 -1.784 0.928068 1.78039 0.371595
2.0441 -1.784 0.928068 1.78035 0.371577
2.04415 -1.784 0.928068 1.7803 0.371559
2.0442 -1.78384 0.928015 1.78013 0.371781
2.04425 -1.78385 0.92802 1.78005 0.371747
2.0443 -1.78398 0.928063 1.78012 0.371534
2.04435 -1.78398 0.928063 1.78008 0.371516
2.0444 -1.78398 0.928063 1.78003 0.371498
2.04445 -1.78398 0.928063 1.77999 0.37148
2.0445 -1.78398 0.928063 1.77995 0.371461
2.04455 -1.78365 0.927948 1.77875 0.371938
2.0446 -1.78365 0.927948 1.77871 0.37192
2.04465 -1.78365 0.927948 1.77866 0.371902
2.0447 -1.78365 0.927948 1.77862 0.371884
2.04475 -1.78365 0.927948 1.77858 0.371866
2.0448 -1.78365 0.927948 1.77853 0.371847
2.04485 -1.78362 0.92794 1.77987 0.371874
2.0449 -1.78362 0.92794 1.77983 0.371856
2.04495 -1.78362 0.92794 1.77978 0.371838
2.045 -1.78349 0.927898 1.77918 0.372014
2.04505 -1.78349 0.927898 1.77913 0.371996
2.0451 -1.78349 0.927898 1.77909 0.371978
2.04515 -1.78349 0.927898 1.77905 0.37196
2.0452 -1.78365 0.927955 1.77964 0.371664
2.04525 -1.78365 0.927955 1.77959 0.371645
2.0453 -1.78365 0.927955 1.77955 0.371627
2.04535 -1.78365 0.927955 1.77951 0.371609
2.0454 -1.78388 0.928033 1.77991 0.371246
2.04545 -1.78388 0.928033 1.77987 0.371228
2.0455 -1.78388 0.928033 1.77982 0.37121
2.04555 -1.78388 0.928033 1.77978 0.371192
2.0456 -1.78388 0.928033 1.77974 0.371174
2.04565 -1.78388 0.928033 1.77969 0.371156
2.0457 -1.78388 0.928033 1.77965 0.371137
2.04575 -1.78388 0.928033 1.77961 0.371119
2.0458 -1.78388 0.928033 1.77956 0.371101
2.04585 -1.78343 0.92787 1.77914 0.371757
2.0459 -1.78343 0.92787 1.7791 0.371739
2.04595 -1.78343 0.92787 1.77905 0.371721
2.046 -1.78343 0.92787 1.77901 0.371702
2.04605 -1.78343 0.92787 1.77897 0.371684
2.0461 -1.78327 0.92782 1.77874 0.371906
2.04615 -1.78327 0.92782 1.7787 0.371887
2.0462 -1.78327 0.92782 1.77866 0.371869
2.04625 -1.78327 0.92782 1.77861 0.371851
2.0463 -1.78327 0.92782 1.77857 0.371833
2.04635 -1.78324 0.92781 1.7785 0.37186
2.0464 -1.78324 0.92781 1.77845 0.371842
2.04645 -1.78316 0.927785 1.77821 0.371943
2.0465 -1.78316 0.927785 1.77817 0.371925
2.04655 -1.78316 0.927785 1.77812 0.371907
2.0466 -1.78319 0.927795 1.77811 0.371844
2.04665 -1.78297 0.92772 1.7779 0.372154
2.0467 -1.78297 0.92772 1.77786 0.372136
2.04675 -1.78267 0.927617 1.77688 0.372567
2.0468 -1.78267 0.927617 1.77684 0.372548
2.04685 -1.78267 0.927617 1.77679 0.37253
2.0469 -1.78267 0.927617 1.77675 0.372512
2.04695 -1.78267 0.927617 1.77671 0.372494
2.047 -1.78269 0.927628 1.77669 0.372446
2.04705 -1.78269 0.927628 1.77665 0.372428
2.0471 -1.78271 0.927635 1.77662 0.372379
2.04715 -1.78271 0.927635 1.77658 0.372361
2.0472 -1.78266 0.927615 1.77662 0.372418
2.04725 -1.78266 0.927615 1.77658 0.3724
2.0473 -1.78266 0.927615 1.77653 0.372381
2.04735 -1.78266 0.927615 1.77649 0.372363
2.0474 -1.78272 0.92763 1.77649 0.372255
2.04745 -1.7827 0.927623 1.77643 0.372267
2.0475 -1.7829 0.92769 1.77683 0.37195
2.04755 -1.7829 0.92769 1.77679 0.371932
2.0476 -1.78278 0.92765 1.77613 0.372093
2.04765 -1.78278 0.92765 1.77609 0.372075
2.0477 -1.7829 0.927693 1.77607 0.371878
2.04775 -1.7829 0.927693 1.77603 0.371859
2.0478 -1.7829 0.927693 1.77599 0.371841
2.04785 -1.78287 0.927678 1.77591 0.371868
2.0479 -1.78287 0.927678 1.77587 0.37185
2.04795 -1.78287 0.927678 1.77583 0.371832
2.048 -1.78287 0.927678 1.77578 0.371813
2.04805 -1.78287 0.927678 1.77574 0.371795
2.0481 -1.78287 0.927678 1.7757 0.371777
2.04815 -1.78287 0.927678 1.77565 0.371759
2.0482 -1.78287 0.927678 1.77561 0.371741
2.04825 -1.78282 0.927662 1.77553 0.371797
2.0483 -1.78282 0.927662 1.77548 0.371779
2.04835 -1.78282 0.927662 1.77544 0.371761
2.0484 -1.78282 0.927662 1.7754 0.371743
2.04845 -1.78282 0.927662 1.77535 0.371725
2.0485 -1.78282 0.927662 1.77531 0.371706
2.04855 -1.78282 0.927662 1.77527 0.371688
2.0486 -1.78258 0.927582 1.77604 0.372066
2.04865 -1.78251 0.92756 1.77594 0.372153
2.0487 -1.78253 0.927567 1.77591 0.372105
2.04875 -1.78253 0.927567 1.77587 0.372087
2.0488 -1.78253 0.927567 1.77582 0.372068
2.04885 -1.78253 0.927567 1.77578 0.37205
2.0489 -1.78253 0.927567 1.77574 0.372032
2.04895 -1.78253 0.927567 1.77569 0.372014
2.049 -1.78253 0.927567 1.77565 0.371996
2.04905 -1.78253 0.927567 1.77561 0.371978
2.0491 -1.78253 0.927567 1.77556 0.371959
2.04915 -1.78253 0.927567 1.77552 0.371941
2.0492 -1.78229 0.927485 1.77517 0.372281
2.04925 -1.78236 0.927512 1.77472 0.372158
2.0493 -1.78236 0.927512 1.77468 0.37214
2.04935 -1.78236 0.927512 1.77464 0.372122
2.0494 -1.78236 0.927512 1.77459 0.372104
2.04945 -1.78236 0.927512 1.77455 0.372086
2.0495 -1.78235 0.92751 1.77381 0.372082
2.04955 -1.78192 0.92736 1.7742 0.372705
2.0496 -1.78192 0.92736 1.77416 0.372687
2.04965 -1.78192 0.92736 1.77412 0.372668
2.0497 -1.78192 0.92736 1.77407 0.37265
2.04975 -1.78192 0.92736 1.77403 0.372632
2.0498 -1.78192 0.92736 1.77399 0.372614
2.04985 -1.78194 0.927368 1.77396 0.372566
2.0499 -1.78194 0.927368 1.77392 0.372548
2.04995 -1.78194 0.927368 1.77388 0.37253
