6.4
     2.9998961008535
     6.9994804844006
     10.998732331023
     14.997651650602
     18.996241203035
     22.994584888024
     26.994113000825
     31.008465820786
     35.105771551072
      39.44986361091
     44.221047296316
     49.508393263406
     55.326176660129
     61.665168111853
     68.514174795303
     75.864365617521
     83.709229760793
     92.043931448609
     100.86477348336
     110.16882788118
     119.95369053297
     130.21731772803
     140.95791556729
     152.17386377085
     163.86366220538
     176.02589269668
     188.65919131656
     201.76222797448
      215.3336911879
     229.37227657998
     243.87667809795
     258.84558124298
     274.27765780504
     290.17156173636
     306.52592589503
      323.3393594601
     340.61044586934
     358.33774116745
     376.51977267905
     395.15503794056
     414.24200384003
     433.77910592513
     453.76474784786
     474.19730092141
     495.07510376928
     516.39646205104
     538.15964825174
     560.36290152508
      583.0044275815
     606.08239861475
     629.59495326093
     653.54019658574
     677.91620009571
     702.72100177051
     727.95260611352
     753.60898421837
     779.68807384965
     806.18777953626
     833.10597267581
     860.44049164917
     888.18914194406
     916.34969628677
     944.91989478157
     973.89744505681
     1003.2800224175
     1033.0652700036
     1063.2507989539
     1093.8341885751
     1124.8129865156
     1156.1847089435
     1187.9468407296
     1220.0968356339
     1252.6321164961
       1285.55007543
     1318.8480740214
     1352.5234435294
     1386.5734850912
     1420.9954699297
     1455.7866395645
     1490.9442060263
     1526.4653520734
     1562.3472314121
     1598.5869689184
     1635.1816608647
     1672.1283751467
     1709.4241515148
      1747.066001807
     1785.0509101851
     1823.3758333726
     1862.0377008958
     1901.0334153265
      1940.359852528
     1980.0138619026
     2019.9922666419
      2060.291863979
     2100.9094254433
      2141.841697117
     2183.0853998944
     2224.6372297429
      2266.493857966
     2308.6519314685
      2351.108073024
     2393.8588815444
     2436.9009323507
     2480.2307774464
     2523.8449457931
     2567.7399435867
     2611.9122545375
     2656.3583401501
     2701.0746400065
     2746.0575720503
     2791.3035328731
     2836.8088980024
     2882.5700221914
     2928.5832397101
     2974.8448646386
     3021.3511911619
     3068.0984938659
     3115.0830280356
     3162.3010299544
     3209.7487172054
     3257.4222889737
     3305.3179263505
     3353.4317926387
     3401.7600336599
     3450.2987780627
     3499.0441376324
     3547.9922076023
     3597.1390669662
     3646.4807787919
     3696.0133905366
      3745.732934363
     3795.6354274571
     3845.7168723472
     3895.9732572228
     3946.4005562573
     3996.9947299291
     4047.7517253453
     4098.6674765664
     4149.7379049313
     4200.9589193846
     4252.3264168034
      4303.836282326
     4355.4843896817
     4407.2666015206
     4459.1787697455
     4511.2167358436
     4563.3763312195
     4615.6533775292
     4668.0436870147
     4720.5430628389
     4773.1472994225
     4825.8521827795
     4878.6534908563
     4931.5469938681
     4984.5284546391
     5037.5936289408
     5090.7382658324
     5143.9581080011
      5197.248892103
     5250.6063491049
     5304.0262046254
     5357.5041792781
      5411.035989014
     5464.6173454643
     5518.2439562845
     5571.9115254975
     5625.6157538382
     5679.3523390978
     5733.1169764677
     5786.9053588856
     5840.7131773791
     5894.5361214116
     5948.3698792278
     6002.2101381981
     6056.0525851651
     6109.8929067881
     6163.7267898897
     6217.5499218001
     6271.3579907037
     6325.1466859833
     6378.9116985667
     6432.6487212705
     6486.3534491462
     6540.0215798245
     6593.6488138601
     6647.2308550762
     6700.7634109081
      6754.242192748
     6807.6629162876
     6861.0213018619
     6914.3130747918
     6967.5339657265
     7020.6797109857
     7073.7460529006
     7126.7287401559
     7179.6235281296
     7232.4261792331
      7285.132463251
     7337.7381576796
     7390.2390480655
     7442.6309283429
     7494.9096011707
     7547.0708782687
      7599.110580753
     7651.0245394708
     7702.8085953346
     7754.4585996552
     7805.9704144737
     7857.3399128935
     7908.5629794105
      7959.635510243
     8010.5534136602
     8061.3126103103
     8111.9090335466
     8162.3386297541
     8212.5973586735
     8262.6811937249
     8312.5861223307
     8362.3081462367
     8411.8432818324
     8461.1875604695
     8510.3370287809
     8559.2877489961
     8608.0357992577
     8656.5772739342
     8704.9082839338
     8753.0249570152
      8800.923438098
     8848.5998895714
     8896.0504916009
     8943.2714424347
     8990.2589587081
     9037.0092757456
     9083.5186478634
     9129.7833486681
     9175.7996713555
     9221.5639290072
     9267.0724548855
      9312.321602727
     9357.3077470341
      9402.027283365
     9446.4766286219
     9490.6522213384
     9534.5505219626
     9578.1680131421
     9621.5012000036
     9664.5466104325
     9707.3007953513
     9749.7603289937
     9791.9218091794
     9833.7818575852
     9875.3371200142
     9916.5842666644
     9957.5199923942
     9998.1410169847
     10038.444085403
     10078.425968059
     10118.083461067
     10157.413386494
      10196.41259262
     10235.077954182
     10273.406372626
     10311.394776352
     10349.040120957
     10386.339389477
     10423.289592624
     10459.887769026
     10496.130985454
     10532.016337062
     10567.540947608
     10602.701969682
     10637.496584932
     10671.922004281
     10705.975468144
     10739.654246647
     10772.955639833
     10805.876977874
     10838.415621275
     10870.568961078
     10902.334419055
     10933.709447909
     10964.691531464
     10995.278184851
     11025.466954691
     11055.255419275
     11084.641188744
     11113.621905248
     11142.195243124
     11170.358909045
     11198.110642182
      11225.44821435
     11252.369430148
     11278.872127094
     11304.954175753
     11330.613479857
     11355.847976408
     11380.655635782
     11405.034461815
     11428.982491871
     11452.497796912
     11475.578481529
     11498.222683972
     11520.428576153
     11542.194363616
     11563.518285496
     11584.398614422
     11604.833656401
     11624.821750645
     11644.361269345
     11663.450617382
     11682.088231963
     11700.272582158
     11718.002168333
     11735.275521441
     11752.091202154
     11768.447799786
     11784.343930967
     11799.778238009
     11814.749386877
     11829.256064671
     11843.296976483
     11856.870841456
     11869.976387812
      11882.61234654
     11894.777443328
      11906.47038815
     11917.689861721
     11928.434497702
      11938.70285903
     11948.493406083
     11957.804453214
     11966.634108507
     11974.980188732
     11982.840096784
     11990.210640691
     11997.087758439
     12003.466084302
      12009.33823364
     12014.693550507
     12019.515723372
     12023.777639838
     12027.428621661
     12030.407751825
     12033.088866471
     12036.336443914
     12040.421006039
     12045.445434657
     12051.708318281
     12060.070710909
