4
     2.9999886265682
     7.0031794393109
     11.078312873625
     15.586109717286
     21.064578477479
     27.764058074212
     35.720070776573
     44.926190521167
     55.374887544891
     67.060999525127
     79.980974093933
     94.132160911494
     109.51239528939
     126.11976482248
     143.95247646559
     163.00877849346
     183.28691319286
     204.78508730847
     227.50145307214
     251.43409573038
     276.58102517172
     302.94017020631
     330.50937460038
     359.28639429645
     389.26889545049
     420.45445304173
     452.84054989124
     486.42457597636
     521.20382796319
     557.17550890167
     594.33672804415
     632.68450075868
     672.21574851634
     712.92729893717
     754.81588588318
     797.87814958971
     842.11063682868
     887.50980109846
     934.07200283665
     981.79350965265
     1030.6704965775
     1080.6990463294
     1131.8751495929
     1184.1947053113
     1237.6535209905
     1292.2473130139
      1347.971706968
     1404.8222379773
      1462.794351049
     1521.8834014268
     1582.0846549528
     1643.3932884387
     1705.8043900446
     1769.3129596661
     1833.9139093292
     1899.6020635931
     1966.3721599602
     2034.2188492942
     2103.1366962447
     2173.1201796804
     2244.1636931281
     2316.2615452195
     2389.4079601454
     2463.5970781163
     2538.8229558299
      2615.079566946
      2692.360802568
     2770.6604717307
     2849.9723018951
     2930.2899394505
     3011.6069502217
     3093.9168199844
     3177.2129549858
     3261.4886824723
     3346.7372512232
     3432.9518320914
     3520.1255185497
     3608.2513272434
     3697.3221985496
     3787.3309971422
      3878.270512563
     3970.1334597992
     4062.9124798666
     4156.6001403987
     4251.1889362418
     4346.6712900562
     4443.0395529228
     4540.2860049556
     4638.4028559199
     4737.3822458564
     4837.2162457103
     4937.8968579667
     5039.4160172907
     5141.7655911735
      5244.937380584
     5348.9231206252
      5453.714481196
     5559.3030676588
     5665.6804215115
     5772.8380210653
     5880.7672821271
     5989.4595586867
     6098.9061436101
     6209.0982693363
     6320.0271085796
     6431.6837750371
        6544.0593241
     6657.1447535703
     6770.9310043817
     6885.4089613258
     7000.5694537811
     7116.4032564488
     7232.9010900909
     7350.0536222741
      7467.851468117
     7586.2851910415
     7705.3453035294
     7825.0222678822
     7945.3064969845
      8066.188355073
     8187.6581585073
     8309.7061765462
     8432.3226321269
     8555.4977026486
     8679.2215207587
     8803.4841751437
      8928.275711323
     9053.5861324463
     9179.4054000942
     9305.7234350826
     9432.5301182699
     9559.8152913678
     9687.5687577548
      9815.780283293
     9944.4395971485
     10073.536392613
      10203.06032793
     10333.001027124
     10463.348080832
     10594.091047132
      10725.21945239
     10856.722792087
      10988.59053167
     11120.812107391
     11253.376927154
     11386.274371365
      11519.49379378
     11653.024522361
     11786.855860127
     11920.977086016
     12055.377455739
     12190.046202644
     12324.972538576
     12460.145654744
     12595.554722583
     12731.188894626
      12867.03730537
     13003.089072145
     13139.333295992
     13275.759062529
     13412.355442828
     13549.111494292
      13686.01626153
     13823.058777236
     13960.228063065
     14097.513130514
     14234.902981804
     14372.386610757
     14509.953003682
     14647.591140254
     14785.289994399
     14923.038535175
     15060.825727658
     15198.640533826
      15336.47191344
     15474.308824933
      15612.14022629
     15749.955075936
     15887.742333619
     16025.490961297
     16163.189924015
     16300.828190799
     16438.394735532
     16575.878537841
     16713.268583978
     16850.553867703
     16987.723391167
     17124.766165792
     17261.671213149
     17398.427565842
     17535.024268383
      17671.45037807
     17807.694965868
     17943.747117277
     18079.595933211
     18215.230530875
     18350.640044626
     18485.813626853
     18620.740448844
     18755.409701649
     18889.810596952
     19023.932367932
     19157.764270124
     19291.295582285
     19424.515607246
     19557.413672775
      19689.97913243
     19822.201366409
     19954.069782406
     20085.573816454
     20216.702933777
     20347.446629628
     20477.794430137
     20607.735893143
     20737.260609037
     20866.358201591
     20995.018328793
     21123.230683673
     21250.984995131
     21378.271028755
     21505.078587648
      21631.39751324
     21757.217686102
     21882.529026758
     22007.321496494
     22131.585098157
     22255.309876963
     22378.485921288
     22501.103363467
     22623.152380579
      22744.62319524
     22865.506076384
     22985.791340039
     23105.469350109
     23224.530519142
     23342.965309098
     23460.764232113
     23577.917851264
     23694.416781316
     23810.251689484
     23925.413296171
     24039.892375719
     24153.679757143
     24266.766324871
     24379.143019466
     24490.800838361
     24601.730836574
     24711.924127427
     24821.371883256
     24930.065336122
     25037.995778508
     25145.154564022
     25251.533108085
     25357.122888621
     25461.915446743
      25565.90238742
     25669.075380164
     25771.426159683
     25872.946526555
     25973.628347877
     26073.463557919
     26172.444158772
     26270.562220983
     26367.809884198
     26464.179357785
      26559.66292146
     26654.252925906
     26747.941793386
     26840.722018349
      26932.58616803
     27023.526883047
     27113.536877991
     27202.608942004
     27290.735939366
     27377.910810055
      27464.12657032
      27549.37631324
     27633.653209272
     27716.950506799
     27799.261532676
     27880.579692755
     27960.898472418
       28040.2114371
     28118.512232797
     28195.794586579
     28272.052307091
     28347.279285044
      28421.46949371
     28494.616989395
     28566.715911922
     28637.760485089
     28707.745017139
     28776.663901207
     28844.511615771
     28911.282725087
     28976.971879623
     29041.573816485
     29105.083359833
     29167.495421288
      29228.80500034
     29289.007184736
     29348.097150869
     29406.070164157
     29462.921579408
     29518.646841187
     29573.241484161
     29626.701133448
     29679.021504944
      29730.19840565
      29780.22773398
     29829.105480064
     29876.827726034
     29923.390646298
       29968.7905078
      30013.02367026
     30056.086586397
     30097.975802138
     30138.687956782
      30178.21978316
     30216.568107739
     30253.729850693
     30289.702025921
     30324.481741001
     30358.066197055
     30390.452688517
     30421.638602757
     30451.621419531
     30480.398710186
     30507.968136541
     30534.327449323
      30559.47448598
     30583.407167612
     30606.123494631
     30627.621540563
     30647.899443049
     30666.955390585
     30684.787602548
     30701.394298423
     30716.773649039
     30730.923696808
     30743.842220265
     30755.526493438
     30765.972834464
     30775.175698732
     30783.125684639
      30789.80454699
     30795.170047522
     30799.156838865
     30802.584124541
     30807.701230478
