3.00018
7.03407
11.4275
16.8897
23.8386
32.3442
42.3982
53.9855
67.0916
81.7019
97.801
115.373
134.4
154.863
176.742
200.017
224.664
250.66
277.979
306.595
336.48
367.606
399.941
433.456
468.117
503.891
540.744
578.639
617.54
657.409
698.209
739.898
782.438
825.787
869.903
914.743
960.264
1006.42
1053.17
1100.47
1148.27
1196.52
1245.19
1294.21
1343.55
1393.15
1442.97
1492.96
1543.08
1593.27
1643.48
1693.66
1743.78
1793.77
1843.6
1893.21
1942.55
1991.58
2040.24
2088.5
2136.31
2183.61
2230.37
2276.54
2322.07
2366.91
2411.04
2454.4
2496.95
2538.65
2579.46
2619.34
2658.25
2696.15
2733.02
2768.8
2803.47
2837
2869.35
2900.48
2930.38
2959
2986.33
3012.34
3036.99
3060.28
3082.16
3102.63
3121.67
3139.24
3155.35
3169.96
3183.07
3194.66
3204.71
3213.2
3220.11
3225.37
3229.13
3233.55
