6.8
     2.9998827070382
     6.9994135098706
     10.998568898595
     14.997348821053
     18.995753278649
     22.993784540338
     26.991502071354
     30.989837089207
     34.997519126452
     39.060640756789
     43.304918201223
     47.896301882869
     52.938097832493
     58.456792673346
     64.446702548383
     70.896593308218
     77.796826469446
      85.14010351196
      92.92096211228
     101.13523148334
     109.77963095751
     118.85149574253
     128.34859146494
     138.26898752743
       148.610969235
     159.37297575377
     170.55355556147
     182.15133394826
      194.1649889621
     206.59323336757
     219.43480095173
     232.68843601617
     246.35288523431
      260.4268912855
     274.90918783843
     289.79849556958
     305.09351898315
     320.79294385717
     336.89543518276
     353.39963549472
     370.30416351525
     387.60761304949
     405.30855208529
      423.4055220595
     441.89703726085
     460.78158434552
      480.0576219463
      499.7235803597
     519.77786129862
     540.21883770009
     561.04485357985
     582.25422392677
     603.84523463127
     625.81614244324
      648.1651749551
     670.89053060711
     693.99037871172
     717.46285949501
     741.30608415277
        765.51813492
     790.09706515197
     815.04089941596
     840.34763359237
      866.0152349843
     892.04164243515
     918.42476645297
     945.16248934165
     972.25266533788
     999.69312075366
     1027.4816541242
     1055.6160363602
     1084.0940109052
     1112.9132938966
     1142.0715743313
     1171.5665142344
     1201.3957488325
     1231.5568867291
     1262.0475100852
     1292.8651748006
      1324.007410701
     1355.4717217256
     1387.2555861193
     1419.3564566266
     1451.7717606885
     1484.4989006423
     1517.5352539236
     1550.8781732706
     1584.5249869313
     1618.4729988727
     1652.7194889924
     1687.2617133322
     1722.0969042946
     1757.2222708607
     1792.6349988105
     1828.3322509456
     1864.3111673133
     1900.5688654336
     1937.1024405268
      1973.908965745
     2010.9854924036
     2048.3290502157
     2085.9366475286
     2123.8052715609
     2161.9318886431
     2200.3134444584
      2238.946864286
     2277.8290532466
     2316.9568965482
     2356.3272597352
     2395.9369889377
     2435.7829111234
     2475.8618343507
     2516.1705480235
     2556.7058231475
     2597.4644125875
     2638.4430513275
      2679.638456731
     2721.0473288031
     2762.6663504544
     2804.4921877662
     2846.5214902566
     2888.7508911484
     2931.1770076381
     2973.7964411668
     3016.6057776914
     3059.6015879579
     3102.7804277753
     3146.1388382915
     3189.6733462697
     3233.3804643661
     3277.2566914091
     3321.2985126792
     3365.5024001902
     3409.8648129716
      3454.382197352
      3499.050987243
     3543.8676044251
     3588.8284588335
      3633.929948846
     3679.1684615709
     3724.5403731361
     3770.0420489793
     3815.6698441388
     3861.4201035453
     3907.2891623146
     3953.2733460409
     3999.3689710906
      4045.572344898
     4091.8797662597
     4138.2875256323
     4184.7919054282
      4231.389180314
     4278.0756175085
     4324.8474770813
     4371.7010122527
     4418.6324696937
     4465.6380898259
     4512.7141071233
     4559.8567504135
     4607.0622431795
     4654.3268038624
     4701.6466461643
     4749.0179793508
     4796.4370085557
     4843.8999350839
     4891.4029567159
     4938.9422680128
     4986.5140606204
     5034.1145235743
     5081.7398436055
     5129.3862054456
      5177.049792132
     5224.7267853142
     5272.4133655593
     5320.1057126578
       5367.80000593
     5415.4924245313
     5463.1791477588
     5510.8563553575
     5558.5202278256
     5606.1669467208
     5653.7926949663
     5701.3936571562
     5748.9660198614
     5796.5059719348
     5844.0097048168
     5891.4734128402
      5938.893293535
     5986.2655479332
      6033.586380873
     6080.8520013025
     6128.0586225839
     6175.2024627963
      6222.279745039
     6269.2866977339
     6316.2195549276
      6363.074556593
     6409.8479489307
     6456.5359846693
     6503.1349233659
     6549.6410317057
     6596.0505838008
     6642.3598614888
     6688.5651546306
     6734.6627614078
     6780.6489886183
     6826.5201519737
     6872.2725763929
     6917.9025962971
     6963.4065559035
      7008.780809518
     7054.0217218267
      7099.125668188
     7144.0890349221
     7188.9082196006
     7233.5796313355
     7278.0996910657
     7322.4648318447
     7366.6714991259
     7410.7161510466
     7454.5952587127
     7498.3053064802
     7541.8427922376
     7585.2042276856
     7628.3861386165
      7671.385065193
     7714.1975622237
     7756.8201994407
     7799.2495617727
     7841.4822496189
      7883.514879121
     7925.3440824341
     7966.9665079959
     8008.3788207952
     8049.5777026383
     8090.5598524144
     8131.3219863602
     8171.8608383219
     8212.1731600164
      8252.255721291
     8292.1053103822
     8331.7187341713
     8371.0928184402
     8410.2244081248
     8449.1103675669
     8487.7475807646
      8526.132951621
     8564.2634041913
      8602.135882928
     8639.7473529245
     8677.0948001573
     8714.1752317259
      8750.985676091
     8787.5231833113
     8823.7848252778
      8859.767695947
     8895.4689115713
     8930.8856109285
     8966.0149555478
     9000.8541299362
     9035.4003417994
     9069.6508222645
     9103.6028260979
     9137.2536319216
      9170.600542428
     9203.6408845921
     9236.3720098803
     9268.7912944599
     9300.8961394019
     9332.6839708854
      9364.152240397
     9395.2984249285
     9426.1200271719
     9456.6145757116
      9486.779625214
     9516.6127566137
     9546.1115772973
     9575.2737212836
     9604.0968494013
     9632.5786494626
     9660.7168364327
     9688.5091525977
     9715.9533677267
     9743.0472792303
     9769.7887123152
      9796.175520134
     9822.2055839294
     9847.8768131744
     9873.1871457058
      9898.134547852
     9922.7170145542
     9946.9325694804
     9970.7792651308
     9994.2551829359
     10017.358433344
     10040.087155898
     10062.439519301
     10084.413721466
     10106.007989558
     10127.220580007
     10148.049778515
      10168.49390003
     10188.551288702
     10208.220317807
     10227.499389636
     10246.386935349
     10264.881414779
     10282.981316187
     10300.685155947
     10317.991478162
     10334.898854192
     10351.405882065
     10367.511185774
     10383.213414408
     10398.511241099
      10413.40336174
     10427.888493415
     10441.965372489
     10455.632752256
     10468.889400042
     10481.734093635
     10494.165616832
      10506.18275388
     10517.784282481
     10528.968964928
     10539.735536786
     10550.082692309
     10560.009065471
     10569.513205038
     10578.593541398
     10587.248341852
     10595.475649423
     10603.273197663
     10610.638289638
     10617.567621951
     10624.057021507
     10630.101037825
      10635.69228322
     10640.820301225
     10645.469464048
     10649.614574211
     10653.210185303
     10656.189135975
     10658.786678762
     10661.795680368
     10665.538399961
     10670.057215424
     10675.488365539
     10682.160724114
     10690.976157337
