Analytical eigenvalues:
2.98744
6.93692
10.8453
14.7119
18.536
22.3168
26.0537
29.7456
33.3917
36.991
40.5425
44.0451
47.4975
50.8985
54.2466
57.5402
60.7777
63.9571
67.0763
70.133
73.1244
76.0473
78.8984
79.2716
81.6731
84.3666
86.9724
89.4825
91.8862
94.1685
96.3065
98.2699
100.077
101.9
103.902
106.092
108.445
110.938
113.56
116.302
119.157
122.12
125.187
128.355
131.622
134.985
138.442
141.993
145.635
149.368
153.19
157.101
161.1
165.187
169.36
173.619
177.964
182.394
186.908
191.508
196.191
200.959
205.81
210.744
215.762
220.862
226.045
231.311
236.659
242.09
247.603
253.197
258.874
264.632
270.473
276.394
282.398
288.482
294.648
300.896
307.224
313.634
320.125
326.697
333.35
340.084
346.899
353.794
360.771
367.828
374.966
382.185
389.485
396.865
404.326
411.867
419.489
427.191
434.975
442.838
450.782
458.807
466.912
475.097
483.363
491.709
500.136
508.643
517.23
525.898
534.646
543.475
552.383
561.372
570.442
579.591
588.821
598.131
607.521
616.992
626.543
636.174
645.885
655.677
665.548
675.5
685.532
695.645
705.837
716.11
726.462
736.895
747.409
758.002
768.675
779.429
790.263
801.176
812.17
823.244
834.399
845.633
856.952
868.38
880.055
892.391
906.084
921.91
940.89
965.442
Computed eigenvalues:
2.98744
6.93692
10.8453
14.7119
18.536
22.3168
26.0537
29.7456
33.3917
36.991
40.5425
44.0451
47.4975
50.8985
54.2466
57.5402
60.7777
63.9571
67.0763
70.133
73.1244
76.0473
78.8984
79.2716
81.6731
84.3666
86.9724
89.4825
91.8862
94.1685
96.3065
98.2699
100.077
101.9
103.902
106.092
108.445
110.938
113.56
116.302
119.157
122.12
125.187
128.355
131.622
134.985
138.442
141.993
145.635
149.368
153.19
157.101
161.1
165.187
169.36
173.619
177.964
182.394
186.908
191.508
196.191
200.959
205.81
210.744
215.762
220.862
226.045
231.311
236.659
242.09
247.603
253.197
258.874
264.632
270.473
276.394
282.398
288.482
294.648
300.896
307.224
313.634
320.125
326.697
333.35
340.084
346.899
353.794
360.771
367.828
374.966
382.185
389.485
396.865
404.326
411.867
419.489
427.191
434.975
442.838
450.782
458.807
466.912
475.097
483.363
491.709
500.136
508.643
517.23
525.898
534.646
543.475
552.383
561.372
570.442
579.591
588.821
598.131
607.521
616.992
626.543
636.174
645.885
655.677
665.548
675.5
685.532
695.645
705.837
716.11
726.462
736.895
747.409
758.002
768.675
779.429
790.263
801.176
812.17
823.244
834.399
845.633
856.952
868.38
880.055
892.391
906.084
921.91
940.89
965.442
