14
     2.9995027559216
     6.9975133242072
     10.993931332257
     14.988755826702
     18.981985852268
     22.973620451768
     26.963658666101
     30.952099534241
     34.938942093231
      38.92418537818
     42.907828422252
     46.889870256664
     50.870309910677
     54.849146411588
     58.826378784726
     62.802006053446
     66.776027239119
     70.748441361131
     74.719247436868
     78.688444481718
     82.656031509058
     86.622007530251
     90.586371554636
     94.549122589524
     98.510259640191
     102.46978170987
     106.42768779974
     110.38397690893
      114.3386480345
     118.29170017144
     122.24313231267
     126.19294344901
      130.1411325692
     134.08769865988
     138.03264070566
     141.97595768965
      145.9176485985
     149.85771246237
     153.79614863653
     157.73295855706
     161.66815535153
     165.60180957588
     169.53423552211
     173.46662444039
     177.40276087074
     181.35242097931
     185.33532526152
     189.38123212841
     193.52256293731
     197.78413274019
     202.17849450716
     206.70823825785
     211.37054841927
      216.1606043269
     221.07331583787
     226.10399827768
     231.24854777492
      236.5034231545
     241.86556902578
     247.33233161097
     252.90138409437
     258.57066506812
     264.33832917613
     270.20270788957
     276.16227833059
     282.21563838091
     288.36148667574
     294.59860640293
     300.92585208093
     307.34213868492
     313.84643263788
      320.4377442944
     327.11512162873
      333.8776449015
     340.72442212777
     347.65458520553
     354.66728659214
     361.76169643844
     368.93700010681
     376.19239601373
     383.52709374746
     390.94031242061
      398.4312792236
     405.99922815134
     413.64339887926
      421.3630357691
     429.15738698743
     437.02570372284
     444.96723948955
     452.98124950682
     461.06699014552
     469.22371843382
     477.45069161538
      485.7471667543
      494.1124003816
     502.54564817893
     511.04616469551
     519.61320309496
       528.246014929
      536.9438499353
     545.70595585725
      554.5315782834
     563.41996050491
     572.37034338918
     581.38196526832
       590.454061841
     599.58586608675
      608.7766081913
     618.02551548232
     627.33181237454
     636.69472032348
     646.11345778717
      655.5872401952
     665.11527992442
     674.69678628091
     684.33096548774
      694.0170206779
     703.75415189236
     713.54155608247
     723.37842711679
     733.26395579165
     743.19732984556
     753.17773397696
     763.20434986507
     773.27635619384
     783.39292867854
     793.55324009502
     803.75646031138
     814.00175632188
     824.28829228299
      834.6152295514
     844.98172672403
     855.38693967958
     865.83002162191
     876.31012312495
     886.82639217896
     897.37797423833
     907.96401227054
      918.5836468064
     929.23601599148
     939.92025563858
     950.63549928124
     961.38087822819
     972.15552161884
     982.95855647946
      993.7891077803
     1004.6462984935
     1015.5292496516
      1026.437080407
     1037.3689080915
     1048.3238482774
     1059.3010148382
     1070.2995200107
     1081.3184744568
     1092.3569873264
     1103.4141663206
     1114.4891177552
     1125.5809466248
     1136.6887566674
     1147.8116504285
     1158.9487293268
     1170.0990937196
     1181.2618429682
     1192.4360755038
     1203.6208888944
     1214.8153799104
     1226.0186445919
     1237.2297783154
     1248.4478758608
     1259.6720314788
     1270.9013389579
     1282.1348916925
     1293.3717827499
     1304.6111049384
      1315.851950875
     1327.0934130533
     1338.3345839113
     1349.5745558995
     1360.8124215486
     1372.0472735379
     1383.2782047629
     1394.5043084035
     1405.7246779917
     1416.9384074795
     1428.1445913069
     1439.3423244692
     1450.5307025849
     1461.7088219633
     1472.8757796715
     1484.0306736017
     1495.1726025386
     1506.3006662257
     1517.4139654328
     1528.5116020214
      1539.592679012
     1550.6563006495
     1561.7015724692
     1572.7276013619
     1583.7334956397
     1594.7183651005
     1605.6813210922
     1616.6214765777
      1627.537946198
     1638.4298463357
     1649.2962951782
     1660.1364127804
      1670.949321126
       1681.73414419
      1692.490007999
     1703.2160406924
     1713.9113725816
       1724.57513621
     1735.2064664113
     1745.8045003676
     1756.3683776667
     1766.8972403589
     1777.3902330126
     1787.8465027691
     1798.2651993973
     1808.6454753465
     1818.9864857986
     1829.2873887198
     1839.5473449103
     1849.7655180539
     1859.9410747655
     1870.0731846382
     1880.1610202885
     1890.2037574003
     1900.2005747674
     1910.1506543351
     1920.0531812388
     1929.9073438424
     1939.7123337739
     1949.4673459594
     1959.1715786554
     1968.8242334781
     1978.4245154313
     1987.9716329314
     1997.4647978299
     2006.9032254332
     2016.2861345197
     2025.6127473529
     2034.8822896928
     2044.0939908019
      2053.247083449
      2062.340803908
     2071.3743919525
     2080.3470908465
      2089.258147329
     2098.1068115943
     2106.8923372661
     2115.6139813652
     2124.2710042714
     2132.8626696774
     2141.3882445359
     2149.8469989972
     2158.2382063394
     2166.5611428874
     2174.8150879229
     2182.9993235812
     2191.1131347376
     2199.1558088786
     2207.1266359601
     2215.0249082481
     2222.8499201432
     2230.6009679855
     2238.2773498386
     2245.8783652515
     2253.4033149943
     2260.8515007672
     2268.2222248794
     2275.5147898932
     2282.7284982331
     2289.8626517519
     2296.9165512531
     2303.8894959617
     2310.7807829395
     2317.5897064377
     2324.3155571786
       2330.95762156
     2337.5151807703
     2343.9875098043
     2350.3738763673
     2356.6735396511
     2362.8857489658
     2369.0097422069
     2375.0447441336
     2380.9899644311
     2386.8445955238
     2392.6078101001
     2398.2787583029
     2403.8565645296
     2409.3403237738
     2414.7290974284
     2420.0219084486
     2425.2177357525
     2430.3155077063
     2435.3140945031
     2440.2122991944
     2445.0088470643
     2449.7023729514
     2454.2914059982
     2458.7743511411
     2463.1494664229
     2467.4148348676
     2471.5683291753
     2475.6075667607
     2479.5298515453
     2483.3320971493
     2487.0107232552
     2490.5615120249
     2493.9794027328
     2497.2581862996
     2500.3900279421
     2503.3646716285
     2506.1679932136
      2508.779060741
     2511.1646048489
     2513.2916525377
     2515.2700269971
     2517.3959075822
     2519.7888069881
     2522.4204728026
     2525.2609951286
     2528.2931785935
      2531.507057046
     2534.8969612376
     2538.4601134227
      2542.195892633
     2546.1054341635
     2550.1914183237
     2554.4579803486
     2558.9107087615
     2563.5567182449
      2568.404794906
     2573.4656212163
     2578.7520975081
     2584.2797890198
     2590.0675449542
     2596.1383634688
     2602.5206222531
     2609.2498746426
     2616.3715599816
     2623.9452701188
     2632.0518362874
     2640.8059509137
     2650.3808558055
     2661.0635084742
     2673.4062246423
      2688.839920263
