25
     2.9984137779352
     6.9920642451635
     10.980624711048
     14.964085385356
     18.942436414859
     22.915667882659
     26.883769807507
     30.846732143115
     34.804544777449
     38.757197532021
      42.70468016116
     46.646982351285
     50.584093720152
     54.516003816101
      58.44270211729
     62.364178030908
     66.280420892386
     70.191419964593
     74.097164437019
      77.99764342494
      81.89284596858
      85.78276103225
     89.667377503484
     93.546684192144
     97.420669829534
     101.28932306748
     105.15263247739
     109.01058654935
     112.86317369111
     116.71038222717
     120.55220039773
     124.38861635774
     128.21961817584
     132.04519383331
     135.86533122307
     139.68001814852
     143.48924232255
     147.29299136631
     151.09125280818
     154.88401408256
     158.67126252871
     162.45298538957
     166.22916981057
     169.99980283831
     173.76487141943
      177.5243623992
     181.27826252035
     185.02655842164
     188.76923663657
       192.506283592
     196.23768560674
     199.96342889013
     203.68349954062
     207.39788354426
     211.10656677321
     214.80953498421
     218.50677381704
     222.19826879289
     225.88400531279
     229.56396865594
     233.23814397801
     236.90651630946
     240.56907055377
      244.2257914857
     247.87666374941
     251.52167185667
     255.16080018494
     258.79403297547
     262.42135433132
     266.04274821535
     269.65819844822
     273.26768870624
     276.87120251933
     280.46872326876
     284.06023418499
     287.64571834542
     291.22515867203
     294.79853792907
     298.36583872064
     301.92704348822
     305.48213450819
     309.03109388924
     312.57390356975
     316.11054531513
     319.64100071508
     323.16525118081
     326.68327794214
     330.19506204464
     333.70058434658
     337.19982551593
     340.69276602721
      344.1793861583
     347.65966598717
     351.13358538856
      353.5934246722
     354.60112403051
     358.06226137094
     361.51697665395
     364.96524890626
      368.4070569334
     371.84237931587
     375.27119440519
      378.6934803199
     382.10921494138
     385.51837590963
     388.92094061893
     392.31688621339
     395.70618958236
     399.08882735581
     402.46477589942
     405.83401130979
     409.19650940926
     412.55224574083
     415.90119556277
     419.24333384318
     422.57863525438
     425.90707416716
     429.22862464483
     432.54326043719
     435.85095497426
     439.15168135984
     442.44541236494
       445.732120421
     449.01177761289
     452.28435567173
     455.54982596753
      458.8081595016
     462.05932689867
     465.30329839889
     468.54004384952
     471.76953269638
     474.99173397506
     478.20661630184
     481.41414786435
     484.61429641191
     487.80702924561
     490.99231320804
      494.1701146727
     497.34039953307
     500.50313319135
     503.65828054681
     506.80580598374
     509.94567335897
     513.07784598913
     516.20228663723
     519.31895749901
     522.42782018864
     525.52883572405
     528.62196451166
     531.70716633066
     534.78440031662
     537.85362494472
     540.91479801264
     543.96787662327
      547.0128171689
     550.04957531929
     553.07810602105
     556.09836352514
     559.11030148084
     562.11387318002
     565.10903212682
     568.09573328292
     571.07393565323
     574.04360740435
     577.00473551299
     579.95734301659
     582.90151806857
     585.83745955999
     588.76554281825
     591.68640406077
     594.60103243427
     597.51084460633
     600.41770499141
     603.32385569545
     606.23174324124
      609.1437698009
     612.06203316878
      614.9881270262
     617.92304562007
     620.86719415419
     623.82047383091
     626.78240059091
     629.75222443193
     632.72903049903
     635.71181557731
     638.69954120538
     641.69116788828
     644.68567546193
      647.6820739846
     650.67940849072
     653.67675996034
     656.67324407878
     659.66800879846
     662.66023133006
     665.64911493773
     668.63388575158
     671.61378971039
     674.58808968626
     677.55606280675
     680.51699796942
     683.47019353213
     686.41495515714
     689.35059378432
     692.27642370828
     695.19176073468
     698.09592039075
      700.9882161668
     703.86795776452
      706.7344493287
     709.58698763818
      712.4248602304
     715.24734343276
     718.05370027092
     720.84317822099
      723.6150067678
     726.36839472552
     729.10252726919
     731.81656261544
     734.50962827855
     737.18081681034
     739.82918091175
     742.45372777478
     745.05341247631
     747.62713019448
     750.17370695008
     752.69188848105
     755.18032672627
     757.63756320716
     760.06200832341
     762.45191517394
     764.80534589882
     767.12012757111
     769.39379310173
     771.62349998094
     773.80591501824
     775.93704454149
     778.01197212141
     780.02442821135
     781.96602968218
     783.82487231063
     785.58367056519
     787.22580034121
     788.78065146807
     790.36149316571
     792.05520607927
     793.86620639939
     795.77624980799
      797.7711124815
     799.84128343681
     801.98010285049
     804.18265707126
     806.44517923358
     808.76470087894
     811.13883487637
     813.56563254217
     816.04348546157
     818.57105564998
     821.14722444068
     823.77105417923
     826.44175893455
     829.15868171822
     831.92127650473
     834.72909386091
     837.58176933554
     840.47901399162
     843.42060662583
     846.40638733276
     849.43625215416
     852.51014861319
     855.62807197797
     858.79006213236
     861.99620095737
     865.24661014571
     868.54144938793
     871.88091487983
     875.26523811086
     878.69468490045
     882.16955465572
     885.69017982875
     889.25692555589
     892.87018946517
      896.5304016406
     900.23802473469
     903.99355422312
     907.79751879663
     911.65048088782
     915.55303733146
     919.50582015871
     923.50949752719
     927.56477478971
     931.67239570654
     935.83314380685
     940.04784390686
     944.31736379343
     948.64261608366
     953.02456027262
     957.46420498337
     961.96261043558
     966.52089115097
      971.1402189172
      975.8218260339
     980.56700886848
     985.37713175297
     990.25363125762
     995.19802088166
     1000.2118962079
     1005.2969405747
     1010.4549313254
     1015.6877467064
     1020.9973734952
       1026.38591545
     1031.8556026928
     1037.4088021498
     1043.0480291982
     1048.7759606932
     1054.5954495788
     1060.5095413236
     1066.5214924702
     1072.6347916387
     1078.8531833964
     1085.1806954891
     1091.6216700353
     1098.1807994177
     1104.8631677725
      1111.674299195
     1118.6202140498
     1125.7074951354
      1132.943365919
     1140.3357836755
     1147.8935511964
     1155.6264518565
     1163.5454143703
     1171.6627157249
     1179.9922338215
     1188.5497657602
     1197.3534341591
     1206.4242136219
     1215.7866244231
     1225.4696641739
     1235.5080869434
     1245.9442049223
     1256.8305037232
     1268.2335780621
     1280.2403202871
     1292.9681990056
     1306.5835754274
     1321.3375640411
     1337.6462625534
     1356.3116108428
      1379.416061637
