5.4
     2.9999260336802
     6.9996302260515
     10.999105664276
     14.998701941235
     19.005170218985
     23.075569111103
     27.408861470726
     32.280426903307
     37.842063579442
      44.12277053424
     51.114377508561
     58.805753872494
     67.188508958567
     76.256727927096
     86.006150365675
     96.433566716058
      107.5364336395
     119.31263321558
     131.76032020634
     144.87782308581
     158.66357843313
     173.11608648328
     188.23388040061
     204.01550464684
     220.45949949923
     237.56438980566
     255.32867670909
      273.7508314858
     292.82929091044
     312.56245373876
     332.94867801868
     353.98627902251
     375.67352764997
     398.00864919175
      420.9898223719
     444.61517860773
      468.8828014411
     493.79072610571
     519.33693920329
     545.51937846786
     572.33593260138
     599.78444116826
     627.86269453827
     656.56843386995
     685.89935112797
     715.85308912914
     746.42724161311
     777.61935333405
     809.42692017057
     841.84738925179
     874.87815909737
     908.51657977017
     942.75995303991
     977.60553255722
     1013.0505240367
     1049.0920854484
     1085.7273272172
     1122.9533124293
     1160.7670570451
     1199.1655301193
     1238.1456540262
     1277.7043046908
     1317.8383118251
     1358.5444591707
     1399.8194847447
      1441.660081092
     1484.0628955406
     1527.0245304634
     1570.5415435422
      1614.610448038
     1659.2277130638
     1704.3897638627
     1750.0929820896
     1796.3337060962
     1843.1082312209
     1890.4128100821
     1938.2436528745
     1986.5969276706
     2035.4687607242
     2084.8552367788
     2134.7523993785
     2185.1562511831
     2236.0627542864
      2287.467830538
     2339.3673618678
     2391.7571906152
     2444.6331198601
     2497.9909137581
     2551.8262978787
     2606.1349595461
     2660.9125481845
      2716.154675665
      2771.856916656
      2828.014808978
     2884.6238539588
     2941.6795167942
     2999.1772269105
     3057.1123783292
     3115.4803300363
     3174.2764063531
       3233.49589731
     3293.1340590239
     3353.1861140773
     3413.6472519003
     3474.5126291565
     3535.7773701294
     3597.4365671137
     3659.4852808071
     3721.9185407066
     3784.7313455053
     3847.9186634937
     3911.4754329619
     3975.3965626051
      4039.676931931
     4104.3113916695
     4169.2947641859
     4234.6218438939
     4300.2873976743
     4366.2861652919
     4432.6128598186
     4499.2621680553
     4566.2287509583
     4633.5072440662
     4701.0922579297
     4768.9783785433
     4837.1601677786
     4905.6321638198
     4974.3888816013
     5043.4248132469
     5112.7344285106
     5182.3121752197
     5252.1524797195
     5322.2497473199
     5392.5983627426
     5463.1926905717
     5534.0270757048
     5605.0958438055
     5676.3933017585
     5747.9137381249
     5819.6514236004
     5891.6006114733
     5963.7555380856
     6036.1104232937
     6108.6594709327
      6181.396869279
     6254.3167915171
     6327.4133962057
     6400.6808277458
     6474.1132168493
     6547.7046810098
     6621.4493249731
     6695.3412412097
     6769.3745103883
     6843.5432018491
     6917.8413740797
     6992.2630751905
     7066.8023433915
     7141.4532074703
     7216.2096872695
     7291.0657941667
     7366.0155315536
     7441.0528953163
     7516.1718743168
     7591.3664508738
     7666.6306012452
     7741.9582961103
     7817.3435010535
     7892.7801770465
     7968.2622809329
     8043.7837659124
     8119.3385820244
     8194.9206766333
     8270.5239949131
     8346.1424803325
     8421.7700751398
     8497.4007208487
     8573.0283587232
      8648.646930263
      8724.250377689
     8799.8326444281
     8875.3876755993
     8950.9094184976
     9026.3918230801
     9101.8288424494
      9177.214433339
     9252.5425565967
     9327.8071776691
     9403.0022670843
     9478.1218009358
     9553.1597613639
     9628.1101370388
     9702.9669236417
      9777.724124346
     9852.3757502975
     9926.9158210943
     10001.338365266
     10075.637420752
     10149.807035378
     10223.841267336
     10297.734185657
     10371.479870687
     10445.072414563
     10518.505921683
     10591.774509181
     10664.872307398
     10737.793460352
     10810.532126205
     10883.082477735
     10955.438702799
     11027.595004801
     11099.545603156
     11171.284733753
     11242.806649415
     11314.105620361
     11385.175934668
     11456.011898722
      11526.60783768
      11596.95809592
     11667.057037499
       11736.8990466
     11806.478527984
     11875.789907439
     11944.827632224
     12013.586171517
     12082.060016856
     12150.243682578
     12218.131706266
     12285.718649177
     12352.999096686
     12419.967658714
     12486.618970162
     12552.947691341
       12618.9485084
     12684.616133749
     12749.945306488
     12814.930792821
     12879.567386481
     12943.849909147
     13007.773210852
     13071.332170406
     13134.521695795
     13197.336724599
     13259.772224391
     13321.823193139
     13383.484659614
      13444.75168378
     13505.619357194
     13566.082803398
     13626.137178308
     13685.777670606
      13744.99950212
     13803.797928209
     13862.168238143
     13920.105755479
     13977.605838438
     14034.663880271
     14091.275309633
     14147.435590946
     14203.140224763
     14258.384748127
     14313.164734926
     14367.475796253
      14421.31358075
     14474.673774959
     14527.552103668
     14579.944330249
     14631.846256998
     14683.253725473
     14734.162616819
     14784.568852105
     14834.468392641
     14883.857240307
     14932.731437867
     14981.087069286
     15028.920260039
     15076.227177423
      15123.00403086
     15169.247072195
     15214.952595995
     15260.116939846
     15304.736484637
     15348.807654846
     15392.326918827
     15435.290789083
     15477.695822541
     15519.538620821
     15560.815830504
     15601.524143388
     15641.660296747
     15681.221073585
     15720.203302878
     15758.603859818
     15796.419666051
     15833.647689906
     15870.284946623
      15906.32849857
     15941.775455458
     15976.622974546
     16010.868260843
     16044.508567299
     16077.541194985
     16109.963493272
     16141.772859992
     16172.966741594
     16203.542633281
     16233.498079142
      16262.83067226
     16291.538054805
     16319.617918113
     16347.068002729
     16373.886098434
     16400.070044232
     16425.617728304
      16450.52708791
     16474.796109246
     16498.422827223
     16521.405325171
     16543.741734446
     16565.430233906
     16586.469049238
     16606.856452093
     16626.590758968
      16645.67032978
     16664.093566033
     16681.858908457
     16698.964833955
     16715.409851627
      16731.19249756
     16746.311327946
     16760.764909882
     16774.551808962
     16787.670572322
      16800.11970513
     16811.897637504
     16823.002677095
     16833.432939781
     16843.186245976
     16852.259961329
      16860.65074417
     16868.354129558
     16875.363811065
     16881.670321875
     16887.258398053
     16892.100987348
      16896.14343396
     16899.333687377
     16902.276747946
     16906.097521695
     16911.221826047
     16918.369871207
