3.8
     3.0000809175237
     7.0103157328519
      11.18105368161
     16.044469114891
     22.123599964499
     29.576867123646
     38.415315872763
     48.631735694709
     60.220187317392
     73.176648324156
     87.498229582998
     103.18264240468
     120.22790098683
     138.63215781768
     158.39361020037
      179.5104453656
     201.98080716872
      225.8027752686
     250.97435176033
     277.49345239376
     305.35790069148
      334.5654239464
     365.11365046578
     397.00010765971
     430.22222071266
      464.7773116654
     500.66259879074
     537.87519618309
     576.41211350637
     616.27025586102
     657.44642374195
     699.93731306733
     743.73951526313
     788.84951739258
     835.26370232223
     882.97834891846
     931.98963226968
     982.29362393068
     1033.8862921861
     1086.7635023314
     1140.9210169682
     1196.3544963154
     1253.0594985313
     1311.0314800486
     1370.2657959217
     1430.7577001825
      1492.502346209
     1555.4947871019
     1619.7299760716
     1685.2027668348
     1751.9079140193
      1819.840073578
     1888.9938032125
     1959.3635628036
     2030.9437148514
     2103.7285249236
     2177.7121621112
     2252.8886994938
     2329.2521146108
     2406.7962899423
     2485.5150133977
     2565.4019788106
     2646.4507864434
      2728.654943498
     2812.0078646351
     2896.5028725004
     2982.1331982587
      3068.891982135
     3156.7722739635
     3245.7670337435
      3335.869132203
     3427.0713513686
     3519.3663851436
      3612.746839893
     3707.2052350347
     3802.7340036388
     3899.3254930335
     3996.9719654172
     4095.6655984789
     4195.3984860235
     4296.1626386059
     4397.9499841701
     4500.7523686957
     4604.5615568514
     4709.3692326533
     4815.1670001326
     4921.9463840065
     5029.6988303578
     5138.4157073197
     5248.0883057672
     5358.7078400145
     5470.2654485191
     5582.7521945908
     5696.1590671085
     5810.4769812409
     5925.6967791751
     6041.8092308493
     6158.8050346929
     6276.6748183705
     6395.4091395341
      6514.998486578
     6635.4332794013
     6756.7038701754
     6878.8005441167
     7001.7135202645
     7125.4329522648
     7249.9489291588
     7375.2514761771
      7501.330555538
     7628.1760672524
     7755.7778499325
     7884.1256816054
     8013.2092805328
     8143.0183060332
     8273.5423593119
     8404.7709842928
     8536.6936684561
      8669.299843681
     8802.5788870917
     8936.5201219084
     9071.1128183031
     9206.3461942582
     9342.2094164309
     9478.6916010207
     9615.7818146415
     9753.4690751969
     9891.7423527609
      10030.59057046
     10170.002605362
     10309.967289366
     10450.473410098
     10591.509711808
     10733.064896271
     10875.127623696
     11017.686513628
     11160.730145867
     11304.247061376
     11448.225763203
     11592.654717401
     11737.522353952
     11882.817067695
     12028.527219251
     12174.641135963
     12321.147112823
     12468.033413415
     12615.288270856
     12762.899888732
      12910.85644205
     13059.146078182
     13207.756917816
     13356.677055903
     13505.894562619
     13655.397484313
     13805.173844469
     13955.211644663
     14105.498865524
     14256.023467701
     14406.773392823
     14557.736564465
     14708.900889118
     14860.254257159
     15011.784543813
     15163.479610135
     15315.327303976
     15467.315460956
     15619.431905443
     15771.664451525
     15924.000903984
     16076.429059282
     16228.936706526
     16381.511628457
     16534.141602422
     16686.814401356
     16839.517794763
     16992.239549691
     17144.967431715
      17297.68920592
     17450.392637874
     17603.065494615
     17755.695545625
     17908.270563817
     18060.778326505
     18213.206616394
      18365.54322255
     18517.775941381
     18669.892577616
     18821.880945282
     18973.728868677
      19125.42418335
     19276.954737071
     19428.308390807
     19579.473019695
     19730.436514012
     19881.186780146
     20031.711741561
     20181.999339773
     20332.037535307
     20481.814308666
     20631.317661295
     20780.535616537
     20929.456220597
     21078.067543502
     21226.357680048
     21374.314750762
     21521.926902848
     21669.182311142
     21816.069179054
     21962.575739518
     22108.690255929
     22254.401023088
     22399.696368138
       22544.5646515
     22688.994267802
     22832.973646814
     22976.491254371
     23119.535593298
     23262.095204331
     23404.158667038
     23545.714600727
     23686.751665366
     23827.258562485
     23967.224036083
     24106.636873533
     24245.485906474
     24383.760011712
     24521.448112107
     24658.539177463
     24795.022225408
     24930.886322278
     25066.120583991
     25200.714176919
     25334.656318754
     25467.936279377
     25600.543381711
     25732.467002582
     25863.696573568
     25994.221581841
     26124.031571019
     26253.116141995
     26381.464953774
       26509.0677243
     26635.914231283
     26761.994313013
     26887.297869174
     27011.814861661
     27135.535315375
     27258.449319026
     27380.547025928
     27501.818654785
     27622.254490476
     27741.844884837
     27860.580257424
     27978.451096293
      28095.44795875
     28211.561472119
     28326.782334481
      28441.10131543
     28554.509256804
     28666.997073425
     28778.555753821
     28889.176360952
     28998.850032926
     29107.567983705
     29215.321503812
     29322.101961029
     29427.900801085
     29532.709548346
     29636.519806489
     29739.323259179
      29841.11167073
     29941.876886769
     30041.610834887
     30140.305525287
     30237.953051422
     30334.545590629
     30430.075404754
     30524.534840774
     30617.916331409
     30710.212395726
     30801.415639741
     30891.518757007
     30980.514529202
     31068.395826706
     31155.155609169
      31240.78692608
     31325.282917315
     31408.636813692
     31490.841937511
     31571.891703086
     31651.779617272
     31730.499279983
     31808.044384708
     31884.408719005
     31959.586165008
     32033.570699905
     32106.356396424
       32177.9374233
     32248.308045746
       32317.4626259
     32385.395623281
      32452.10159522
     32517.575197296
     32581.811183755
     32644.804407924
     32706.549822615
     32767.042480518
     32826.277534587
     32884.250238416
     32940.955946601
     32996.390115094
     33050.548301551
     33103.426165657
     33155.019469443
     33205.324077595
     33254.335957738
     33302.051180712
     33348.465920819
      33393.57645606
     33437.379168337
     33479.870543637
     33521.047172165
     33560.905748453
     33599.443071404
      33636.65604428
     33672.541674599
     33707.097073934
      33740.31945757
     33772.206143978
     33802.754554039
     33831.962209933
     33859.826733547
     33886.345844222
     33911.517355533
     33935.339170658
     33957.809275628
     33978.925729334
      33998.68664845
     34017.090184142
     34034.134485106
     34049.817637042
     34064.137559745
     34077.091824263
     34088.677310123
       34098.8895184
     34107.721070609
     34115.158010554
     34121.168853601
     34125.679850352
     34129.150647231
      34133.94173772
