4.5
      2.999949243458
     6.9998677738401
     11.005114110283
     15.086429498434
     19.540735891824
     24.777507624947
     30.991633044601
     38.211658721025
     46.429344042482
      55.63551002601
     65.823754145708
     76.989693700644
     89.130155721609
      102.2426702749
     116.32517369036
     131.37583342714
     147.39294211025
     164.37485157987
     182.31993070643
     201.22653772075
        221.09300165
     241.91760961047
     263.69859795431
      286.4341460061
     310.12237157348
     334.76132769474
     360.34900026281
      386.8833062801
     414.36209257354
     442.78313485003
     472.14413700706
     502.44273063662
     533.67647467763
     565.84285518358
     598.93928518068
     632.96310459785
     667.91158025451
      703.7819058953
     740.57120226332
     778.27651720554
     816.89482580515
     856.42303053696
     896.85796144258
     938.19637632295
     980.43496094602
     1023.5703292682
     1067.5990236677
     1112.5175151898
     1158.3222038012
     1205.0094186551
     1252.5754183645
     1301.0163912841
     1350.3284557999
     1400.5076606268
     1451.5499851135
     1503.4513395537
     1556.2075655048
     1609.8144361134
     1664.2676564462
     1719.5628638281
     1775.6956281859
     1832.6614523985
     1890.4557726527
     1949.0739588045
      2008.511314747
      2068.763078783
     2129.8244240039
     2191.6904586734
     2254.3562266178
     2317.8167076201
     2382.0668178209
     2447.1014101238
     2512.9152746058
     2579.5031389337
     2646.8596687852
     2714.9794682744
     2783.8570803839
     2853.4869874003
     2923.8636113554
     2994.9813144725
     3066.8343996172
     3139.4171107527
     3212.7236334007
     3286.7480951065
     3361.4845659085
     3436.9270588133
     3513.0695302746
     3589.9058806766
     3667.4299548226
     3745.6355424275
      3824.516378615
     3904.0661444192
     3984.2784672902
     4065.1469216048
     4146.6650291802
     4228.8262597936
     4311.6240317042
     4395.0517121811
     4479.1026180337
     4563.7700161469
      4649.047124021
     4734.9271103139
     4821.4030953889
     4908.4681518651
     4996.1153051726
     5084.3375341109
     5173.1277714112
     5262.4789043022
     5352.3837750803
     5442.8351816821
     5533.8258782622
     5625.3485757725
     5717.3959425467
      5809.960604887
     5903.0351476555
     5996.6121148671
     6090.6840102875
      6185.243298033
     6280.2824031746
     6375.7937123444
     6471.7695743457
     6568.2023007653
       6665.08416659
     6762.4074108249
     6860.1642371154
     6958.3468143712
     7056.9472773939
      7155.957727507
     7255.3702331886
     7355.1768307062
     7455.3695247557
     7555.9402891008
     7656.8810672162
      7758.183772933
     7859.8402910867
     7961.8424781668
     8064.1821629692
     8166.8511472511
     8269.8412063869
     8373.1440900283
     8476.7515227634
     8580.6552047816
     8684.8468125366
     8789.3179994147
     8894.0603964021
     8999.0656127562
     9104.3252366772
     9209.8308359823
     9315.5739587809
     9421.5461341516
      9527.738872821
     9634.1436678437
     9740.7519952835
     9847.5553148961
     9954.5450708142
     10061.712692231
      10169.04959409
     10276.547177768
     10384.196831769
      10491.98993241
     10599.917844513
     10707.971922099
     10816.143509078
     10924.423939941
      11032.80454046
     11141.276628377
     11249.831514101
     11358.460501407
     11467.154888129
     11575.905966858
     11684.705025641
     11793.543348679
     11902.412217021
     12011.302909269
     12120.206702271
     12229.114871823
     12338.018693367
      12446.90944269
     12555.778396623
     12664.616833737
     12773.416035048
      12882.16728471
     12990.861870714
     13099.491085588
     13208.046227093
     13316.518598921
     13424.899511391
     13533.180282144
     13641.352236842
     13749.406709859
     13857.335044978
     13965.128596083
     14072.778727852
     14180.276816449
     14287.614250214
     14394.782430356
     14501.772771635
     14608.576703059
     14715.185668562
     14821.591127697
     14927.784556312
     15033.757447241
      15139.50131098
     15245.007676371
     15350.268091275
     15455.274123256
     15560.017360252
      15664.48941125
     15768.681906958
     15872.586500477
     15976.194867969
     16079.498709321
     16182.489748813
     16285.159735783
     16387.500445282
     16489.503678737
     16591.161264607
      16692.46505904
     16793.406946519
      16893.97884052
     16994.172684152
     17093.980450811
     17193.394144815
     17292.405802049
     17391.007490603
     17489.191311405
     17586.949398858
     17684.273921464
     17781.157082456
     17877.591120424
      17973.56830993
     18069.080962134
     18164.121425407
     18258.682085942
     18352.755368368
     18446.333736354
     18539.409693213
     18631.975782505
     18724.024588631
     18815.548737428
     18906.540896762
     18996.993777111
     19086.900132156
     19176.252759352
     19265.044500513
     19353.268242381
     19440.916917199
     19527.983503272
     19614.461025537
     19700.342556114
     19785.621214866
     19870.290169949
     19954.342638358
     20037.771886471
     20120.571230588
     20202.734037467
     20284.253724856
     20365.123762017
     20445.337670252
     20524.889023422
      20603.77144846
     20681.978625881
     20759.504290289
      20836.34223088
     20912.486291935
     20987.930373319
     21062.668430963
     21136.694477353
     21210.002582007
     21282.586871947
     21354.441532175
     21425.560806133
     21495.938996166
     21565.570463978
      21634.44963108
     21702.570979241
     21769.929050925
      21836.51844973
     21902.333840816
     21967.369951336
     22031.621570851
     22095.083551753
     22157.750809668
     22219.618323869
     22280.681137672
     22340.934358829
     22400.373159925
     22458.992778754
     22516.788518701
     22573.755749115
     22629.889905677
     22685.186490759
      22739.64107378
     22793.249291559
     22846.006848654
     22897.909517702
      22948.95313975
     22999.133624577
     23048.446951014
     23096.889167258
     23144.456391168
     23191.144810569
     23236.950683534
     23281.870338672
     23325.900175392
     23369.036664173
      23411.27634681
     23452.615836663
     23493.051818883
     23532.581050631
     23571.200361286
     23608.906652626
     23645.696899006
     23681.568147503
     23716.517518041
     23750.542203493
     23783.639469742
     23815.806655707
     23847.041173317
      23877.34050743
     23906.702215674
       23935.1239282
     23962.603347307
     23989.138246935
     24014.726471944
      24039.36593715
     24063.054626019
     24085.790588907
     24107.571940686
     24128.396857523
     24148.263572472
     24167.170369398
     24185.115574482
     24202.097544187
      24218.11464793
      24233.16524266
     24247.247634752
     24260.360021475
     24272.500398507
     24283.666408907
     24293.855086665
     24303.062400204
     24311.282390441
     24318.505413127
     24324.714146247
     24329.872874857
     24333.905009409
     24337.077811829
     24340.958839396
      24346.86400092
