9
     2.9997945278643
     6.9989725616063
     10.997492849264
     14.995355228441
     18.992559536607
     22.989105611098
     26.984993289116
     30.980222407729
     34.974792803872
     38.968704314405
     42.961956777998
     46.954550079423
     50.946484939473
     54.937773564274
     58.928547086559
     62.919846969568
      66.91765918559
     70.945588081451
     75.062985588147
     79.358665594232
     83.908426361952
     88.747328992981
     93.880013543117
     99.299346298668
      104.9962093177
     110.96254567384
     117.19183208921
     123.67886927522
     130.41947787466
     137.41024096408
      144.6483098744
     152.13126221654
     159.85699836368
     167.82366538035
     176.02960046183
     184.47328833793
     193.15332878445
     202.06841154462
     211.21729675309
     220.59879949767
     230.21177752911
     240.05512139288
     250.12774644322
     260.42858633416
     270.95658767974
     281.71070564722
     292.68990030079
     303.89313355283
     315.31936661075
      326.9675578302
     338.83666090357
     350.92562332688
     363.23338509845
     375.75887761218
     388.50102271445
     401.45873189944
     414.63090562205
     428.01643271099
     441.61418986771
     455.42304123902
     469.44183805328
     483.66941831157
      498.1046065266
     512.74621350323
     527.59303615528
     542.64385735427
      557.8974458061
     573.35255595245
     589.00792789405
     604.86228733331
     620.91434553423
     637.16279929759
      653.6063309501
     670.24360834574
     687.07328487821
     704.09399950362
     721.30437677203
     738.70302686722
     756.28854565428
     774.05951473357
      792.0145015013
     810.15205921569
     828.47072706843
     846.96903026104
     865.64548008569
     884.49857401022
     903.52679576701
     922.72861544555
     942.10248958825
     961.64686128953
     981.36016029783
     1001.2408031205
      1021.287193131
     1041.4977206791
     1061.8707632031
     1082.4046853444
     1103.0978390638
     1123.9485637609
      1144.955186394
      1166.116021603
     1187.4293718334
     1208.8935274627
     1230.5067669273
     1252.2673568523
     1274.1735521817
     1296.2235963107
     1318.4157212195
     1340.7481476077
      1363.219085031
     1385.8267320384
     1408.5692763112
     1431.4448948025
      1454.451753879
     1477.5880094627
     1500.8518071744
     1524.2412824783
     1547.7545608274
     1571.3897578099
     1595.1449792968
     1619.0183215904
     1643.0078715737
     1667.1117068605
      1691.327895947
     1715.6544983636
     1740.0895648282
     1764.6311373996
     1789.2772496323
     1814.0259267319
     1838.8751857114
     1863.8230355479
     1888.8674773403
      1914.006504468
     1939.2381027495
     1964.5602506027
     1989.9709192049
     2015.4680726542
     2041.0496681311
     2066.7136560607
      2092.457980276
     2118.2805781812
     2144.1793809159
     2170.1523135195
     2196.1972950967
      2222.312238983
     2248.4950529112
     2274.7436391777
     2301.0558948099
     2327.4297117338
     2353.8629769422
      2380.353572663
     2406.8993765282
     2433.4982617431
     2460.1480972565
       2486.84674793
     2513.5920747091
     2540.3819347934
     2567.2141818082
     2594.0866659755
     2620.9972342859
     2647.9437306704
     2674.9239961728
      2701.935869122
      2728.977185305
     2756.0457781392
     2783.1394788465
     2810.2561166257
     2837.3935188264
     2864.5495111228
     2891.7219176873
     2918.9085613644
     2946.1072638449
     2973.3158458398
     3000.5321272551
     3027.7539273654
     3054.9790649888
      3082.205358661
     3109.4306268101
     3136.6526879305
      3163.869360758
     3191.0784644438
      3218.277818729
     3245.4652441193
     3272.6385620585
     3299.7955951038
     3326.9341670992
     3354.0521033497
     3381.1472307952
     3408.2173781847
     3435.2603762494
     3462.2740578763
     3489.2562582817
     3516.2048151843
     3543.1175689781
     3569.9923629048
     3596.8270432264
     3623.6194593979
     3650.3674642385
     3677.0689141034
     3703.7216690559
     3730.3235930371
     3756.8725540382
     3783.3664242695
     3809.8030803313
     3836.1804033833
     3862.4962793136
     3888.7485989082
     3914.9352580189
     3941.0541577315
     3967.1032045336
     3993.0803104814
     4018.9833933665
     4044.8103768823
     4070.5591907891
     4096.2277710796
     4121.8140601437
      4147.316006932
     4172.7315671197
     4198.0587032692
     4223.2953849926
     4248.4395891132
     4273.4892998267
     4298.4425088613
     4323.2972156377
     4348.0514274278
     4372.7031595134
     4397.2504353435
     4421.6912866911
     4446.0237538096
     4470.2458855879
      4494.355739705
     4518.3513827833
     4542.2308905426
     4565.9923479507
     4589.6338493753
     4613.1534987343
      4636.549409645
     4659.8197055723
     4682.9625199762
     4705.9759964583
     4728.8582889073
     4751.6075616431
     4774.2219895604
     4796.6997582705
     4819.0390642426
     4841.2381149437
     4863.2951289774
      4885.208336221
     4906.9759779623
     4928.5963070338
     4950.0675879467
     4971.3880970232
     4992.5561225268
     5013.5699647917
     5034.4279363508
     5055.1283620612
      5075.669579229
     5096.0499377323
     5116.2678001415
     5136.3215418386
     5156.2095511344
     5175.9302293833
     5195.4819910963
     5214.8632640517
      5234.072489403
      5253.108121785
     5271.9686294165
     5290.6524942011
     5309.1582118241
     5327.4842918469
     5345.6292577973
     5363.5916472574
     5381.3700119466
     5398.9629178008
     5416.3689450473
     5433.5866882748
     5450.6147564982
      5467.451773218
     5484.0963764732
     5500.5472188884
     5516.8029677123
     5532.8623048502
     5548.7239268859
     5564.3865450956
     5579.8488854501
     5595.1096886064
     5610.1677098859
     5625.0217192382
     5639.6705011897
     5654.1128547735
     5668.3475934402
      5682.373544946
     5696.1895512159
     5709.7944681786
     5723.1871655695
      5736.366526697
     5749.3314481684
     5762.0808395681
     5774.6136230821
     5786.9287330616
     5799.0251155154
     5810.9017275198
     5822.5575365359
     5833.9915196155
     5845.2026624807
     5856.1899584533
     5866.9524072105
     5877.4890133341
     5887.7987846173
     5897.8807300831
     5907.7338576593
      5917.357171443
     5926.7496684715
     5935.9103348954
     5944.8381414283
     5953.5320379093
     5961.9909467757
     5970.2137551877
     5978.1993054696
     5985.9463834363
     5993.4537040371
     6000.7198935632
     6007.7434674088
     6014.5228020047
     6021.0560990154
     6027.3413391005
      6033.376221359
     6039.1580827163
     6044.6837885549
      6049.949580933
     6054.9508621309
      6059.681875473
     6064.1352144834
     6068.3010259558
     6072.1656182194
     6075.7087664622
     6078.8977242734
     6081.6776367469
     6084.0615731871
     6086.4685410263
     6089.3072853169
      6092.600919847
     6096.3223980733
     6100.4742247293
     6105.0819029574
     6110.1936917424
     6115.8876958309
     6122.2893782203
     6129.6128016122
     6138.2753090496
     6149.3614129129
