35
     2.9968892943237
     6.9844285541641
     10.961959061634
     14.929442679381
     18.886840782154
     22.834114246428
     26.771223439709
     30.698128209524
     34.614787872075
     38.521161200548
     42.417206413061
      46.30288116024
     50.178142512398
     54.042946946317
     57.897250331607
     61.741007916621
     65.574174313922
     69.396703485259
     73.208548726064
     77.009662649418
      80.79999716948
     84.579503484363
       88.3481320584
     92.105832603825
      95.85255406178
     99.588244582684
     103.31285150587
     107.02632133853
     110.72859973381
     114.41963146824
     118.09936041817
     121.76772953543
     125.42468082201
     129.07015530382
     132.70409300337
     136.32643291142
     139.93711295752
     143.53606997933
     147.12323969073
     150.69855664861
     154.26195421829
     157.81336453747
     161.35271847873
     164.87994561027
     168.39497415514
     171.89773094851
     175.38814139312
     178.86612941276
     182.33161740353
     185.78452618293
     189.22477493651
     192.65228116209
     196.06696061117
     199.46872722763
     202.85749308325
     206.23316831016
     209.59566102979
     212.94487727814
     216.28072092724
     219.60309360239
     222.91189459494
     226.20702077041
     227.44471048048
     229.48836647144
     232.75582341531
     236.00928058562
     239.24862411773
     242.47373717736
     245.68449983203
     248.88078891455
     252.06247787819
     255.22943664266
     258.38153143016
     261.51862459086
      264.6405744167
     267.74723494259
     270.83845573396
     273.91408165928
     276.97395264641
     280.01790342098
     283.04576322544
     286.05735551649
     289.05249763917
     292.03100047496
     294.99266806127
     297.93729717935
     300.86467690714
     303.77458813317
     306.66680302715
     309.54108446211
     312.39718538236
     315.23484811064
      318.0538035868
     320.85377052905
      323.6344545077
     326.39554691911
     329.13672384607
     331.85764478785
     334.55795124045
      337.2372651038
     339.89518688818
     342.53129368628
     345.14513687082
     347.73623946837
      350.3040931492
     352.84815475877
     355.36784229824
     357.86253023734
     360.33154401218
     362.77415351836
     365.18956535393
     367.57691348959
     369.93524793695
     372.26352083387
     374.56056914894
      376.8250928851
     379.05562717857
     381.25050593715
     383.40781345756
     385.52531845947
     387.60038149842
     389.62982036125
     391.60970565776
     393.53503281023
     395.39915860704
     397.19277692505
      398.9023186905
     400.51130524256
     402.02516896364
      403.5205867703
     405.09548793713
     406.77702764524
     408.55174954741
      410.4046599253
     412.32536350042
     414.30662635587
     416.34312912245
     418.43077725254
     420.56630976819
     422.74706124547
     424.97080807692
     427.23566436135
     429.54000868143
       431.882430984
     434.26169303414
     436.67669832137
     439.12646872274
     441.61012610695
     444.12687762311
     446.67600378578
     449.25684871476
     451.86881205826
     454.51134224759
     457.18393081689
     459.88610758346
      462.6174365297
     465.37751226239
     468.16595695029
     470.98241766106
     473.82656403401
     476.69808623654
     479.59669316211
     482.52211083457
     485.47408098992
     488.45235981131
     491.45671679678
     494.48693374278
     497.54280382884
     500.62413079097
     503.73072817325
     506.86241864849
     510.01903340011
     513.20041155846
     516.40639968555
     519.63685130336
     522.89162646079
      526.1705913357
     529.47361786835
     532.80058342314
     536.15137047621
     539.52586632616
     542.92396282595
     546.34555613409
     549.79054648325
     553.25883796503
     556.75033832923
     560.26495879666
     563.80261388416
       567.363221241
     570.94670149571
     574.55297811245
     578.18197725627
     581.83362766661
     585.50786053823
     589.20460940934
     592.92381005614
     596.66540039335
     600.42932038052
     604.21551193339
     608.02391884027
     611.85448668289
     615.70716276146
     619.58189602378
     623.47863699799
     627.39733772881
     631.33795171701
     635.30043386198
     639.28474040708
     643.29082888774
     647.31865808208
     651.36818796385
     655.43937965766
      659.5321953963
     663.64659848002
     667.78255323775
     671.94002498998
     676.11898001342
     680.31938550719
     684.54120956044
     688.78442112152
     693.04898996834
     697.33488668014
     701.64208261034
     705.97054986059
     710.32026125588
     714.69119032071
     719.08331125619
     723.49659891812
     727.93102879585
     732.38657699215
     736.86322020369
      741.3609357024
     745.87970131754
     750.41949541844
     754.98029689784
     759.56208515604
     764.16484008539
     768.78854205561
     773.43317189948
     778.09871089909
     782.78514077268
     787.49244366184
     792.22060211921
     796.96959909666
     801.73941793382
     806.53004234706
     811.34145641881
     816.17364458732
     821.02659163666
     825.90028268722
     830.79470318635
     835.70983889942
     840.64567590121
     845.60220056752
     850.57939956699
     855.57725985341
     860.59576865803
     865.63491348227
      870.6946820906
     875.77506250372
     880.87604299186
     885.99761206833
      891.1397584833
     896.30247121776
     901.48573947764
     906.68955268811
     911.91390048813
     917.15877272502
      922.4241594494
     927.71005091001
     933.01643754902
     938.34330999715
     943.69065906913
     949.05847575924
     954.44675123703
     959.85547684305
     965.28464408481
     970.73424463278
     976.20427031664
     981.69471312138
     987.20556518384
     992.73681878902
     998.28846636679
     1003.8605004884
     1009.4529138634
     1015.0656993364
     1020.6988498838
     1026.3523586113
     1032.0262187506
     1037.7204236565
     1043.4349668045
     1049.1698417879
     1054.9250423152
     1060.7005622077
     1066.4963953968
     1072.3125359218
     1078.1489779273
     1084.0057156614
      1089.882743473
     1095.7800558098
     1101.6976472162
     1107.6355123315
     1113.5936458883
     1119.5720427147
     1125.5706977501
     1131.5896061294
     1137.6287635606
     1143.6881679029
     1149.7678253014
     1155.8677722844
     1161.9881488192
     1168.1294170125
      1174.292941736
     1180.4823125441
     1186.7057773819
     1192.9794542552
      1199.329329185
     1205.7890439685
     1212.3930195858
     1219.1691007572
     1226.1354013616
      1233.301730141
     1240.6728814944
     1248.2515333653
     1256.0400731831
     1264.0415501089
      1272.260117161
      1280.701229681
     1289.3717508392
      1298.280040275
      1307.436063372
     1316.8515415567
     1326.5401582685
     1336.5178355927
        1346.8031008
     1357.4175698173
     1368.3865868864
     1379.7400786193
     1391.5137105914
     1403.7504834061
     1416.5029877085
     1429.8366834174
     1443.8348393071
     1458.6063035859
     1474.2984118219
     1491.1199869373
     1509.3863606422
     1529.6200693879
     1552.8279546891
     1581.6231912527
