5
     2.9999365932696
     6.9996853653294
     10.999423595611
     15.004414681356
     19.070726954233
     23.422125950642
     28.386935225164
     34.145668475437
     40.731874057799
     48.137718542447
     56.352590370694
     65.368713047076
     75.180700233204
     85.784697071253
     97.177788222394
     109.35763404732
     122.32224880357
     136.06986298009
     150.59883574845
     165.90759788766
     181.99461369649
     198.85835502882
     216.49728324997
     234.90983648029
     254.09442043795
     274.04940177651
     294.77310318048
      316.2637997189
     338.51971611177
     361.53902466787
     385.31984372229
     409.86023645035
     435.15820996813
     461.21171465336
     488.01864363789
     515.57683243448
     543.88405867015
     572.93804190488
     602.73644351885
     633.27686665593
     664.55685621307
     696.57389886793
     729.32542313849
      762.8087994698
     797.02134034373
     831.96030040854
     867.62287662587
     904.00620843292
     941.10737791797
     978.92341000797
     1017.4512726671
      1056.687877105
     1096.6300779943
     1137.2746736964
     1178.6184064951
     1220.6579628376
      1263.389973582
      1306.811014252
     1350.9176052979
     1395.7062123623
     1441.1732465532
      1487.315064722
     1534.1279697464
     1581.6082108192
     1629.7519837423
     1678.5554312247
     1728.0146431867
      1778.125657068
     1828.8844581404
     1880.2869798259
     1932.3291040187
     1985.0066614119
      2038.315431828
     2092.2511445551
     2146.8094786862
     2201.9860634628
     2257.7764786237
     2314.1762547565
     2371.1808736544
     2428.7857686764
     2486.9863251119
     2545.7778805486
     2605.1557252452
     2665.1151025077
     2725.6512090687
     2786.7591954719
     2848.4341664595
     2910.6711813635
     2973.4652545005
     3036.8113555709
     3100.7044100606
     3165.1392996474
     3230.1108626101
     3295.6138942417
     3361.6431472656
     3428.1933322555
     3495.2591180591
     3562.8351322241
     3630.9159614287
     3699.4961519144
     3768.5702099232
     3838.1326021367
     3908.1777561195
     3978.7000607648
     4049.6938667444
     4121.1534869602
     4193.0731970001
     4265.4472355958
     4338.2698050844
      4411.535071873
     4485.2371669049
     4559.3701861306
     4633.9281909795
     4708.9052088362
     4784.2952335187
      4860.092225759
     4936.2901136872
     5012.8827933173
     5089.8641290364
     5167.2279540958
     5244.9680711053
     5323.0782525286
     5401.5522411833
     5480.3837507411
     5559.5664662314
     5639.0940445476
     5718.9601149546
      5799.158279599
     5879.6821140219
     5960.5251676732
     6041.6809644284
     6123.1430031072
      6204.904757994
     6286.9596793609
     6369.3011939922
     6451.9227057112
     6534.8175959076
     6617.9792240686
     6701.4009283104
     6785.0760259117
     6868.9978138494
     6953.1595693348
     7037.5545503527
     7122.1759962012
     7207.0171280333
     7292.0711493997
     7377.3312467934
     7462.7905901953
     7548.4423336215
     7634.2796156716
     7720.2955600781
     7806.4832762575
     7892.8358598617
     7979.3463933323
     8066.0079464531
     8152.8135769063
     8239.7563308284
     8326.8292433669
     8414.0253392388
     8501.3376332887
     8588.7591310486
     8676.2828292985
     8763.9017166268
     8851.6087739927
     8939.3969752874
     9027.2592878984
      9115.188673271
      9203.178087474
     9291.2204817625
     9379.3088031437
     9467.4359949405
     9555.5949973587
     9643.7787480506
     9731.9801826821
     9820.1922354977
     9908.4078398872
     9996.6199289515
     10084.821436069
     10173.005295461
     10261.164442757
     10349.291815565
     10437.380354032
      10525.42300141
     10613.412704626
     10701.342414843
     10789.205088023
     10876.993685497
     10964.701174525
      11052.32052886
     11139.844729311
     11227.266764305
     11314.579630448
      11401.77633309
      11488.84988688
      11575.79331633
     11662.599656368
     11749.261952905
     11835.773263382
     11922.126657335
     12008.315216945
     12094.332037592
     12180.170228411
     12265.822912843
     12351.283229185
      12436.54433114
     12521.599388366
     12606.441587024
      12691.06413032
     12775.460239056
     12859.623152167
     12943.546127265
      13027.22244118
     13110.645390498
     13193.808292096
     13276.704483683
     13359.327324326
     13441.670194988
     13523.726499055
     13605.489662868
     13686.953136245
     13768.110393009
      13848.95493151
     13929.480275145
     14009.679972879
     14089.547599759
     14169.076757431
     14248.261074652
     14327.094207798
     14405.569841377
      14483.68168853
     14561.423491539
     14638.789022324
     14715.772082945
     14792.366506097
     14868.566155607
     14944.364926919
     15019.756747591
     15094.735577774
     15169.295410703
     15243.430273172
     15317.134226016
     15390.401364586
      15463.22581922
     15535.601755717
     15607.523375801
     15678.984917586
     15749.980656038
     15820.504903435
     15890.552009821
     15960.116363456
      16029.19239127
     16097.774559307
     16165.857373167
      16233.43537845
     16300.503161187
     16367.055348278
      16433.08660792
     16498.591650036
     16563.565226695
     16628.002132534
     16691.897205177
     16755.245325643
     16818.041418759
     16880.280453567
     16941.957443723
     17003.067447899
     17063.605570177
     17123.566960438
     17182.946814756
     17241.740375775
     17299.942933095
     17357.549823642
     17414.556432049
     17470.958191014
     17526.750581675
     17581.929133963
     17636.489426961
     17690.427089257
     17743.737799293
     17796.417285704
     17848.461327665
     17899.865755219
     17950.626449617
     18000.739343634
     18050.200421901
     18099.005721216
     18147.151330859
     18194.633392903
     18241.448102514
     18287.591708249
     18333.060512353
     18377.850871047
     18421.959194808
     18465.381948648
     18508.115652389
     18550.156880926
     18591.502264489
     18632.148488895
     18672.092295799
     18711.330482931
     18749.859904331
     18787.677470573
     18824.780148983
     18861.164963843
     18896.828996597
     18931.769386026
     18965.983328433
     18999.468077797
     19032.220945924
      19064.23930257
     19095.520575557
      19126.06225085
     19155.861872625
     19184.917043289
     19213.225423473
     19240.784731977
     19267.592745659
     19293.647299259
      19318.94628514
     19343.487652928
     19367.269409021
     19390.289615945
     19412.546391488
     19434.037907591
     19454.762388866
     19474.718110687
      19493.90339666
     19512.316615292
     19529.956175558
     19546.820520964
     19562.908121487
     19578.217462544
     19592.747029652
     19606.495286805
     19619.460645435
     19631.641419011
     19643.035755131
     19653.641531347
     19663.456190558
     19672.476471699
     19680.697950116
     19688.114210707
     19694.715254256
     19700.484115035
     19705.388533149
     19709.359901976
     19712.457607003
     19715.764379794
     19720.361304437
     19726.979894106
