3.1
     3.0073773245135
     7.2331440321422
     12.542561945576
     19.712691964197
     28.929737036327
     40.206694918243
      53.54019010529
     68.926975516654
     86.364544165399
     105.85076598421
     127.38364384058
     150.96118275665
     176.58132037779
     204.24188889319
     233.94059341587
     265.67499928074
     299.44252435752
     335.24043428624
     373.06583947338
     412.91569318195
     454.78679032083
     498.67576669343
     544.57909855578
     592.49310238858
     642.41393482075
     694.33759266308
     748.25991302388
     804.17657348752
     862.08309234215
     921.97482884726
     983.84698353422
     1047.6945985347
     1113.5125579336
     1181.2955881432
     1251.0382582974
     1322.7349806637
     1396.3800110721
     1471.9674493597
     1549.4912398309
      1628.945171732
       1710.32287974
     1793.6178444651
     1878.8233929672
     1965.9326992847
     2054.9387849776
     2145.8345196824
     2238.6126216802
     2333.2656584773
     2429.7860473984
     2528.1660561918
     2628.3978036473
     2730.4732602259
     2834.3842487016
     2940.1224448157
     3047.6793779421
     3157.0464317655
     3268.2148449704
     3381.1757119425
     3495.9199834818
     3612.4384675263
     3730.7218298885
     3850.7605950021
     3972.5451466814
     4096.0657288908
     4221.3124465261
     4348.2752662071
     4476.9440170808
     4607.3083916364
     4739.3579465302
     4873.0821034226
     5008.4701498248
     5145.5112399575
     5284.1943956187
      5424.508507064
     5566.4423338955
     5709.9845059629
     5855.1235242739
     6001.8477619152
      6150.145464984
     6300.0047535294
     6451.4136225044
     6604.3599427266
      6758.831461851
     6914.8158053503
     7072.3004775069
     7231.2728624137
     7391.7202249846
     7553.6297119745
     7716.9883530093
     7881.7830616245
     8048.0006363136
     8215.6277615862
     8384.6510090332
     8555.0568384041
      8726.831598691
     8899.9615292216
     9074.4327607623
     9250.2313166291
     9427.3431138066
     9605.7539640772
     9785.4495751563
     9966.4155518388
     10148.637397151
     10332.100513511
     10516.790203902
     10702.691673046
     10889.790028589
     11078.070282296
     11267.517351251
     11458.116059063
     11649.851137086
     11842.707225639
     12036.668875236
     12231.720547828
      12427.84661804
     12625.031374431
     12823.259020748
     13022.513677191
     13222.779381688
      13424.04009117
     13626.279682861
     13829.481955564
     14033.630630963
     14238.709354927
     14444.701698815
     14651.591160801
     14859.361167184
     15067.995073729
     15277.476166991
     15487.787665654
     15698.912721883
     15910.834422664
     16123.535791168
     16336.999788101
     16551.209313079
     16766.147205992
     16981.796248378
     17198.139164808
     17415.158624263
     17632.837241526
     17851.157578576
     18070.102145982
     18289.653404305
     18509.793765503
     18730.505594343
     18951.771209807
     19173.572886515
     19395.892856142
      19618.71330884
     19842.016394669
     20065.784225023
     20289.998874064
      20514.64238016
      20739.69674732
      20965.14394664
     21190.965917745
     21417.144570234
     21643.661785133
     21870.499416345
     22097.639292103
     22325.063216424
     22552.752970572
     22780.690314512
     23008.856988374
     23237.234713915
     23465.805195985
     23694.550123989
     23923.451173356
     24152.490007007
     24381.648276826
     24610.907625124
     24840.249686116
     25069.656087389
     25299.108451373
     25528.588396816
     25758.077540254
     25987.557497487
     26217.009885046
     26446.416321671
     26675.758429783
     26905.017836952
     27134.176177374
      27363.21509334
     27592.116236704
     27820.861270357
     28049.431869696
     28277.809724089
     28505.976538342
     28733.914034168
     28961.603951648
     29189.028050696
     29416.168112516
     29643.005941069
     29869.523364524
     30095.702236715
     30321.524438599
       30546.9718797
     30772.026499565
      30996.67026921
     31220.885192559
     31444.653307891
     31667.956689276
     31890.777448014
     32113.097734066
     32334.899737482
     32556.165689833
      32776.87786563
     32997.018583743
     33216.570208824
     33435.515152714
     33653.835875852
     33871.514888684
     34088.534753059
     34304.878083632
     34520.527549251
     34735.465874349
     34949.675840326
     35163.140286931
     35375.842113632
      35587.76428099
     35798.889812025
     36009.201793571
     36218.683377635
     36427.317782746
     36635.088295297
     36841.978270888
     37047.971135656
     37253.050387604
     37457.199597923
     37660.402412308
     37862.642552269
     38063.903816432
     38264.170081841
     38463.425305247
     38661.653524395
     38858.838859301
     39054.965513524
     39250.017775433
     39443.980019465
     39636.836707377
     39828.572389491
     40019.171705929
     40208.619387849
     40396.900258661
      40583.99923525
     40769.901329179
     40954.591647894
      41138.05539591
     41320.277876006
     41501.244490395
     41680.940741896
     41859.352235096
     42036.464677501
     42212.263880684
     42386.735761419
     42559.866342809
     42731.641755411
     42902.048238338
     43071.072140369
     43238.699921039
     43404.918151726
     43569.713516724
     43733.072814311
     43894.982957807
     44055.430976623
     44214.404017297
     44371.889344526
     44527.874342188
     44682.346514348
     44835.293486263
     44986.703005373
     45136.562942276
      45284.86129171
     45431.586173508
     45576.725833552
     45720.268644713
     45862.203107781
     46002.517852392
     46141.201637931
     46278.243354441
     46413.632023504
     46547.356799125
     46679.406968602
     46809.771953381
     46938.441309904
     47065.404730446
      47190.65204394
     47314.173216792
     47435.958353682
     47555.997698363
     47674.281634432
     47790.800686108
     47905.545518988
     48018.506940792
     48129.675902103
     48239.043497087
     48346.600964207
     48452.339686925
     48556.251194389
      48658.32716211
     48758.559412631
     48856.939916176
     48953.460791293
     49048.114305481
     49140.892875813
      49231.78906953
     49320.795604641
     49407.905350498
     49493.111328365
     49576.406711966
      49657.78482803
     49737.239156816
     49814.763332621
     49890.351144285
     49963.996535668
     50035.693606122
     50105.436610942
       50173.2199618
     50239.038227164
     50302.886132694
      50364.75856162
     50424.650555092
     50482.557312502
     50538.474191789
     50592.396709679
     50644.320541907
     50694.241523367
      50742.15564819
     50788.059069738
     50831.948100461
     50873.819211591
     50913.669032601
     50951.494350313
      50987.29210753
     51021.059400923
     51052.793477798
     51082.491731097
     51110.151691563
     51135.771015147
     51159.347462212
     51180.878861954
     51200.363048885
     51217.797743454
     51233.180313134
     51246.507254888
     51257.772951999
     51266.966219308
     51274.058199301
     51278.995477662
     51283.049569469
