5.5
     2.9999232686448
      6.999616358556
     10.999067242362
     14.998439978839
     19.001334698487
     23.043617521923
     27.278442364059
     31.971555385593
     37.308934903058
     43.340619162408
       50.0627118832
     57.463697962912
     65.534295808947
     74.267902419204
     83.659791560704
     93.706445776092
      104.4051187894
      115.7535596474
     127.74983762187
      140.3922288955
      153.6791415863
     167.60906504721
     182.18053487848
      197.3921083321
     213.24234673004
     229.72980270569
     246.85301082004
     264.61048057661
     283.00069116684
      302.0220874805
     321.67307705258
     341.95202771172
     362.85726575973
     384.38707455737
     406.53969342401
     429.31331678186
     452.70609349259
     476.71612634655
     501.34147167391
      526.5801390542
     552.43009110557
     578.88924333955
     605.95546406964
     633.62657436471
     661.90034803988
     690.77451167913
     720.24674468475
     750.31467934985
      780.9759009508
     812.22794785696
     844.06831165571
     876.49443729068
     909.50372321219
     943.09352153827
      977.2611382254
     1012.0038332481
     1047.3188207867
     1083.2032694223
     1119.6543023392
     1156.6689975332
     1194.2443880265
     1232.3774620883
     1271.0651634603
     1310.3043915883
     1350.0920018583
     1390.4248058375
     1431.2995715195
     1472.7130235751
     1514.6618436064
     1557.1426704053
     1600.1521002165
     1643.6866870046
     1687.7429427241
      1732.317337595
     1777.4063003802
     1823.0062186685
     1869.1134391596
      1915.724267954
     1962.8349708455
     2010.4417736179
     2058.5408623445
     2107.1283836914
     2156.2004452241
     2205.7531157173
     2255.7824254678
     2306.2843666112
     2357.2548934411
     2408.6899227318
     2460.5853340641
     2512.9369701543
     2565.7406371856
     2618.9921051436
     2672.6871081537
      2726.821344822
     2781.3904785792
     2836.3901380269
     2891.8159172872
     2947.6633763549
     3003.9280414524
     3060.6054053875
     3117.6909279141
     3175.1800360951
      3233.068124668
     3291.3505564139
     3350.0226625281
     3409.0797429935
     3468.5170669574
     3528.3298731091
     3588.5133700619
     3649.0627367357
     3709.9731227437
     3771.2396487799
     3832.8574070102
     3894.8214614648
     3957.1268484338
     4019.7685768643
     4082.7416287597
     4146.0409595821
     4209.6614986556
     4273.5981495726
     4337.8457906016
     4402.3992750974
     4467.2534319134
     4532.4030658152
      4597.842957897
     4663.5678659993
     4729.5725251289
     4795.8516478798
     4862.3999248579
     4929.2120251048
     4996.2825965254
     5063.6062663168
     5131.1776413977
     5198.9913088411
     5267.0418363072
     5335.3237724791
     5403.8316474987
     5472.5599734052
     5541.5032445746
     5610.6559381602
     5680.0125145356
     5749.5674177377
     5819.3150759125
     5889.2499017605
     5959.3662929845
     6029.6586327386
     6100.1212900779
     6170.7486204092
     6241.5349659435
     6312.4746561491
     6383.5620082055
      6454.791327459
     6526.1569078786
     6597.6530325126
     6669.2739739478
     6741.0139947667
      6812.867348008
     6884.8282776267
     6956.8910189552
     7029.0497991651
     7101.2988377292
     7173.6323468851
     7246.0445320988
      7318.529592528
     7391.0817214877
      7463.695106915
     7536.3639318347
     7609.0823748248
      7681.844610484
      7754.644809897
     7827.4771411021
     7900.3357695581
     7973.2148586122
      8046.108569967
     8119.0110641482
     8191.9165009728
     8264.8190400165
     8337.7128410817
     8410.5920646654
     8483.4508724271
     8556.2834276564
     8629.0838957399
     8701.8464446299
     8774.5652453106
     8847.2344722653
     8919.8483039431
     8992.4009232258
     9064.8865178924
     9137.2992810868
     9209.6334117812
     9281.8831152415
     9354.0426034918
     9426.1060957777
     9498.0678190294
     9569.9220083243
      9641.662907349
     9713.2847688599
     9784.7818551445
     9856.1484384796
     9927.3788015923
     9998.4672381157
     10069.408053048
     10140.195563206
     10210.824097686
     10281.287998311
     10351.581620088
      10421.69933166
     10491.635515758
     10561.384569646
     10630.940905579
      10700.29895124
     10769.453150194
     10838.397962332
     10907.127864311
         10975.63735
     11043.920930921
     11111.973136687
     11179.788515441
     11247.361634293
     11314.687079755
     11381.759458176
      11448.57339617
     11515.123541051
     11581.404561262
     11647.411146795
     11713.138009627
     11778.579884133
     11843.731527518
     11908.587720228
     11973.143266374
     12037.392994145
     12101.331756224
       12164.9544302
     12228.255918976
     12291.231151184
     12353.875081581
     12416.182691462
     12478.148989058
     12539.769009935
     12601.037817394
     12661.950502865
     12722.502186301
     12782.688016566
      12842.50317183
     12901.942859945
     12961.002318838
     13019.676816888
     13077.961653307
      13135.85215851
       13193.3436945
     13250.431655227
     13307.111466966
     13363.378588679
     13419.228512379
     13474.656763489
     13529.658901203
      13584.23051884
     13638.367244197
     13692.064739895
     13745.318703732
     13798.124869023
      13850.47900494
     13902.376916854
     13953.814446666
     14004.787473144
     14055.291912246
      14105.32371745
     14154.878880077
     14203.953429609
     14252.543434007
     14300.645000021
     14348.254273506
     14395.367439724
     14441.980723647
     14488.090390261
     14533.692744859
     14578.784133337
     14623.360942479
     14667.419600249
     14710.956576068
     14753.968381095
     14796.451568501
     14838.402733742
     14879.818514824
     14920.695592564
     14961.030690853
     15000.820576909
     15040.062061526
     15078.751999322
     15116.887288977
     15154.464873472
      15191.48174032
     15227.934921791
     15263.821495133
     15299.138582788
       15333.8833526
     15368.053018016
     15401.644838284
      15434.65611864
     15467.084210486
     15498.926511568
     15530.180466127
     15560.843565061
     15590.913346058
     15620.387393726
     15649.263339701
     15677.538862747
     15705.211688828
     15732.279591161
      15758.74039025
     15784.591953879
     15809.832197074
      15834.45908203
     15858.470617974
     15881.864860981
      15904.63991371
      15926.79392505
      15948.32508966
     15969.231647368
     15989.511882402
     16009.164122412
     16028.186737208
     16046.578137161
     16064.336771152
     16081.461123938
      16097.94971275
     16113.801082872
      16129.01380186
     16143.586451898
     16157.517619604
     16170.805882289
     16183.449789177
      16195.44783539
     16206.798425345
     16217.499820298
     16227.550061655
     16236.946856207
     16245.687399643
     16253.768096296
     16261.184096352
     16267.928493066
      16273.99083721
     16279.354126923
     16283.987799186
     16287.829853367
     16290.868212977
     16293.871206065
     16297.827796632
     16303.075908884
     16310.351768271
