16
     2.9993505027291
     6.9967517364272
      10.99207222447
     14.985310338213
     18.976464444756
     22.965532906924
     26.952514083249
     30.937406327956
     34.920207990936
     38.900917417734
     42.879532949525
     46.856052923101
     50.830475670846
     54.802799520719
     58.773022796236
     62.741143816448
     66.707160895923
     70.671072344726
     74.632876468398
     78.592571567937
     82.550155939779
     86.505627875775
     90.458985663174
     94.410227584598
     98.359351918025
     102.30635693677
     106.25124090945
         110.1940021
      114.1346387676
     118.07314916668
     122.00953154692
      125.9437841532
     129.87590522556
     133.80589299925
     137.73374570461
     141.65946156714
     145.58303880741
     149.50447564109
     153.42377027888
     157.34092092652
     161.25592578476
     165.16878304932
      169.0794909109
     172.98804755512
     176.89445116253
     180.79869990855
     184.70079196349
      188.6007254925
     192.49849865558
     196.39410960783
     200.28755650132
     204.17883749749
     208.06795084145
     211.95489526655
      215.8396719881
     219.72229354487
     223.60281878057
     227.48147477004
     231.35902375609
     235.23768489659
     239.12295078775
     243.02604294358
      246.9652451337
     250.96355438971
     255.04273554806
     259.21787702071
     263.49597584583
     267.87790053412
     272.36115337475
      276.9419004305
     281.61607162146
     286.37983711339
     291.22976097769
     296.16281337899
     301.17633057363
     306.26796166089
     311.43561724391
     316.67742486215
     321.99169193874
     327.37687552181
     332.83155771635
     338.35442572783
     343.94425559144
      349.5998988347
     355.32027147666
     361.10434489562
     366.95113819866
     372.85971180603
     378.82916202426
     384.85861642954
     390.94722991908
     397.09418131685
     403.29867044219
     409.55991556685
     415.87715120016
     422.24962615257
     428.67660183655
     435.15735077096
     441.69115526053
     448.27730622658
     454.91510216911
     461.60384824325
     468.34285543562
     475.13143982847
     481.96892194093
     488.85462613835
     495.78788010198
     502.76801435218
     509.79436181924
     516.86625745672
     523.98303789286
     531.14404111608
     538.34860619106
     545.59607300259
     552.88578202409
     560.21707410886
     567.58929030161
     575.00177166853
     582.45385914422
     589.94489339387
     597.47421468956
     605.04116279917
     612.64507688704
     620.28529542541
     627.96115611555
       635.671995818
     643.41715049107
     651.19595513708
     659.00774375545
     666.85184930251
     674.72760365725
     682.63433759259
     690.57138075185
     698.53806163001
     706.53370755944
     714.55764469964
     722.60919803092
      730.6876913516
     738.79244727857
     746.92278725087
     755.07803153624
     763.25749924034
      771.4605083184
     779.68637558941
     787.93441675231
     796.20394640437
     804.49427806142
      812.8047241799
      821.1345961807
     829.48320447429
     837.84985848778
     846.23386669289
     854.63453663562
     863.05117496683
     871.48308747422
     879.92957911512
     888.38995405056
     896.86351568006
     905.34956667737
     913.84740902707
      922.3563440619
     930.87567250076
     939.40469448752
     947.94270963025
     956.48901704124
     965.04291537734
     973.60370288101
     982.17067742162
     990.74313653736
     999.32037747738
     1007.9016972444
     1016.4863926375
     1025.0737602953
     1033.6630967396
     1042.2536984184
     1050.8448617507
     1059.4358831694
     1068.0260591662
     1076.6146863357
     1085.2010614195
     1093.7844813509
     1102.3642432988
     1110.9396447128
     1119.5099833672
     1128.0745574052
     1136.6326653838
     1145.1836063172
     1153.7266797214
     1162.2611856579
     1170.7864247775
     1179.3016983638
     1187.8063083764
      1196.299557494
     1204.7807491573
     1213.2491876111
     1221.7041779465
     1230.1450261429
     1238.5710391087
     1246.9815247228
     1255.3757918746
     1263.7531505036
     1272.1129116396
     1280.4543874404
     1288.7768912308
     1297.0797375395
     1305.3622421359
     1313.6237220667
     1321.8634956902
     1330.0808827114
     1338.2752042151
     1346.4457826988
     1354.5919421038
     1362.7130078461
     1370.8083068452
      1378.877167553
     1386.9189199801
     1394.9328957216
     1402.9184279814
     1410.8748515947
     1418.8015030488
     1426.6977205033
     1434.5628438069
     1442.3962145134
     1450.1971758959
     1457.9650729578
     1465.6992524425
     1473.3990628402
     1481.0638543927
     1488.6929790948
     1496.2857906934
     1503.8416446832
     1511.3598982994
      1518.839910507
     1526.2810419857
     1533.6826551122
      1541.044113937
     1548.3647841572
     1555.6440330851
     1562.8812296105
     1570.0757441585
      1577.226948641
     1584.3342164021
     1591.3969221562
     1598.4144419197
     1605.3861529339
     1612.3114335805
     1619.1896632871
     1626.0202224234
      1632.802492187
     1639.5358544771
     1646.2196917567
     1652.8533869006
     1659.4363230295
     1665.9678833278
     1672.4474508447
     1678.8744082764
     1685.2481377275
     1691.5680204512
     1697.8334365639
     1704.0437647338
     1710.1983818405
     1716.2966626015
     1722.3379791643
     1728.3217006586
     1734.2471927063
     1740.1138168821
     1745.9209301233
     1751.6678840784
     1757.3540243916
     1762.9786899132
     1768.5412118277
     1774.0409126904
     1779.4771053592
     1784.8490918094
     1790.1561618166
     1795.3975914869
      1800.572641617
     1805.6805558562
     1810.7205586431
     1815.6918528813
     1820.5936173135
     1825.4250035447
     1830.1851326543
      1834.873091326
     1839.4879274079
      1844.028644793
     1848.4941974895
     1852.8834827109
     1857.1953327775
     1861.4285055611
     1865.5816731286
     1869.6534081354
      1873.642167379
     1877.5462717203
     1881.3638812994
     1885.0929645581
      1888.731258972
     1892.2762204614
     1895.7249569958
     1899.0741395391
     1902.3198795059
     1905.4575548727
     1908.4815539922
     1911.3848799879
     1914.1585015685
     1916.7901972657
     1919.2622741851
     1921.5471700261
     1923.6114616104
     1925.5082924816
     1927.4763255383
      1929.667728167
     1932.0714674841
     1934.6566520075
     1937.4038765858
     1940.3011180109
     1943.3405456527
     1946.5169694508
      1949.827018359
     1953.2686665388
     1956.8409442213
     1960.5437556455
     1964.3777638405
     1968.3443200699
     1972.4454252358
     1976.6837158886
     1981.0624707506
      1985.585635822
     1990.2578677452
     1995.0845964612
     2000.0721095325
     2005.2276619991
     2010.5596174886
     2016.0776287587
     2021.7928692729
      2027.718332354
     2033.8692218221
      2040.263469302
     2046.9224312007
     2053.8718474227
     2061.1431931062
     2068.7756416269
     2076.8190186749
     2085.3384459951
     2094.4220505472
      2104.194693487
     2114.8448295262
     2126.6845478605
     2140.3146976988
     2157.2930660227
