3.3
     3.0025231702455
     7.1095868451225
      11.92633017014
     18.252372873932
     26.370828377658
     36.311495078156
     48.070745661783
     61.644271132825
     77.028962339751
     94.222420571322
       113.222575902
     134.02747847547
     156.63518722433
     181.04370896906
     207.25096386891
     235.25476511605
     265.05280661518
     296.64265530202
     330.02174624692
     365.18737948214
     402.13671792604
     440.86678602351
     481.37446886567
     523.65651163756
     567.70951929545
     613.52995640845
     661.11414712017
     710.45827520016
     761.55838416392
     814.41037744659
      869.0100186195
     925.35293164188
     983.43460114199
     1043.2503727234
     1104.7954532934
     1168.0649114108
     1233.0536776518
     1299.7565449921
      1368.168169204
     1438.2830692686
     1510.0956278007
     1583.6000914878
     1658.7905715415
     1735.6610441607
     1814.2053510078
      1894.417199696
     1976.2901642885
      2059.817685809
     2144.9930727634
     2231.8095016728
     2320.2600176175
     2410.3375347913
     2502.0348370677
     2595.3445785758
     2690.2592842874
      2786.771350614
     2884.8730460154
     2984.5565116175
     3085.8137618406
     3188.6366850393
     3293.0170441503
      3398.946477353
     3506.4164987371
     3615.4184989835
     3725.9437460523
     3837.9833858824
     3951.5284431004
     4066.5698217392
      4183.098305966
      4301.104560821
     4420.5791329643
     4541.5124514332
     4663.8948284086
     4787.7164599911
     4912.9674269861
     5039.6376956981
     5167.7171187342
     5297.1954358174
     5428.0622746079
      5560.307151534
      5693.919472632
     5828.8885343945
     5965.2035246281
     6102.8535233187
     6241.8275035072
     6382.1143321721
     6523.7027711215
     6666.5814778932
     6810.7390066633
     6956.1638091632
     7102.8442356044
     7250.7685356116
     7399.9248591647
     7550.3012575467
     7701.8856843025
     7854.6659962023
     8008.6299542155
     8163.7652244902
      8320.059379342
      8477.499898249
     8636.0741688548
     8795.7694879795
     8956.5730626358
     9118.4720110557
     9281.4533637208
      9445.504064402
     9610.6109712055
     9776.7608576251
     9943.9404136018
     10112.136246591
     10281.334882632
     10451.522767434
     10622.686267453
     10794.811670993
     10967.885189297
     11141.892957655
     11316.821036516
     11492.655412602
     11669.382000031
     11846.986641447
      12025.45510915
     12204.773106244
     12384.926267772
     12565.900161874
     12747.680290941
     12930.252092775
     13113.600941759
     13297.712150023
     13482.570968628
     13668.162588739
      13854.47214282
     14041.484705818
     14229.185296362
     14417.558877963
     14606.590360218
      14796.26460002
     14986.566402766
     15177.480523583
     15368.991668542
     15561.084495885
     15753.743617256
     15946.953598932
      16140.69896306
     16334.964188895
     16529.733714047
     16724.991935723
     16920.723211983
     17116.911862987
     17313.542172254
     17510.598387921
     17708.064724005
     17905.925361666
     18104.164450475
     18302.766109687
     18501.714429507
     18700.993472369
     18900.587274211
     19100.479845756
     19300.655173789
     19501.097222444
     19701.789934485
     19902.717232595
     20103.863020662
     20305.211185071
     20506.745595991
     20708.450108671
     20910.308564731
     21112.304793456
     21314.422613096
     21516.645832154
     21718.958250693
     21921.343661623
      22123.78585201
     22326.268604368
     22528.775697958
     22731.290910093
      22933.79801743
     23136.280797278
     23338.723028889
     23541.108494765
     23743.420981951
     23945.644283339
     24147.762198962
     24349.758537295
      24551.61711655
     24753.321765975
     24954.856327145
     25156.204655259
     25357.350620437
     25558.278109004
     25758.971024788
     25959.413290406
     26159.588848553
     26359.481663288
     26559.075721321
     26758.355033287
     26957.303635042
     27155.905588928
     27354.144985055
     27552.005942579
     27749.472610968
     27946.529171276
     28143.159837409
     28339.348857389
     28535.080514616
     28730.339129129
     28925.109058859
     29119.374700885
     29313.120492681
     29506.330913367
     29698.990484948
     29891.083773555
     30082.595390684
     30273.509994426
     30463.812290696
     30653.487034461
     30842.519030958
     31030.893136913
     31218.594261754
     31405.607368821
     31591.917476567
     31777.509659761
     31962.369050684
      32146.48084032
      32329.83027954
     32512.402680286
     32694.183416745
     32875.157926525
     33055.311711819
     33234.630340565
     33413.099447603
      33590.70473583
     33767.431977337
     33943.267014559
     34118.195761399
     34292.204204364
     34465.278403684
     34637.404494429
     34808.568687623
     34978.757271342
      35147.95661182
     35316.153154534
     35483.333425298
     35649.484031333
     35814.591662349
     35978.643091604
     36141.625176969
     36303.524861978
     36464.329176873
     36624.025239645
     36782.600257067
     36940.041525715
     37096.336432991
     37251.472458127
     37405.437173194
     37558.218244092
     37709.803431544
     37860.180592073
     38009.337678974
     38157.262743282
     38303.943934726
     38449.369502679
     38593.527797105
     38736.407269482
     38877.996473734
     39018.284067149
     39157.258811283
     39294.909572861
     39431.225324672
     39566.195146452
     39699.808225752
     39832.053858816
     39962.921451426
     40092.400519758
     40220.480691223
     40347.151705292
     40472.403414319
     40596.225784359
     40718.608895968
     40839.542944993
     40959.018243367
     41077.025219878
     41193.554420935
      41308.59651133
     41422.142274981
     41534.182615671
     41644.708557778
     41753.711246993
     41861.181951027
      41967.11206031
     42071.493088684
     42174.316674078
     42275.574579177
     42375.258692085
     42473.361026969
     42569.873724701
     42664.789053484
      42758.09940947
     42849.797317371
     42939.875431051
     43028.326534114
     43115.143540482
     43200.319494956
      43283.84757377
     43365.721085137
      43445.93346978
     43524.478301447
     43601.349287426
     43676.540269038
     43750.045222125
      43821.85825752
     43891.973621507
     43960.385696271
     44027.089000327
     44092.078188945
     44155.348054551
     44216.893527112
     44276.709674517
     44334.791702918
     44391.134957072
     44445.734920645
     44498.587216489
     44549.687606902
     44599.031993833
     44646.616419054
     44692.437064267
     44736.490251143
     44778.772441269
      44819.28023597
     44858.010375961
     44894.959740772
     44930.125347861
     44963.504351242
     44995.094039471
     45024.891832596
     45052.895277584
     45079.102041318
     45103.509899685
     45126.116720146
     45146.920433037
     45165.918982593
     45183.110239684
     45198.491838053
     45212.060846739
     45223.813059837
     45233.741282831
     45241.830509626
     45248.040737288
     45252.361052558
     45256.503144405
