5.2
     2.9999314122824
     6.9996574758539
     10.999205326622
     15.000022408603
     19.023242312208
     23.193692797136
     27.796059210973
     33.079387577966
     39.127245870115
     45.942530406802
     53.514074031116
     61.832317467039
     70.890513718583
     80.683908160143
     91.209006092344
     102.46309757444
     114.44396376312
     127.14969431847
     140.57857151322
     154.72899491141
     169.59943126137
     185.18838043273
     201.49435179963
     218.51584757347
     236.25135085192
     254.69931692754
     273.85816688762
     293.72628284949
     314.30200438002
     335.58362578403
     357.56939403808
     380.25750720941
     403.64611324311
     427.73330903227
     452.51713970714
     477.99559809589
     504.16662432075
     531.02810550195
      558.5778755484
     586.81371501854
      615.7333510387
     645.33445726867
     675.61465390669
      706.5715077274
     738.20253214772
     770.50518731653
     803.47688022472
     837.11496483325
     871.41674221657
     906.37946071992
     942.00031612885
     978.27645184972
     1015.2049591003
     1052.7828771092
      1091.007193324
     1129.8748436273
     1169.3827125591
     1209.5276335471
     1250.3063891428
     1291.7157112635
      1333.752281441
     1376.4127310748
     1419.6936416914
     1463.5915452082
     1508.1029242029
     1553.2242121877
     1598.9517938875
     1645.2820055239
     1692.2111351028
     1739.7354227067
     1787.8510607911
      1836.554194486
     1885.8409219001
     1935.7072944307
     1986.1493170765
     2037.1629487549
     2088.7441026232
     2140.8886464034
     2193.5924027116
     2246.8511493899
     2300.6606198435
     2355.0165033803
     2409.9144455552
      2465.350048517
     2521.3188713597
     2577.8164304771
     2634.8381999204
     2692.3796117604
     2750.4360564517
      2809.002883202
      2868.075400343
     2927.6488757056
     2987.7185369988
     3048.2795721908
      3109.327129894
     3170.8563197529
     3232.8622128358
     3295.3398420285
      3358.284202432
     3421.6902517632
     3485.5529107578
     3549.8670635773
     3614.6275582184
      3679.829206925
     3745.4667866037
     3811.5350392418
     3878.0286723284
     3944.9423592777
     4012.2707398557
     4080.0084206092
     4148.1499752978
     4216.6899453279
     4285.6228401903
     4354.9431378995
     4424.6452854359
     4494.7236991902
     4565.1727654111
     4635.9868406542
     4707.1602522341
     4778.6872986788
     4850.5622501864
     4922.7793490833
      4995.332810286
      5068.216821764
     5141.4255450052
     5214.9531154837
     5288.7936431296
     5362.9412128003
     5437.3898847543
     5512.1336951271
      5587.166656409
      5662.482757924
     5738.0759663118
     5813.9402260111
     5890.0694597437
     5966.4575690024
     6043.0984345386
      6119.985916853
     6197.1138566866
     6274.4760755152
     6352.0663760427
      6429.878542699
      6507.906342137
     6586.1435237317
     6664.5838200818
     6743.2209475105
       6822.04860657
      6901.060482545
     6980.2502459592
     7059.6115530821
      7139.138046437
     7218.8233553105
     7298.6610962625
     7378.6448736378
      7458.768280078
     7539.0248970352
     7619.4082952857
     7699.9120354456
      7780.529668486
     7861.2547362497
     7942.0807719689
     8023.0013007826
      8104.009840256
      8185.099900899
     8266.2649866866
     8347.4985955791
     8428.7942200425
     8510.1453475711
     8591.5454612072
     8672.9880400648
     8754.4665598513
     8835.9744933904
     8917.5053111444
     8999.0524817378
     9080.6094724803
     9162.1697498905
     9243.7267802185
       9325.27402997
     9406.8049664293
     9488.3130581828
     9569.7917756421
     9651.2345915673
     9732.6349815895
      9813.986424734
     9895.2824039423
     9976.5164065938
     10057.681925029
     10138.772457068
     10219.781506535
     10300.702583776
     10381.529206181
     10462.254898699
     10542.873194362
       10623.3776348
     10703.761770759
     10784.019162619
     10864.143380906
     10944.128006812
     11023.966632705
     11103.652862647
     11183.180312901
     11262.542612446
     11341.733403487
     11420.746341962
     11499.575098055
     11578.213356697
     11656.654818076
     11734.893198142
     11812.922229108
     11890.735659954
     11968.327256924
     12045.690804034
     12122.820103559
     12199.708976538
     12276.351263265
     12352.740823784
     12428.871538379
     12504.737308066
     12580.332055083
     12655.649723373
      12730.68427907
     12805.429710988
     12879.880031093
     12954.029274991
     13027.871502402
     13101.400797636
     13174.611270068
     13247.497054609
     13320.052312176
     13392.271230159
     13464.148022891
     13535.676932103
     13606.852227395
     13677.668206686
     13748.119196679
     13818.199553308
     13887.903662196
     13957.225939101
     14026.160830365
     14094.702813359
     14162.846396925
     14230.586121813
     14297.916561124
     14364.832320739
     14431.328039756
     14497.398390914
     14563.038081025
     14628.241851393
     14693.004478239
     14757.320773117
     14821.185583331
     14884.593792346
     14947.540320197
       15010.0201239
      15072.02819785
     15133.559574227
     15194.609323387
     15255.172554266
      15315.24441476
     15374.820092124
     15433.894813351
     15492.463845553
     15550.522496343
      15608.06611421
     15665.090088888
     15721.589851727
     15777.560876059
     15832.998677555
      15887.89881459
     15942.256888591
     15996.068544393
     16049.329470586
     16102.035399856
     16154.182109328
     16205.765420901
     16256.781201582
     16307.225363815
     16357.093865806
     16406.382711841
     16455.087952611
     16503.205685518
     16550.732054985
     16597.663252767
     16643.995518245
     16689.725138727
     16734.848449738
     16779.361835309
     16823.261728262
     16866.544610485
     16909.207013208
     16951.245517273
     16992.656753398
     17033.437402434
     17073.584195619
      17113.09391483
     17151.963392819
     17190.189513453
     17227.769211942
     17264.699475065
     17300.977341379
     17336.599901433
     17371.564297966
     17405.867726094
     17439.507433493
     17472.480720571
     17504.784940617
     17536.417499955
     17567.375858063
     17597.657527689
     17627.260074939
     17656.181119346
     17684.418333909
       17711.9694451
     17738.832232837
     17765.004530403
     17790.484224323
     17815.269254163
      17839.35761225
     17862.747343297
     17885.436543893
     17907.423361845
      17928.70599531
     17949.282691681
     17969.151746136
     17988.311499762
     18006.760337118
     18024.496683046
     18041.518998477
     18057.825774885
     18073.415526849
      18088.28678201
     18102.438067331
     18115.867890018
     18128.574710658
     18140.556904698
     18151.812706125
      18162.34012324
     18172.136809409
      18181.19985859
     18189.525469944
     18197.108372756
     18203.940783044
     18210.010361597
     18215.295753894
     18219.755072111
     18223.311265895
     18226.248624693
     18229.797611556
     18234.665141087
     18241.552327645
