6.7
     2.9998861316055
     6.9994306341643
     10.998610685652
      14.99742623841
     18.995877394155
     22.993970059725
     26.991843050753
     30.991439274409
     35.008596367126
     39.113245922479
     43.459076008923
      48.20592488024
     53.430530135307
     59.144359057661
     65.338146186385
     72.000849285727
      79.12364753309
      86.69995671956
      94.72484005518
     103.19449961135
     112.10591859628
      121.4566199874
     131.24450363193
     141.46773482708
     152.12466679174
     163.21378576264
     174.73367145496
     186.68296814183
     199.06036319863
     211.86457097872
     225.09432055329
     238.74834629036
     252.82538054606
     267.32414794561
     282.24336087371
     297.58171589418
     313.33789089019
     329.51054276818
     346.09830560631
     363.09978915614
     380.51357762708
     398.33822869872
     416.57227271802
     435.21421204741
     454.26252053685
     473.71564309823
     493.57199536489
     513.82996342208
     534.48790359717
     555.54414230021
     576.99697590721
     598.84467067988
     621.08546271666
     643.71755793072
      666.7391320512
     690.14833064491
     713.94326915563
     738.12203295927
     762.68267743268
     787.62322803479
     812.94168039882
     838.63600043418
     864.70412443741
     891.14395921112
     917.95338219031
     945.13024157528
     972.67235647105
     1000.5775170321
      1028.843484613
     1057.4679919231
     1086.4487431869
     1115.7834143084
      1145.469653039
     1175.5050791504
       1205.88728461
     1236.6138337615
     1267.6822635069
     1299.0900834933
     1330.8347763025
     1362.9137976431
     1395.3245765459
     1428.0645155626
     1461.1309909661
     1494.5213529549
     1528.2329258588
     1562.2630083481
     1596.6088736447
      1631.267769736
     1666.2369195909
     1701.5135213783
      1737.094748688
     1772.9777507532
     1809.1596526762
     1845.6375556554
     1882.4085372149
     1919.4696514361
     1956.8179291909
     1994.4503783778
     2032.3639841592
     2070.5557092012
     2109.0224939145
     2147.7612566987
     2186.7688941866
     2226.0422814922
     2265.5782724586
     2305.3736999097
      2345.425375902
     2385.7300919789
     2426.2846194269
     2467.0857095327
     2508.1300938431
     2549.4144844251
     2590.9355741291
     2632.6900368526
     2674.6745278059
     2716.8856837794
     2759.3201234123
     2801.9744474624
     2844.8452390784
     2887.9290640724
     2931.2224711949
     2974.7219924103
     3018.4241431745
     3062.3254227133
     3106.4223143024
     3150.7112855488
     3195.1887886733
     3239.8512607939
     3284.6951242114
     3329.7167866952
     3374.9126417708
     3420.2790690083
     3465.8124343123
     3511.5090902124
     3557.3653761554
     3603.3776187977
     3649.5421322998
     3695.8552186213
     3742.3131678163
     3788.9122583309
     3835.6487573011
     3882.5189208511
     3929.5189943932
     3976.6452129287
      4023.893801349
     4071.2609747376
     4118.7429386736
      4166.335889535
     4214.0360148037
     4261.8394933702
       4309.74249584
       4357.74118484
     4405.8317153257
     4454.0102348892
     4502.2728840677
     4550.6157966522
     4599.0350999973
      4647.526915332
     4696.0873580688
     4744.7125381161
     4793.3985601891
     4842.1415241218
     4890.9375251795
     4939.7826543714
     4988.6729987636
     5037.6046417925
     5086.5736635786
     5135.5761412403
      5184.608149208
     5233.6657595387
     5282.7450422304
     5331.8420655369
     5380.9528962832
     5430.0736001793
     5479.2002421367
     5528.3288865827
     5577.4555977759
     5626.5764401215
     5675.6874784863
     5724.7847785143
     5773.8644069411
       5822.92243191
     5871.9549232859
     5920.9579529708
     5969.9275952181
     6018.8599269471
     6067.7510280573
     6116.5969817426
     6165.3938748047
     6214.1377979665
     6262.8248461857
     6311.4511189672
     6360.0127206758
     6408.5057608479
     6456.9263545037
     6505.2706224575
     6553.5346916296
     6601.7146953555
     6649.8067736964
     6697.8070737475
     6745.7117499479
     6793.5169643875
     6841.2188871148
     6888.8136964436
     6936.2975792598
     6983.6667313256
     7030.9173575854
     7078.0456724688
     7125.0479001947
      7171.920275073
     7218.6590418068
     7265.2604557926
     7311.7207834206
     7358.0363023738
     7404.2033019258
     7450.2180832382
     7496.0769596569
     7541.7762570072
     7587.3123138878
     7632.6814819646
     7677.8801262626
     7722.9046254563
     7767.7513721611
     7812.4167732207
     7856.8972499955
     7901.1892386494
     7945.2891904342
     7989.1935719745
     8032.8988655502
     8076.4015693781
     8119.6981978921
     8162.7852820223
     8205.6593694729
     8248.3170249975
      8290.754830675
     8332.9693861825
     8374.9573090672
     8416.7152350176
     8458.2398181317
     8499.5277311849
     8540.5756658963
     8581.3803331927
     8621.9384634721
     8662.2468068637
     8702.3021334892
     8742.1012337193
     8781.6409184311
     8820.9180192618
      8859.929388862
     8898.6719011469
     8937.1424515454
     8975.3379572474
     9013.2553574501
      9050.891613601
       9088.24370964
     9125.3086522405
      9162.083471045
     9198.5652189039
     9234.7509721076
     9270.6378306192
     9306.2229183041
     9341.5033831585
     9376.4763975338
     9411.1391583615
      9445.488887373
     9479.5228313198
     9513.2382621889
     9546.6324774184
     9579.7028001078
     9612.4465792292
     9644.8611898322
     9676.9440332499
     9708.6925372994
     9740.1041564813
     9771.1763721752
     9801.9066928336
     9832.2926541714
     9862.3318193536
     9892.0217791789
     9921.3601522602
     9950.3445852021
     9978.9727527737
     10007.242358079
     10035.151132722
     10062.696836968
     10089.877259901
     10116.690219577
     10143.133563167
     10169.205167104
     10194.902937214
      10220.22480885
      10245.16874701
     10269.732746455
     10293.914831814
     10317.713057685
     10341.125508716
      10364.15029969
      10386.78557558
     10409.029511608
     10430.880313272
     10452.336216362
     10473.395486963
     10494.056421419
     10514.317346282
     10534.176618225
     10553.632623918
     10572.683779869
     10591.328532202
      10609.56535639
     10627.392756908
     10644.809266815
     10661.813447225
     10678.403886669
     10694.579200308
     10710.338028977
     10725.679038015
     10740.600915831
     10755.102372155
      10769.18213588
      10782.83895241
     10796.071580373
     10808.878787533
     10821.259345676
     10833.212024169
     10844.735581808
     10855.828756385
     10866.490251264
     10876.718717913
     10886.512732947
       10895.8707676
     10904.791146601
     10913.271991943
     10921.311144698
     10928.906054188
     10936.053617259
     10942.749938796
     10948.989962883
     10954.766880572
     10960.071125996
     10964.888543799
     10969.196662526
     10972.955839826
     10976.096886837
     10978.733003688
     10981.625160063
       10985.2498981
     10989.664736668
     10994.996915463
     11001.568767409
     11010.272397313
