6.2
     2.9999024933103
      6.999512449072
     10.998810334503
     14.997796485153
     18.996487895404
     22.995302364956
     26.999837602087
     31.049399907716
     35.277373353237
     39.888429821584
     45.021538025811
     50.715164548914
     56.964928985771
     63.759274701816
     71.088431243223
     78.945187254788
     87.324260072341
     96.221676383013
       105.634337125
     115.55973027646
     125.99574192648
     136.94053027769
       148.392440039
     160.34994312982
      172.8115968473
     185.77601384828
     199.24184027284
       213.207739576
     227.67238042566
     242.63442754012
     258.09253467947
     274.04533923526
     290.49145801977
      307.4294839653
     324.85798352103
     342.77549458935
     361.18052488313
     380.07155061432
      399.4470154452
     419.30532964956
     439.64486944277
     460.46397644879
     481.76095727868
      503.5340832009
     525.78158988727
     548.50167722186
     571.69250916251
     595.35221364667
     619.47888253471
     644.07057158511
     669.12530045704
     694.64105273647
     720.61577598264
     747.04738179249
     773.93374588051
     801.27270817255
     829.06207291181
     857.29960877568
     885.98304900259
     915.11009152762
     944.67839912621
     974.68559956529
     1005.1292857612
     1036.0070159439
      1067.316313827
     1099.0546687832
      1131.219536025
     1163.8083367903
     1196.8184585319
     1230.2472551126
      1264.092047003
     1298.3501214846
     1333.0187328555
     1368.0951026408
      1403.576419806
     1439.4598409737
     1475.7424906442
     1512.4214614188
     1549.4938142263
      1586.956578553
     1624.8067526753
     1663.0413038952
      1701.657168779
     1740.6512533986
     1780.0204335756
     1819.7615551281
     1859.8714341199
     1900.3468571134
     1941.1845814235
      1982.381335375
     2023.9338185628
     2065.8387021137
     2108.0926289511
      2150.692214062
     2193.6340447668
     2236.9146809905
     2280.5306555371
     2324.4784743658
     2368.7546168697
     2413.3555361565
     2458.2776593314
     2503.5173877821
     2549.0710974666
     2594.9351392017
     2641.1058389552
      2687.579498139
     2734.3523939044
       2781.42077944
     2828.7808842707
     2876.4289145593
     2924.3610534097
     2972.5734611722
     3021.0622757501
     3069.8236129091
     3118.8535665873
     3168.1482092082
     3217.7035919944
     3267.5157452837
     3317.5806788467
     3367.8943822059
     3418.4528249567
     3469.2519570896
     3520.2877093148
     3571.5559933874
     3623.0527024348
     3674.7737112851
     3726.7148767978
     3778.8720381946
     3831.2410173933
     3883.8176193417
     3936.5976323534
     3989.5768284453
     4042.7509636756
     4096.1157784839
     4149.6669980322
     4203.4003325469
     4257.3114776622
     4311.3961147652
     4365.6499113413
      4420.068521321
     4474.6475854281
     4529.3827315288
     4584.2695749815
     4639.3037189881
      4694.480754946
     4749.7962628014
     4805.2458114026
     4860.8249588556
     4916.5292528792
     4972.3542311617
     5028.2954217188
     5084.3483432507
     5140.5085055018
     5196.7714096201
     5253.1325485174
     5309.5874072302
     5366.1314632815
     5422.7601870429
     5479.4690420972
      5536.253485602
     5593.1089686536
     5650.0309366509
     5707.0148296605
     5764.0560827821
     5821.1501265136
     5878.2923871177
     5935.4782869875
      5992.703245014
     6049.9626769525
     6107.2519957897
     6164.5666121117
     6221.9019344705
     6279.2533697536
     6336.6163235497
     6393.9862005184
     6451.3584047577
     6508.7283401718
       6566.09141084
      6623.443021384
     6680.7785773372
      6738.093485511
     6795.3831543645
      6852.642994371
     6909.8684183865
     6967.0548420167
     7024.1976839843
     7081.2923664958
     7138.3343156091
     7195.3189615985
      7252.241739322
     7309.0980885862
     7365.8834545123
     7422.5932879001
     7479.2230455932
     7535.7681908426
     7592.2241936702
     7648.5865312318
     7704.8506881788
     7761.0121570209
     7817.0664384868
      7873.009041884
     7928.8354854592
     7984.5412967576
     8040.1220129803
     8095.5731813424
     8150.8903594297
     8206.0691155543
     8261.1050291097
     8315.9936909251
     8370.7307036187
     8425.3116819491
     8479.7322531678
     8533.9880573687
     8588.0747478372
     8641.9879913994
     8695.7234687681
     8749.2768748889
     8802.6439192861
      8855.820326405
     8908.8018359554
     8961.5842032521
     9014.1631995553
     9066.5346124093
     9118.6942459796
     9170.6379213892
     9222.3614770535
     9273.8607690128
     9325.1316712653
     9376.1700760962
     9426.9718944078
     9477.5330560465
     9527.8495101285
     9577.9172253643
     9627.7321903818
     9677.2904140471
     9726.5879257838
     9775.6207758915
     9824.3850358615
     9872.8767986915
     9921.0921791978
      9969.027314327
     10016.678363465
     10064.041508743
     10111.112955345
      10157.88893181
     10204.365690334
     10250.539507069
     10296.406682424
     10341.963541356
     10387.206433667
     10432.131734294
     10476.735843601
     10521.015187664
     10564.966218559
      10608.58541464
     10651.869280829
     10694.814348887
     10737.417177693
      10779.67435352
     10821.582490306
     10863.138229924
     10904.338242447
     10945.179226418
     10985.657909108
     11025.771046776
     11065.515424933
     11104.887858587
     11143.885192505
     11182.504301457
     11220.742090464
     11258.595495044
     11296.061481455
     11333.137046928
      11369.81921991
     11406.105060293
     11441.991659645
     11477.476141438
      11512.55566127
     11547.227407088
     11581.488599404
     11615.336491507
      11648.76836968
     11681.781553398
      11714.37339554
     11746.541282581
      11778.28263479
     11809.594906422
     11840.475585902
     11870.922196008
     11900.932294048
     11930.503472028
     11959.633356823
     11988.319610332
     12016.559929633
     12044.352047127
     12071.693730679
     12098.582783745
     12125.017045495
     12150.994390921
     12176.512730933
     12201.570012452
     12226.164218474
     12250.293368129
     12273.955516713
     12297.148755709
      12319.87121277
     12342.121051684
     12363.896472303
     12385.195710427
     12406.017037652
     12426.358761157
     12446.219223422
     12465.596801881
     12484.489908466
     12502.896989046
     12520.816522728
     12538.247020977
     12555.187026539
     12571.635112091
     12587.589878567
     12603.049953073
     12618.013986275
     12632.480649114
     12646.448628661
     12659.916622841
     12672.883333679
     12685.347458582
     12697.307678985
     12708.762645426
     12719.710957701
     12730.151138153
     12740.081595256
      12749.50057316
      12758.40608061
     12766.795788777
     12774.666880992
     12782.015825649
      12788.83802146
     12795.127220117
     12800.874535372
     12806.066615185
      12810.68189759
     12814.681636165
     12817.994746735
     12820.730314092
     12823.733969917
     12827.579539264
     12832.388192185
     12838.438171734
      12846.56783217
