4.6
     2.9999465892526
     6.9997912365255
      11.00244563251
     15.053313238953
     19.384953107709
     24.395894942934
     30.323965549035
       37.2171601509
     45.069595216064
     53.871328520612
     63.615159305321
     74.296175391262
     85.910877116079
     98.456597396833
       111.931157369
     126.33266249214
     141.65937916724
     157.90965800935
     175.08188482146
     193.17444846872
      212.1857193413
     232.11403461872
     252.95768800413
     274.71492245893
     297.38392499027
      320.9628228682
     345.44968085504
     370.84249916205
     397.13921193642
     424.33768613991
     452.43572072048
      481.4310460057
     511.32132326621
     542.10414441055
     573.77703178328
     606.33743804454
     639.78274611503
     674.11026917378
     709.31725069922
     745.40086454597
     782.35821505163
     820.18633716878
     858.88219661875
     898.44269006408
     938.86464529741
     980.14482144485
     1022.2799091824
      1065.266530964
     1109.1012412605
     1153.7805268079
     1199.3008068656
     1245.6584334825
     1292.8496917714
     1340.8708001913
     1389.7179108363
     1439.3871097322
     1489.8744171397
     1541.1757878638
     1593.2871115697
      1646.204213105
     1699.9228528274
     1754.4387269393
      1809.747467827
      1865.844644406
     1922.7257624723
     1980.3862650586
      2038.821532796
     2098.0268842811
     2157.9975764489
     2218.7288049494
     2280.2157045313
     2342.4533494291
     2405.4367537563
      2469.160871903
     2533.6205989388
       2598.81077102
     2664.7261658027
     2731.3615028594
     2798.7114441014
      2866.770594205
     2935.5335010436
     3004.9946561228
     3075.1484950216
      3145.989397837
     3217.5116896341
     3289.7096408993
     3362.5774679998
     3436.1093336455
     3510.2993473565
     3585.1415659346
      3660.629993939
     3736.7585841659
     3813.5212381329
     3890.9118065672
     3968.9240898975
     4047.5518387509
     4126.7887544527
     4206.6284895311
     4287.0646482254
     4368.0907869978
     4449.7004150496
     4531.8869948412
      4614.643942615
     4697.9646289231
      4781.842379158
     4866.2704740873
     4951.2421503914
     5036.7506012057
     5122.7889766652
     5209.3503844535
     5296.4278903544
     5384.0145188077
     5472.1032534675
     5560.6870377642
       5649.75877547
     5739.3113312669
     5829.3375313181
     5919.8301638432
     6010.7819796948
     6102.1856929404
     6194.0339814446
     6286.3194874568
     6379.0348181999
     6472.1725464619
     6565.7252111923
     6659.6853180984
     6754.0453402459
     6848.7977186622
     6943.9348629414
     7039.4491518523
     7135.3329339494
     7231.5785281849
      7328.178224525
     7425.1242845664
      7522.408942157
     7620.0244040174
     7717.9628503656
     7816.2164355432
     7914.7772886435
     8013.6375141425
     8112.7891925314
     8212.2243809502
     8311.9351138246
     8411.9134035045
     8512.1512409021
      8612.640596136
      8713.373419172
     8814.3416404692
     8915.5371716264
     9016.9519060297
     9118.5777195018
     9220.4064709532
     9322.4300030339
     9424.6401427871
     9527.0287023037
     9629.5874793783
     9732.3082581666
     9835.1828098429
     9938.2028932592
     10041.360255607
     10144.646633075
     10248.053751516
     10351.573327104
     10455.197067002
     10558.916670027
      10662.72382731
     10766.610222965
     10870.567534756
     10974.587434762
     11078.661590045
     11182.781663316
     11286.939313604
     11391.126196926
     11495.333966951
     11599.554275674
     11703.778774078
     11807.999112812
     11912.206942849
     12016.393916165
     12120.551686401
     12224.671909534
     12328.746244545
     12432.766354089
     12536.723905159
     12640.610569757
      12744.41802556
     12848.137956588
     12951.762053867
     13055.282016097
     13158.689550317
     13261.976372569
     13365.134208562
     13468.154794332
      13571.02987691
     13673.751214976
     13776.310579527
     13878.699754527
     13980.910537575
     14082.934740554
     14184.764190292
     14286.390729215
     14387.806215999
     14489.002526226
     14589.971553031
     14690.705207754
     14791.195420587
     14891.434141221
     14991.413339489
     15091.125006011
     15190.561152838
     15289.713814087
     15388.575046581
     15487.136930489
     15585.391569954
     15683.331093731
     15780.947655815
      15878.23343607
     15975.180640855
     16071.781503649
     16168.028285675
     16263.913276516
     16359.428794736
     16454.567188492
     16549.320836152
     16643.682146901
     16737.643561353
      16831.19755215
     16924.336624574
      17017.05331714
       17109.3402022
      17201.18988653
      17292.59501193
     17383.548255811
     17474.042331778
      17564.06999022
     17653.624018885
     17742.697243462
     17831.282528153
     17919.372776246
     18006.960930683
     18094.039974625
     18180.602932016
     18266.642868138
     18352.152890171
     18437.126147743
     18521.555833476
     18605.435183538
     18688.757478178
     18771.516042268
     18853.704245836
       18935.3155046
     19016.343280491
     19096.781082178
     19176.622465593
     19255.861034438
     19334.490440705
     19412.504385181
     19489.896617952
     19566.660938905
     19642.791198225
     19718.281296886
     19793.125187138
     19867.316872994
      19940.85041071
     20013.719909259
     20085.919530803
     20157.443491162
     20228.286060273
     20298.441562654
     20367.904377855
     20436.668940905
     20504.729742764
     20572.081330758
     20638.718309016
     20704.635338906
     20769.827139453
     20834.288487769
     20898.014219468
     20960.999229077
     21023.238470445
     21084.726957144
     21145.459762871
     21205.432021834
     21264.638929148
     21323.075741212
     21380.737776086
     21437.620413868
     21493.719097058
     21549.029330918
     21603.546683833
     21657.266787658
     21710.185338064
     21762.298094878
     21813.600882415
     21864.089589809
     21913.760171331
     21962.608646708
     22010.631101427
     22057.823687045
     22104.182621475
     22149.704189283
     22194.384741965
      22238.22069822
     22281.208544216
     22323.344833847
     22364.626188979
     22405.049299687
     22444.610924479
     22483.307890514
     22521.137093798
     22558.095499372
      22594.18014148
      22629.38812372
     22663.716619165
     22697.162870472
     22729.724189946
     22761.397959577
     22792.181631025
     22822.072725563
     22851.068833936
     22879.167616156
     22906.366801181
     22932.664186468
      22958.05763735
     22982.545086205
     23006.124531327
     23028.794035423
     23050.551723593
      23071.39578062
     23091.324447303
     23110.336015452
     23128.428820999
     23145.601234384
     23161.851646948
     23177.178451359
     23191.580012917
     23205.054626562
     23217.600450872
     23229.215403806
     23239.896992433
     23249.642023704
     23258.446088946
     23266.302587988
     23273.200728517
      23279.12093082
     23284.022257602
     23287.827173607
     23290.950602938
     23294.972647039
     23301.026039539
