4.7
      2.999944078456
     6.9997476489673
     11.000941906042
     15.031553790184
      19.26584970176
     24.074422059942
     29.734420408655
     36.319403914422
     43.827906779151
     52.249458152999
     61.575996634795
      71.80200734228
     82.923611404474
     94.937908860323
     107.84258082678
     121.63565278897
     136.31535127646
     151.88001480499
     168.32803703613
     185.65782957238
      203.8677970381
     222.95632004089
     242.92174330538
     263.76236727446
     285.47644208001
      308.0621631623
     331.51766805502
     355.84103400722
     381.03027621467
      407.0833465007
       433.998132333
     461.77245609424
     490.40407454686
     519.89067844792
     550.22989228116
     581.41927408177
      613.4563153349
     646.33844093381
     680.06300918652
      714.6273118625
     750.02857427246
     786.26395537626
     823.33054791448
     861.22537856048
     899.94540809023
     939.48753156767
     979.84857854399
     1021.0253132691
     1063.0144349148
     1105.8125778074
     1149.4163116707
     1193.8221418772
     1239.0265097076
      1285.025792618
     1331.8163045148
     1379.3942960362
     1427.7559548404
     1476.8974059011
     1526.8147118077
     1577.5038730733
     1628.9608284471
      1681.181455234
     1734.1615696182
     1787.8969269938
        1842.3832223
      1897.616090362
     1953.5911062366
     2010.3037855637
     2067.7495849221
     2125.9239021914
     2184.8220769175
      2244.439390684
     2304.7710674883
     2365.8122741223
     2427.5581205575
     2490.0036603358
     2553.1438909639
     2616.9737543132
     2681.4881370231
     2746.6818709103
     2812.5497333817
     2879.0864478512
     2946.2866841624
     3014.1450590144
     3082.6561363922
     3151.8144280019
     3221.6143937094
     3292.0504419838
     3363.1169303447
     3434.8081658137
     3507.1184053703
      3580.041856411
     3653.5726772133
     3727.7049774033
      3802.432818427
     3877.7502140257
     3953.6511307155
     4030.1294882701
     4107.1791602076
     4184.7939742811
     4262.9677129729
     4341.6941139923
     4420.9668707769
     4500.7796329979
     4581.1260070684
     4661.9995566552
     4743.3938031948
     4825.3022264117
     4907.7182648404
     4990.6353163517
     5074.0467386804
     5157.9458499584
     5242.3259292483
     5327.1802170833
     5412.5019160075
     5498.2841911207
     5584.5201706255
     5671.2029463782
     5758.3255744416
     5845.8810756415
     5933.8624361252
      6022.262607924
     6111.0745095172
      6200.291026399
     6289.9050116493
     6379.9092865051
     6470.2966409364
     6561.0598342229
     6652.1915955345
     6743.6846245134
     6835.5315918591
     6927.7251399151
     7020.2578832589
     7113.1224092925
     7206.3112788373
     7299.8170267291
     7393.6321624164
     7487.7491705608
     7582.1605116383
     7676.8586225435
     7771.8359171952
     7867.0847871449
     7962.5976021851
     8058.3667109611
     8154.3844415842
     8250.6431022452
     8347.1349818317
     8443.8523505453
     8540.7874605204
     8637.9325464454
     8735.2798261844
     8832.8215014009
     8930.5497581823
     9028.4567676654
     9126.5346866642
     9224.7756582979
     9323.1718126205
     9421.7152672505
     9520.3981280032
     9619.2124895228
     9718.1504359148
     9817.2040413817
     9916.3653708568
      10015.62648064
     10114.979419034
     10214.416226983
     10313.928938706
     10413.509582341
     10513.150180577
       10612.8427513
     10712.579308226
     10812.351861544
     10912.152418556
     11011.972984317
     11111.805562276
     11211.642154915
      11311.47476439
     11411.295393173
     11511.096044693
     11610.868723973
     11710.605438277
     11810.298197741
     11909.939016023
     12009.519910936
      12109.03290509
      12208.47002653
     12307.823309377
     12407.084794462
     12506.246529969
     12605.300572067
     12704.238985549
     12803.053844467
     12901.737232766
     13000.281244922
     13098.677986571
     13196.919575143
     13294.998140492
     13392.905825531
     13490.634786856
     13588.177195379
      13685.52523695
     13782.671112988
     13879.607041104
     13976.325255723
     14072.818008706
     14169.077569976
      14265.09622813
     14360.866291061
     14456.380086573
     14551.629962997
       14646.6082898
     14741.307458204
     14835.719881786
     14929.837997093
     15023.654264244
     15117.161167539
     15210.351216052
     15303.216944241
     15395.750912541
      15487.94570796
     15579.793944672
     15671.288264614
     15762.421338069
     15853.185864257
      15943.57457192
       16033.5802199
     16123.195597727
     16212.413526187
     16301.226857908
     16389.628477921
      16477.61130424
     16565.168288424
     16652.292416142
     16738.976707737
     16825.214218782
      16910.99804064
     16996.321301015
     17081.177164503
     17165.558833139
     17249.459546944
     17332.872584464
     17415.791263307
     17498.208940684
     17580.119013936
     17661.514921064
     17742.390141256
     17822.738195407
     17902.552646643
     17981.827100827
     18060.555207083
     18138.730658295
     18216.347191618
     18293.398588978
     18369.878677566
     18445.781330339
     18521.100466508
     18595.830052023
     18669.964100057
     18743.496671489
     18816.421875374
     18888.733869419
     18960.426860447
     19031.495104866
     19101.932909122
     19171.734630161
     19240.894675877
     19309.407505562
     19377.267630345
     19444.469613637
     19511.008071561
     19576.877673387
     19642.073141953
     19706.589254093
     19770.420841049
     19833.562788889
     19896.010038911
     19957.757588051
     20018.800489282
     20079.133852005
     20138.752842444
      20197.65268403
     20255.828657782
     20313.276102679
      20369.99041604
      20425.96705388
     20481.201531278
     20535.689422732
     20589.426362508
     20642.408044988
     20694.630225007
     20746.088718196
     20796.779401302
     20846.698212518
     20895.841151803
     20944.204281189
     20991.783725092
     21038.575670613
     21084.576367829
     21129.782130083
     21174.189334267
      21217.79442109
     21260.593895349
     21302.584326189
     21343.762347345
     21384.124657394
     21423.668019977
     21462.389264026
     21500.285283971
     21537.353039937
     21573.589557928
     21608.991929992
     21643.557314371
     21677.282935628
     21710.166084751
     21742.204119227
     21773.394463084
     21803.734606893
     21833.222107717
     21861.854589006
     21889.629740412
     21916.545317517
     21942.599141443
     21967.789098311
     21992.113138518
     22015.569275757
     22038.155585726
     22059.870204394
      22080.71132571
     22100.677198508
     22119.766122358
     22137.976441899
     22155.306539056
     22171.754822187
      22187.31971075
     22201.999613245
     22215.792894915
     22228.697829371
     22240.712524358
     22251.834804497
     22262.062019781
     22271.390720012
     22279.816073647
     22287.330764037
     22293.922711958
     22299.569774391
      22304.22501146
     22307.818413669
     22310.934106032
     22315.101151362
     22321.299796257
