5.9
     2.9999117014417
     6.9995584933232
     10.998922769858
     14.998010462941
      18.99702625068
     22.999545411034
      27.03681687574
     31.236068217172
     35.822931985729
      40.96805543671
     46.724076602951
     53.089195832818
     60.051847932012
     67.602096795777
     75.732686651568
     84.438368012819
     93.715230381426
     103.56024116167
     113.97094653493
     124.94527780894
     136.48142412533
     148.57774710233
     161.23272242012
     174.44489906532
      188.2128703861
     202.53525320018
     217.41067249339
     232.83775006421
     248.81509599664
     265.34130218869
     282.41493739491
      300.0345433972
     318.19863202593
     336.90568282877
     356.15414123758
      375.9424171218
     396.26888364455
     417.13187635761
     438.52969248644
     460.46059036762
      482.9227890093
     505.91446775171
     529.43376600962
     553.47878308241
     578.04757802012
     603.13816953636
     628.74853596071
     654.87661522433
      681.5203048741
      708.6774621111
     736.34590385011
     764.52340679749
     793.20770754499
     822.39650267772
     852.08744889461
     882.27816314009
     912.96622274577
     944.14916558119
      975.8244902129
     1007.9896560711
     1040.6420836232
      1073.779154554
     1107.3982119518
        1141.4965605
     1176.0714666746
     1211.1201589458
     1246.6398279854
     1282.6276268781
     1319.0806713375
     1355.9960399256
     1393.3707742779
     1431.2018793303
     1469.4863235517
     1508.2210391794
     1547.4029224574
       1587.02883388
     1627.0955984369
      1667.600005863
     1708.5388108906
     1749.9087335052
     1791.7064592045
     1833.9286392602
     1876.5718909832
     1919.6327979912
     1963.1079104799
     2006.9937454966
     2051.2867872171
     2095.9834872249
     2141.0802647936
     2186.5735071715
       2232.45956987
      2278.734776953
     2325.3954213308
     2372.4377650549
     2419.8580396166
     2467.6524462473
     2515.8171562222
     2564.3483111651
     2613.2420233575
     2662.4943760483
     2712.1014237672
     2762.0591926393
     2812.3636807036
     2863.0108582319
     2913.9966680513
      2965.317025869
     3016.9678205982
      3068.944914687
     3121.2441444496
     3173.8613203991
     3226.7922275826
     3280.0326259183
     3333.5782505352
     3387.4248121135
     3441.5679972285
     3496.0034686957
     3550.7268659172
     3605.7338052317
     3661.0198802644
     3716.5806622803
     3772.4117005382
     3828.5085226474
     3884.8666349253
     3941.4815227575
     3998.3486509586
      4055.463464136
      4112.821387054
     4170.4178250005
     4228.2481641545
     4286.3077719556
     4344.5919974752
     4403.0961717884
     4461.8156083482
     4520.7456033607
     4579.8814361615
     4639.2183695939
     4698.7516503882
     4758.4765095424
     4818.3881627037
     4878.4818105523
     4938.7526391852
     4999.1958205016
       5059.80651259
     5120.5798601158
       5181.51099471
      5242.595035359
     5303.8270887958
     5365.2022498917
     5426.7156020493
     5488.3622175957
     5550.1371581781
     5612.0354751586
     5674.0522100107
     5736.1823947163
     5798.4210521641
     5860.7631965477
     5923.2038337652
     5985.7379618193
     6048.3605712172
      6111.066645373
     6173.8511610087
     6236.7090885565
     6299.6353925623
     6362.6250320886
     6425.6729611181
      6488.774128958
      6551.923480645
     6615.1159573496
     6678.3464967817
     6741.6100335956
     6804.9014997968
     6868.2158251466
     6931.5479375692
     6994.8927635575
     7058.2452285797
     7121.6002574861
     7184.9527749148
     7248.2977056991
     7311.6299752737
     7374.9445100811
     7438.2362379781
     7501.5000886423
     7564.7309939778
      7627.923888522
     7691.0737098504
     7754.1753989827
     7817.2239007881
     7880.2141643902
     7943.1411435712
     8005.9997971768
     8068.7850895194
     8131.4919907822
     8194.1154774217
     8256.6505325698
     8319.0921464364
     8381.4353167104
     8443.6750489606
     8505.8063570351
     8567.8242634621
     8629.7237998471
      8691.500007272
     8753.1479366921
     8814.6626493322
      8876.039217083
     8937.2727228949
     8998.3582611726
     9059.2909381681
     9120.0658723723
     9180.6781949064
      9241.123049912
     9301.3955949398
     9361.4910013375
     9421.4044546372
     9481.1311549406
     9540.6663173029
     9600.0051721177
     9659.1429654976
     9718.0749596559
     9776.7964332855
     9835.3026819376
     9893.5890183985
     9951.6507730644
     10009.483294316
     10067.081948893
     10124.442122259
     10181.559218981
     10238.428663086
     10295.045898437
     10351.406389096
      10407.50561968
     10463.339095734
     10518.902344081
     10574.190913186
     10629.200373513
     10683.926317874
     10738.364361788
     10792.510143829
     10846.359325977
     10899.907593961
     10953.150657611
     11006.084251197
     11058.704133771
     11111.006089509
     11162.985928044
     11214.639484805
     11265.962621351
     11316.951225697
      11367.60121265
     11417.908524128
     11467.869129495
     11517.479025871
     11566.734238461
     11615.630820873
     11664.164855427
     11712.332453473
     11760.129755701
      11807.55293245
     11854.598184012
     11901.261740937
     11947.539864333
     11993.428846165
     12038.925009552
     12084.024709056
     12128.724330978
     12173.020293644
     12216.909047688
     12260.387076338
     12303.450895691
     12346.097054998
     12388.322136927
     12430.122757846
     12471.495568082
      12512.43725219
     12552.944529217
     12593.014152957
     12632.642912209
     12671.827631033
     12710.565168993
     12748.852421409
     12786.686319597
     12824.063831108
     12860.981959967
     12897.437746902
     12933.428269572
     12968.950642794
     13004.002018763
     13038.579587265
     13072.680575895
     13106.302250257
     13139.441914173
     13172.096909878
     13204.264618212
     13235.942458809
     13267.127890275
     13297.818410364
     13328.011556148
     13357.704904174
     13386.896070618
      13415.58271143
     13443.762522463
     13471.433239604
     13498.592638878
      13525.23853655
     13551.368789208
     13576.981293824
     13602.073987808
     13626.644849022
     13650.691895785
     13674.213186835
     13697.206821261
     13719.670938391
     13741.603717631
     13763.003378243
     13783.868179048
      13804.19641805
     13823.986431943
     13843.236595494
     13861.945320765
     13880.111056134
     13897.732285063
     13914.807524559
     13931.335323227
     13947.314258819
     13962.742935115
     13977.619977956
     13991.944030141
     14005.713744834
     14018.927776954
     14031.584771851
     14043.683350228
     14055.222087844
     14066.199487829
     14076.613942361
      14086.46367873
     14095.746682008
     14104.460581746
     14112.602481755
     14120.168696649
     14127.154329006
     14133.552559116
     14139.353378582
     14144.541137471
     14149.089164513
     14152.946053123
     14156.049510475
     14158.836842823
     14162.295329354
     14166.760018685
     14172.478437489
     14180.250232589
