5.3
     2.9999287481381
     6.9996439026016
     10.999149401562
     14.999167841671
     19.011884390594
     23.123799779251
     27.579516154688
     32.648409146539
     38.446890142816
     44.988480035584
     52.262824814187
     60.259504950759
      68.97098276504
     78.391958546978
     88.518580570475
     99.347907052471
     110.87756952008
     123.10556296732
     136.03011274646
     149.64958818942
     163.96244524395
     178.96718754079
     194.66233943827
     211.04642702049
     228.11796448392
     245.87544424236
     264.31732964188
      283.4420495362
     303.24799420774
     323.73351227474
     344.89690833015
     366.73644112978
     389.25032219723
     412.43671474837
      436.2937328631
     460.81944085055
     486.01185276647
       511.868932052
      538.3885912695
     565.56869191708
     593.40704430719
     621.90140749798
     651.04948926822
     680.84894612887
     711.29738336533
     742.39235510582
     774.13136441219
     806.51186339001
     839.53125331561
     873.18688477784
     907.47605783295
     942.39602217127
     977.94397729429
     1014.1170727015
     1050.9124080858
     1088.3270335373
     1126.3579497538
     1165.0021082594
     1204.2564116289
     1244.1177137183
     1284.5828199019
     1325.6484873141
      1367.311425097
     1409.5682946537
     1452.4157099055
     1495.8502375546
     1539.8683973514
     1584.4666623662
     1629.6414592654
     1675.3891685924
     1721.7061250519
     1768.5886177989
     1816.0328907324
     1864.0351427914
     1912.5915282571
     1961.6981570566
     2011.3510950726
     2061.5463644554
     2112.2799439392
     2163.5477691622
     2215.3457329897
      2267.669685842
     2320.5154360243
     2373.8787500615
     2427.7553530353
      2482.140928926
     2537.0311209562
     2592.4215319395
      2648.307724631
     2704.6852220819
     2761.5495079976
     2818.8960270981
     2876.7201854823
     2935.0173509956
     2993.7828535996
     3053.0119857462
     3112.7000027534
     3172.8421231858
     3233.4335292359
     3294.4693671105
     3355.9447474185
     3417.8547455622
     3480.1944021318
     3542.9587233016
       3606.14268123
     3669.7412144623
     3733.7492283349
      3798.161595384
     3862.9731557554
      3928.178717618
     3993.7730575792
     4059.7509211028
     4126.1070229305
     4192.8360475042
     4259.9326493917
     4327.3914537154
     4395.2070565818
     4463.3740255144
     4531.8868998892
     4600.7401913715
     4669.9283843552
      4739.445936405
     4809.2872786997
     4879.4468164786
     4949.9189294893
     5020.6979724378
     5091.7782754406
     5163.1541444785
     5234.8198618532
      5306.769686645
     5378.9978551719
     5451.4985814521
     5524.2660576672
     5597.2944546267
     5670.5779222357
      5744.110589963
     5817.8865673112
     5891.8999442887
     5966.1447918831
     6040.6151625357
     6115.3050906183
     6190.2085929106
     6265.3196690799
     6340.6323021613
     6416.1404590398
     6491.8380909333
     6567.7191338777
     6643.7775092117
     6720.0071240647
     6796.4018718438
     6872.9556327238
     6949.6622741368
     7026.5156512637
     7103.5096075266
     7180.6379750811
     7257.8945753114
     7335.2732193247
     7412.7677084467
     7490.3718347186
     7568.0793813943
     7645.8841234378
     7723.7798280228
     7801.7602550311
     7879.8191575528
      7957.950282387
     8036.1473705421
     8114.4041577376
     8192.7143749058
     8271.0717486939
     8349.4700019667
     8427.9028543091
     8506.3640225297
     8584.8472211634
     8663.3461629758
     8741.8545594662
     8820.3661213713
     8898.8745591699
     8977.3735835854
     9055.8569060905
     9134.3182394108
     9212.7512980287
      9291.149798686
     9369.5074608885
     9447.8180074083
     9526.0751647867
     9604.2726638371
     9682.4042401471
     9760.4636345801
      9838.444593777
     9916.3408706571
     9994.1462249183
     10071.854423538
      10149.45924127
     10226.954461146
     10304.333874974
      10381.59128383
     10458.720498564
     10535.715340286
     10612.569640868
     10689.277243435
     10765.832002859
     10842.227786252
     10918.458473455
     10994.517957531
     11070.400145253
     11146.098957592
     11221.608330205
     11296.922213918
     11372.034575214
     11446.939396716
     11521.630677667
     11596.102434411
     11670.348700876
     11744.363529044
     11818.140989439
     11891.675171591
     11964.960184516
     12037.990157186
     12110.759238999
     12183.261600248
     12255.491432589
     12327.442949504
     12399.110386768
     12470.488002907
     12541.570079661
     12612.350922439
     12682.824860779
     12752.986248799
     12822.829465652
     12892.348915972
     12961.539030328
     13030.394265665
      13098.90910575
     13167.078061617
     13234.895672001
     13302.356503777
     13369.455152401
     13436.186242332
     13502.544427474
     13568.524391597
     13634.120848765
     13699.328543757
     13764.142252494
      13828.55678245
     13892.566973073
     13956.167696196
     14019.353856448
     14082.120391662
     14144.462273281
      14206.37450676
     14267.852131965
     14328.890223572
      14389.48389146
     14449.628281103
      14509.31857396
     14568.549987855
     14627.317777367
     14685.617234205
     14743.443687587
     14800.792504612
     14857.659090632
     14914.038889618
     14969.927384526
     15025.320097657
     15080.212591014
     15134.600466661
     15188.479367067
     15241.844975462
     15294.693016176
     15347.019254982
     15398.819499435
     15450.089599205
     15500.825446409
     15551.022975937
     15600.678165777
     15649.787037333
     15698.345655744
     15746.350130197
     15793.796614231
     15840.681306048
      15887.00044881
      15932.75033094
     15977.927286409
     16022.527695033
     16066.547982751
      16109.98462191
     16152.834131539
     16195.093077621
     16236.758073363
     16277.825779453
     16318.292904324
     16358.156204404
      16397.41248436
     16436.058597348
     16474.091445243
     16511.507978872
     16548.305198239
     16584.480152742
     16620.029941386
     16654.951712982
     16689.242666348
     16722.900050492
     16755.921164792
     16788.303359159
     16820.044034196
     16851.140641337
     16881.590682978
     16911.391712587
     16940.541334795
     16969.037205466
     16996.877031746
     17024.058572074
     17050.579636166
     17076.438084953
     17101.631830467
     17126.158835675
     17150.017114228
     17173.204730131
     17195.719797293
     17217.560478939
     17238.724986853
     17259.211580392
     17279.018565219
     17298.144291672
     17316.587152654
     17334.345580899
      17351.41804541
     17367.803046778
     17383.499110988
     17398.504781148
     17412.818606309
      17426.43912618
     17439.364849934
     17451.594226362
     17463.125601096
     17473.957154068
     17484.086805988
     17493.512074737
     17502.229847988
     17510.236009557
     17517.524796682
     17524.087627463
     17529.910783499
     17534.970255094
     17539.218174944
     17542.583137633
     17545.502841581
     17549.186653269
     17554.184186444
     17561.202709048
