4.8
     2.9999416035698
     6.9997204492697
     11.000114817294
     15.017776602348
     19.177580356428
     23.808323901483
     29.218055487773
     35.511945929254
     42.695890592526
     50.759344782336
     59.693351315439
     69.491716077799
     80.150123025845
     91.665399639946
     104.03505964239
      117.2570289692
     131.32947964787
     146.25072664005
     162.01916208104
     178.63321228942
     196.09130900391
     214.39186973286
     233.53328407622
     253.51390404591
     274.33203711552
     295.98594116634
     318.47382077306
     341.79382445006
     365.94404259643
     390.92250595591
     416.72718446101
     443.35598636715
     470.80675760823
     499.07728132315
     528.16527751539
     558.06840281779
     588.78425034066
     620.31034958716
     652.64416642307
     685.78310309139
     719.72449826377
     754.46562712313
     790.00370147225
     826.33586986487
     863.45921775606
     901.37076766941
     940.06747937901
     979.54625010469
     1019.8039147191
     1060.8372459654
     1102.6429546853
     1145.2176900551
     1188.5580398316
     1232.6605306047
     1277.5216280578
     1323.1377372361
       1369.50520282
     1416.6203094067
     1464.4792817967
      1513.078285287
       1562.41342597
      1612.480751038
     1663.2762490933
     1714.7958504633
      1767.035427522
      1819.990795015
     1873.6577103914
     1928.0318741392
     1983.1089301266
      2038.884465948
     2095.3540132741
     2152.5130482082
     2210.3569916452
     2268.8812096374
     2328.0810137629
     2387.9516615003
     2448.4883566061
     2509.6862494984
     2571.5404376431
     2634.0459659465
       2697.19782715
      2760.990962231
     2825.4202608069
     2890.4805615435
     2956.1666525681
     3022.4732718856
     3089.3951077998
     3156.9267993382
     3225.0629366807
     3293.7980615926
     3363.1266678611
     3433.0432017362
     3503.5420623747
      3574.617602289
     3646.2641277986
     3718.4758994862
     3791.2471326569
     3864.5719978013
     3938.4446210622
     4012.8590847051
     4087.8094275914
     4163.2896456562
     4239.2936923888
     4315.8154793167
     4392.8488764935
     4470.3877129894
     4548.4257773855
      4626.956818271
     4705.9745447442
     4785.4726269156
     4865.4446964156
      4945.884346904
     5026.7851345831
     5108.1405787137
     5189.9441621343
     5272.1893317832
     5354.8694992228
     5437.9780411676
     5521.5083000145
     5605.4535843763
     5689.8071696173
     5774.5622983921
     5859.7121811866
     5945.2499968619
     6031.1688932009
     6117.4619874567
      6204.122366904
     6291.1430893927
     6378.5171839044
     6466.2376511103
     6554.2974639315
     6642.6895681031
     6731.4068827376
     6820.4423008934
     6909.7886901433
     6999.4388931459
     7089.3857282195
     7179.6219899164
     7270.1404496006
     7360.9338560271
     7451.9949359217
      7543.316394565
     7634.8909163753
     7726.7111654958
     7818.7697863813
     7911.0594043881
     8003.5726263638
      8096.302041241
     8189.2402206291
     8282.3797194108
      8375.713076338
      8469.232814629
     8562.9314425684
      8656.801454106
     8750.8353294593
      8845.025535715
     8939.3645274328
     9033.8447472495
     9128.4586264849
     9223.1985857475
     9318.0570355424
     9413.0263768781
     9508.0990018765
     9603.2672943818
       9698.52363057
     9793.8603795606
     9889.2699040275
     9984.7445608106
     10080.276701528
     10175.858673189
     10271.482818808
     10367.141478015
     10462.826987674
     10558.531682491
     10654.247895633
      10749.96795934
      10845.68420554
     10941.388966461
     11037.074575249
     11132.733366579
     11228.357677272
     11323.939846906
      11419.47221843
      11514.94713878
      11610.35695949
     11705.694037304
     11800.950734791
     11896.119420953
     11991.192471841
     12086.162271161
     12181.021210889
     12275.761691876
     12370.376124459
     12464.856929068
     12559.196536836
     12653.387390202
     12747.421943516
     12841.292663649
      12934.99203059
      13028.51253805
     13121.846694068
     13214.987021606
     13307.926059147
       13400.6563613
     13493.170499389
     13585.461062051
     13677.520655831
     13769.341905772
     13860.917456007
     13952.239970349
     14043.302132876
     14134.096648521
     14224.616243654
     14314.853666663
      14404.80168854
     14494.453103455
     14583.800729336
     14672.837408444
     14761.556007947
     14849.949420489
     14938.010564762
     15025.732386073
     15113.107856906
      15200.12997749
     15286.791776357
     15373.086310899
     15459.006667927
     15544.545964225
     15629.697347097
     15714.453994923
     15798.809117698
     15882.755957582
     15966.287789437
      16049.39792137
     16132.079695265
     16214.326487318
     16296.131708569
     16377.488805427
     16458.391260198
     16538.832591604
     16618.806355306
     16698.306144416
     16777.325590013
     16855.858361652
     16933.898167873
     17011.438756701
     17088.473916151
     17164.997474723
     17241.003301898
     17316.485308626
     17391.437447817
     17465.853714825
     17539.728147927
       17613.0548288
     17685.827882999
     17758.041480423
     17829.689835784
     17900.767209069
     17971.267906003
     18041.186278498
     18110.516725114
     18179.253691499
     18247.391670841
     18314.925204303
     18381.848881462
     18448.157340744
     18513.845269848
     18578.907406177
     18643.338537255
     18707.133501144
      18770.28718686
     18832.794534777
     18894.650537035
     18955.850237939
     19016.388734355
     19076.261176101
     19135.462766336
     19193.988761939
     19251.834473894
     19308.995267658
      19365.46656353
     19421.243837023
     19476.322619216
     19530.698497113
     19584.367113994
      19637.32416976
     19689.565421273
     19741.086682695
     19791.883825817
     19841.952780383
     19891.289534414
     19939.890134521
     19987.750686216
     20034.867354215
     20081.236362739
     20126.853995803
     20171.716597506
     20215.820572309
     20259.162385311
     20301.738562513
     20343.545691079
      20384.58041959
     20424.839458286
     20464.319579302
     20503.017616895
      20540.93046766
     20578.055090734
     20614.388507994
      20649.92780423
     20684.670127315
     20718.612688354
     20751.752761805
     20784.087685595
     20815.614861188
     20846.331753641
     20876.235891614
     20905.324867331
     20933.596336499
     20961.048018148
     20987.677694395
     21013.483210107
     21038.462472428
     21062.613450144
     21085.934172838
     21108.422729763
     21130.077268357
     21150.895992274
     21170.877158771
     21190.019075215
     21208.320094384
     21225.778608083
     21242.393038369
     21258.161825349
     21273.083409927
     21287.156209037
     21300.378579364
     21312.748763059
     21324.264804435
      21334.92441841
     21344.724775543
     21353.662136267
     21361.731196616
     21368.923840619
     21375.226545922
     21380.614248318
     21385.033210185
     21388.434687463
     21391.581812282
     21395.894349226
     21402.235478326
