3.7
     3.0001931529528
     7.0175681161933
     11.263572170008
     16.352099386473
     22.773540407538
     30.647910949005
     39.979663460393
     50.761951135673
     62.989556857557
     76.658912810538
     91.767380343788
     108.31279750958
     126.29323039673
     145.70683613427
     166.55178514845
     188.82621550424
     212.52820519245
     237.65575480149
     264.20677639623
     292.17908621959
     321.57039981376
     352.37832871166
       384.600378171
     418.23394561583
     453.27631956721
     489.72467891906
     527.57609246156
     566.82751858539
     607.47580512049
     649.51768927625
     692.94979765982
     737.76864635554
     783.97064105304
     831.55207721464
     880.50914027541
     930.83790587051
     982.53434008584
     1035.5942997292
     1090.0135326191
     1145.7876778901
     1202.9122663126
     1261.3827206258
     1321.1943558843
     1382.3423798155
     1444.8218931887
     1508.6278901952
     1573.7552588386
     1640.1987813348
     1707.9531345224
     1777.0128902825
     1847.3725159669
      1919.026374837
     1991.9687265106
     2066.1937274179
      2141.695431266
     2218.4677895127
     2296.5046518481
      2375.799766685
      2456.346781658
     2538.1392441299
     2621.1706017078
     2705.4342027659
     2790.9232969775
     2877.6310358544
     2965.5504732946
     3054.6745661377
     3144.9961747285
     3236.5080634879
     3329.2029014921
     3423.0732630593
     3518.1116283436
     3614.3103839375
     3711.6618234807
     3810.1581482777
     3909.7914679214
     4010.5538009255
     4112.4370753632
     4215.4331295137
     4319.5337125156
     4424.7304850277
     4531.0150198967
     4638.3788028324
     4746.8132330891
     4856.3096241548
     4966.8592044466
     5078.4531180135
     5191.0824252452
     5304.7381035888
     5419.4110482708
     5535.0920730268
      5651.771910837
     5769.4412146683
     5888.0905582235
      6007.710436696
     6128.2912675311
     6249.8233911935
     6372.2970719413
     6495.7024986054
      6620.029785376
     6745.2689725939
     6871.4100275483
     6998.4428452808
     7126.3572493948
     7255.1429928701
     7384.7897588845
     7515.2871616396
     7646.6247471928
      7778.791994295
     7911.7783152334
     8045.5730566792
     8180.1655005412
     8315.5448648243
     8451.7003044937
     8588.6209123426
     8726.2957198668
      8864.713698143
     9003.8637587126
     9143.7347544689
     9284.3154805515
     9425.5946752428
     9567.5610208704
     9710.2031447142
     9853.5096199166
     9997.4689663982
     10142.069651778
     10287.300092295
     10433.148653741
     10579.603652387
     10726.653355921
      10874.28598439
     11022.489711141
      11171.25266377
     11320.562925072
     11470.408533996
     11620.777486604
     11771.657737031
      11923.03719845
     12074.903744044
     12227.245207972
     12380.049386345
     12533.304038207
     12686.996886514
     12841.115619113
     12995.647889735
      13150.58131898
     13305.903495311
     13461.601976044
      13617.66428835
     13774.077930252
     13930.830371626
     14087.909055204
     14245.301397583
     14402.994790229
     14560.976600491
      14719.23417261
     14877.754828735
     15036.525869936
     15195.534577224
     15354.768212568
     15514.214019917
      15673.85922622
     15833.691042451
     15993.696664633
     16153.863274862
     16314.178042337
     16474.628124385
      16635.20066749
     16795.882808327
     16956.661674785
     17117.524387005
     17278.458058408
     17439.449796729
     17600.486705047
     17761.555882824
      17922.64442693
     18083.739432687
     18244.827994892
      18405.89720886
      18566.93417145
     18727.925982106
     18888.859743884
     19049.722564491
     19210.501557313
     19371.183842449
     19531.756547743
     19692.206809816
     19852.521775096
     20012.688600846
     20172.694456196
     20332.526523166
       20492.1719977
     20651.618090684
     20810.852028976
     20969.861056428
     21128.632434905
     21287.153445311
     21445.411388601
     21603.393586805
      21761.08738404
     21918.480147523
     22075.559268588
     22232.312163687
      22388.72627541
      22544.78907348
     22700.488055763
      22855.81074927
     23010.744711151
     23165.277529697
     23319.396825332
     23473.090251605
      23626.34549618
     23779.150281819
     23931.492367371
     24083.359548748
     24234.739659905
     24385.620573815
     24535.990203438
      24685.83650269
     24835.147467412
     24983.911136326
     25132.115591996
     25279.748961784
     25426.799418798
     25573.255182843
     25719.104521359
     25864.335750369
     26008.937235408
     26152.897392459
     26296.204688879
     26438.847644324
      26580.81483167
     26722.094877923
     26862.676465137
     27002.548331317
     27141.699271322
     27280.118137761
     27417.793841888
     27554.715354491
     27690.871706774
     27826.251991234
     27960.845362541
     28094.641038398
     28227.628300414
     28359.796494954
     28491.135033999
     28621.633395992
     28751.281126679
      28880.06783995
     29007.983218668
     29135.017015497
     29261.159053722
     29386.399228067
       29510.7275055
      29634.13392604
     29756.608603554
     29878.141726549
     29998.723558957
     30118.344440917
     30236.994789548
     30354.665099713
     30471.345944788
     30587.027977411
     30701.701930231
     30815.358616653
     30927.988931574
      31039.58385211
     31150.134438319
     31259.631833918
     31368.067266994
     31475.432050703
     31581.717583968
     31686.915352167
     31791.016927816
     31894.013971242
     31995.898231254
     32096.661545801
     32196.295842627
     32294.793139914
     32392.145546927
     32488.345264642
      32583.38458637
     32677.255898377
     32769.951680487
     32861.464506694
     32951.787045747
     33040.912061739
     33128.832414691
     33215.541061115
     33301.031054584
     33385.295546283
      33468.32778556
     33550.121120462
     33630.668998268
     33709.964966015
     33788.002671004
     33864.775861319
     33940.278386316
     34014.504197116
     34087.447347088
     34159.101992319
     34229.462392078
     34298.522909274
     34366.278010897
     34432.722268462
     34497.850358431
     34561.657062631
     34624.137268665
     34685.285970307
     34745.098267896
     34803.569368702
     34860.694587302
     34916.469345928
      34970.88917481
     35023.949712498
     35075.646706185
     35125.976011994
     35174.933595261
      35222.51553079
     35268.718003095
     35313.537306601
     35356.969845825
     35399.012135515
     35439.660800742
     35478.912576936
     35516.764309844
      35553.21295541
     35588.255579511
     35621.889357551
     35654.111573836
     35684.919620638
     35714.310996875
     35742.283306183
     35768.834254175
      35793.96164446
     35817.663372833
     35839.937418654
     35860.781831813
      35880.19471257
     35898.174179535
     35914.718317186
     35929.825086594
     35943.492166744
     35955.716657082
     35966.494481885
     35975.819091696
     35983.678282176
     35990.044894923
     35994.849921375
     35998.406144493
     36003.039760798
