100
     2.9743972323802
     6.8707133474626
     10.681071048187
     14.402294986246
     18.030788441448
     21.562432505192
     24.992448308037
      28.31520296506
      31.52392598426
     34.610275308629
     37.563632717837
     40.369865129024
     43.008899070594
     45.449693791392
     47.650013623283
     49.651182348945
     51.729031656496
     54.083501077559
     56.708284933163
     59.569376124186
     62.645705056969
     65.924170647963
     69.395967655671
     73.054842410598
     76.896177356646
     80.916462731604
     85.112969876119
     89.483538470687
     94.026432256276
     98.740237973222
     103.62379266616
     108.67613021915
     113.89644128602
     119.28404276909
      124.3397903351
     124.83835424072
     130.55887950101
     136.44519199319
     142.49692315569
      148.7137530366
     155.09540267012
     161.64162783847
      168.3522139331
     175.22697169509
     182.26573366398
     189.46835120141
     196.83469198408
     204.36463788216
     212.05808315604
     219.91493291737
     227.93510181051
     236.11851287872
     244.46509658579
     252.97478996903
     261.64753590369
     270.48328246216
     279.48198235433
     288.64359243727
     297.96807328472
     307.45538880799
      317.1055059215
     326.91839424684
     336.89402585053
     347.03237501096
     357.33341801097
     367.79713295284
     378.42349959297
     389.21249919384
     400.16411439127
     411.27832907514
     422.55512828208
      433.9944980987
     445.59642557431
     457.36089864191
     469.28790604672
     481.37743728138
     493.62948252708
     506.04403260004
     518.62107890281
     531.36061337986
     544.26262847709
     557.32711710474
     570.55407260357
     583.94348871383
     597.49535954681
     611.20967955874
     625.08644352678
     639.12564652702
     653.32728391413
     667.69135130263
     682.21784454968
     696.90675973908
     711.75809316659
     726.77184132628
     741.94800089792
     757.28656873528
     772.78754185536
     788.45091742823
     804.27669276777
     820.26486532295
     836.41543266979
     852.72839250378
     869.20374263295
     885.84148097126
     902.64160553259
       919.604114425
     936.72900584545
     954.01627807478
     971.46592947313
     989.07795847557
      1006.852363588
     1024.7891433834
     1042.8882964981
     1061.1498216287
     1079.5737175287
     1098.1599830054
     1116.9086169175
     1135.8196181723
     1154.8929857231
     1174.1287185672
     1193.5268157433
     1213.0872763298
     1232.8100994428
      1252.695284234
     1272.7428298893
     1292.9527356271
     1313.3250006966
     1333.8596243766
     1354.5566059737
     1375.4159448215
     1396.4376402791
       1417.62169173
     1438.9680985809
     1460.4768602608
     1482.1479762198
     1503.9814459284
     1525.9772688766
     1548.1354445727
      1570.455972543
     1592.9388523306
      1615.584083495
     1638.3916656112
     1661.3615982691
     1684.4938810729
     1707.7885136405
      1731.245495603
      1754.864826604
     1778.6465062993
     1802.5905343561
     1826.6969104529
     1850.9656342788
     1875.3967055332
     1899.9901239255
     1924.7458891741
     1949.6640010072
     1974.7444591611
     1999.9872633808
     2025.3924134196
     2050.9599090382
      2076.689750005
     2102.5819360957
     2128.6364670927
     2154.8533427853
     2181.2325629692
     2207.7741274463
     2234.4780360245
     2261.3442885173
     2288.3728847441
     2315.5638245294
     2342.9171077029
     2370.4327340993
     2398.1107035584
     2425.9510159242
     2453.9536710454
     2482.1186687752
     2510.4460089707
     2538.9356914932
     2567.5877162079
     2596.4020829838
     2625.3787916934
     2654.5178422128
     2683.8192344217
     2713.2829682029
     2742.9090434424
     2772.6974600294
     2802.6482178559
      2832.761316817
     2863.0367568106
      2893.474537737
     2924.0746594995
     2954.8371220037
     2985.7619251579
     3016.8490688725
     3048.0985530604
     3079.5103776366
     3111.0845425185
     3142.8210476254
     3174.7198928787
     3206.7810782019
     3239.0046035201
     3271.3904687606
     3303.9386738524
     3336.6492187262
     3369.5221033144
     3402.5573275511
      3435.754891372
     3469.1147947144
     3502.6370375169
       3536.32161972
     3570.1685412651
     3604.1778020953
     3638.3494021551
       3672.68334139
     3707.1796197472
     3741.8382371747
      3776.659193622
     3811.6424890397
     3846.7881233795
     3882.0960965941
     3917.5664086376
     3953.1990594647
     3988.9940490315
      4024.951377295
     4061.0710442129
     4097.3530497443
     4133.7973938487
     4170.4040764869
     4207.1730976204
     4244.1044572115
     4281.1981552234
       4318.45419162
     4355.8725663662
     4393.4532794274
     4431.1963307699
     4469.1017203606
     4507.1694481672
     4545.3995141581
     4583.7919183023
     4622.3466605694
     4661.0637409297
     4699.9431593542
     4738.9849158143
     4778.1890102823
     4817.5554427307
     4857.0842131328
     4896.7753214624
     4936.6287676938
     4976.6445518018
     5016.8226737618
     5057.1631335496
     5097.6659311415
     5138.3310665144
     5179.1585396454
     5220.1483505122
     5261.3004990931
     5302.6149853664
     5344.0918093114
     5385.7309709072
     5427.5324701338
     5469.4963069712
     5511.6224814001
     5553.9109934014
     5596.3618429563
     5638.9750300465
      5681.750554654
     5724.6884167612
     5767.7886163506
     5811.0511534054
     5854.4760279088
     5898.0632398443
      5941.812789196
      5985.724675948
     6029.7989000849
     6074.0354615914
     6118.4343604526
     6162.9955966538
     6207.7191701807
     6252.6050810191
      6297.653329155
      6342.863914575
     6388.2368372655
     6433.7720972134
     6479.4696944058
       6525.32962883
     6571.3519004736
     6617.5365093242
     6663.8834553698
     6710.3927385987
     6757.0643589991
     6803.8983165596
     6850.8946112691
     6898.0532431165
     6945.3742120909
     6992.8575181816
     7040.5031613783
     7088.3111416705
     7136.2814590482
     7184.4141135014
     7232.7091050203
     7281.1664335953
     7329.7860992168
     7378.5681018757
     7427.5124415627
     7476.6191182688
     7525.8881319852
     7575.3194827031
      7624.913170414
     7674.6691951095
     7724.5875567812
      7774.668255421
     7824.9112910208
     7875.3166635728
     7925.8843730691
     7976.6144195022
     8027.5068028645
     8078.5615231486
     8129.7785803471
      8181.157974453
     8232.6997054591
     8284.4037733585
     8336.2701781443
     8388.2989198098
     8440.4899983484
     8492.8434137535
     8545.3591660188
     8598.0372551378
     8650.8776811043
     8703.8804439122
     8757.0455435554
     8810.3729800281
     8863.8627533242
     8917.5148634381
      8971.329310364
     9025.3060940964
     9079.4452146297
     9133.7466719584
     9188.2104660773
      9242.836596981
     9297.6250646644
     9352.5758691222
     9407.6890103496
     9462.9644883414
     9518.4023030928
      9574.002454599
     9629.7649428551
     9685.6897678616
     9741.7769316357
     9798.0269257948
     9854.4986956461
     9913.6422698288
