10
     2.9997463262939
     6.9987315130034
      10.99690458522
     14.994265295319
     18.990813395422
     22.986548637401
     26.981470772873
     30.975579553203
     34.968874729502
     38.961356052628
     42.953023273182
     46.943876141516
     50.933914407723
     54.923137821739
     58.911546135309
     62.899139136582
     66.885917135858
     70.871886403416
      74.85710723716
      78.84202309932
     82.829142885059
     86.828997850702
     90.872542020811
     95.019318592112
     99.340256767673
     103.88589221003
     108.67583942269
     113.71012175996
     118.98163653381
     124.48228033476
     130.20489188351
     136.14356344153
     142.29348617196
     148.65071928615
     155.21198730561
     161.97452231198
     168.93594551934
      176.0941789526
     183.44737925079
      190.9938875738
     198.73219126708
     206.66089418595
     214.77869346727
     223.08436115719
     231.57672953858
     240.25467930829
     249.11712997258
     258.16303198585
      267.3913602722
     276.80110885284
     286.39128636516
     296.16091230571
     306.10901386521
      316.2346232505
     326.53677540979
     337.01450609329
     347.66685019474
     358.49284032889
     369.49150560849
     380.66187059045
     392.00295436614
     403.51376977505
     415.19332272438
     427.04061159979
     439.05462675519
     451.23435007086
     463.57875457134
     476.08680409522
     488.75745301059
     501.58964597042
     514.58231770336
     527.73439283548
      541.0447857397
     554.51240040967
     568.13613035543
     581.91485851848
     595.84745720432
     609.93278803043
     624.16970188852
     638.55703891907
     653.09362849761
     667.77828923105
     682.60982896353
     697.58704479072
     712.70872308189
     727.97363950911
     743.38055908279
     758.92823619338
     774.61541465837
     790.44082777437
     806.40319837391
     822.50123888646
     838.73365140348
     855.09912774716
     871.59634954267
     888.22398829351
     904.98070546002
      921.8651525406
     938.87597115559
     956.01179313373
      973.2712406008
     990.65292607067
     1008.1554525382
     1025.7774135745
     1043.5173934233
     1061.3739671005
     1079.3457004934
     1097.4311504639
      1115.628864951
     1133.9373830764
     1152.3552352507
     1170.8809432813
     1189.5130204811
     1208.2499717794
     1227.0902938329
     1246.0324751384
     1265.0749961468
     1284.2163293778
     1303.4549395356
     1322.7892836259
     1342.2178110738
     1361.7389638424
     1381.3511765523
     1401.0528766024
     1420.8424842911
     1440.7184129385
     1460.6790690092
     1480.7228522361
     1500.8481557451
       1521.05336618
     1541.3368638285
     1561.6970227486
      1582.132210896
      1602.640790252
     1623.2211169518
     1643.8715414136
     1664.5904084685
     1685.3760574905
     1706.2268225271
     1727.1410324312
     1748.1170109922
     1769.1530770691
     1790.2475447224
     1811.3987233484
     1832.6049178121
     1853.8644285816
     1875.1755518631
     1896.5365797352
     1917.9458002848
     1939.4014977429
     1960.9019526203
     1982.4454418446
     2004.0302388966
     2025.6546139479
     2047.3168339979
     2069.0151630118
     2090.7478620588
     2112.5131894501
     2134.3094008778
     2156.1347495532
     2177.9874863467
      2199.865859926
     2221.7681168967
     2243.6925019411
     2265.6372579582
     2287.6006262044
     2309.5808464326
     2331.5761570333
     2353.5847951748
     2375.6049969437
     2397.6349974855
     2419.6730311455
     2441.7173316097
     2463.7661320452
      2485.817665242
     2507.8701637528
     2529.9218600354
     2551.9709865923
      2574.015776113
     2596.0544616142
     2618.0852765808
     2640.1064551076
     2662.1162320391
     2684.1128431115
     2706.0945250924
     2728.0595159224
     2750.0060548551
     2771.9323825978
     2793.8367414516
     2815.7173754523
     2837.5725305097
     2859.4004545476
     2881.1993976441
     2902.9676121707
     2924.7033529316
     2946.4048773029
     2968.0704453718
     2989.6983200747
     3011.2867673361
     3032.8340562066
     3054.3384590004
     3075.7982514336
     3097.2117127608
     3118.5771259123
     3139.8927776308
     3161.1569586074
     3182.3679636181
     3203.5240916582
     3224.6236460788
     3245.6649347207
     3266.6462700486
     3287.5659692856
     3308.4223545463
     3329.2137529697
     3349.9384968519
     3370.5949237779
     3391.1813767535
     3411.6962043356
     3432.1377607634
     3452.5044060876
     3472.7945063003
     3493.0064334632
     3513.1385658363
     3533.1892880046
     3553.1569910054
     3573.0400724548
     3592.8369366722
     3612.5459948062
     3632.1656649578
     3651.6943723039
     3671.1305492203
     3690.4726354028
     3709.7190779882
     3728.8683316749
     3747.9188588413
     3766.8691296648
     3785.7176222385
     3804.4628226883
     3823.1032252877
     3841.6373325724
     3860.0636554536
     3878.3807133304
     3896.5870342003
     3914.6811547698
     3932.6616205625
     3950.5269860267
     3968.2758146412
     3985.9066790203
     4003.4181610169
     4020.8088518238
     4038.0773520743
     4055.2222719404
     4072.2422312294
     4089.1358594793
     4105.9017960511
       4122.53869022
     4139.0452012648
     4155.4199985535
     4171.6617616286
     4187.7691802878
     4203.7409546639
     4219.5757953005
     4235.2724232254
     4250.8295700205
     4266.2459778886
     4281.5203997156
     4296.6515991302
     4311.6383505581
     4326.4794392722
     4341.1736614377
     4355.7198241518
      4370.116745478
     4384.3632544735
     4398.4581912105
     4412.4004067895
     4426.1887633447
     4439.8221340405
     4453.2994030583
     4466.6194655729
     4479.7812277164
       4492.78360653
     4505.6255299011
     4518.3059364842
     4530.8237756052
     4543.1780071451
     4555.3676014027
     4567.3915389326
     4579.2488103561
     4590.9384161421
     4602.4593663526
     4613.8106803513
     4624.9913864672
     4636.0005216099
     4646.8371308285
     4657.5002668074
     4667.9889892896
     4678.3023644169
     4688.4394639762
     4698.3993645355
     4708.1811464561
     4717.7838927574
     4727.2066878147
      4736.448615861
     4745.5087592586
      4754.386196503
     4763.0799999108
     4771.5892329337
     4779.9129470293
     4788.0501780026
     4795.9999417144
     4803.7612290241
     4811.3329998081
     4818.7141758459
     4825.9036323197
     4832.9001875945
     4839.7025908559
     4846.3095070469
     4852.7194983741
     4858.9310013984
     4864.9422983798
     4870.7514810322
     4876.3564041005
     4881.7546250282
     4886.9433242236
     4891.9191975899
     4896.6783082478
     4901.2158761209
     4905.5259688773
     4909.6010279437
     4913.4310999425
     4917.0024938168
     4920.2951740275
     4923.2770091626
     4925.8963305039
     4928.1742107412
     4930.4878302751
     4933.1796734122
     4936.2603260029
     4939.6958257997
     4943.4750717093
     4947.6024239582
     4952.0940171264
     4956.9776183694
     4962.2948822305
     4968.1064214697
     4974.5016467717
     4981.6185531795
     4989.6883002937
      4999.157912759
     5011.1858126501
