5.7
     2.9999175865013
     6.9995879236539
     10.998995056929
     14.998172055221
     18.998037463199
     23.010931092473
     27.113817955157
     31.514004003694
     36.443642198976
     42.010315614625
     48.228706637895
     55.088777319811
     62.579578763819
     70.692921976576
     79.422956275459
     88.765408900682
     98.717030064939
     109.27523343463
     120.43786666443
     132.20306311589
     144.56914410323
     157.53455306021
     171.09781028649
     185.25748124468
     200.01215396375
     215.36042267961
     231.30087582408
     247.83208709446
     264.95260873881
     282.66096645668
     300.95565549274
     319.83513762192
      339.2978388079
     359.34214737574
     379.96641258066
     401.16894348501
     422.94800807695
     445.30183258057
     468.22860091837
     491.72645429648
     515.79349088901
     540.42776560347
     565.62728991261
     591.39003174134
     617.71391539944
     644.59682155283
     672.03658722721
     700.03100583961
     728.57782725334
      757.6747578537
      787.3194606414
     817.50955534142
     848.24261852597
     879.51618374931
     911.32774169374
      943.6747403254
     976.55458505898
     1009.9646389306
     1043.9022227782
     1078.3646154292
     1113.3490538937
      1148.852733565
      1184.872808425
      1221.406391255
     1258.4505538519
     1296.0023272492
     1334.0587019425
       1372.61662812
     1411.6730158962
     1451.2247355513
     1491.2686177735
     1531.8014539057
     1572.8199961956
     1614.3209580507
     1656.3010142954
     1698.7568014325
     1741.6849179088
     1785.0819243826
      1828.944343996
     1873.2686626498
      1918.051329282
     1963.2887561491
      2008.977319111
      2055.113357919
     2101.6931765065
     2148.7130432832
     2196.1691914318
     2244.0578192085
     2292.3750902454
     2341.1171338564
     2390.2800453461
     2439.8598863209
     2489.8526850036
     2540.2544365503
     2591.0611033698
     2642.2686154469
     2693.8728706665
      2745.869735142
     2798.2550435454
     2851.0245994403
      2904.174175617
     2957.6995144313
     3011.5963281437
     3065.8602992634
     3120.4870808929
     3175.4722970759
     3230.8115431475
     3286.5003860863
     3342.5343648691
     3398.9089908281
     3455.6197480096
     3512.6620935358
     3570.0314579683
     3627.7232456732
       3685.73283519
     3744.0555796005
     3802.6868069012
     3861.6218203771
     3920.8558989778
     3980.3842976956
     4040.2022479448
      4100.304957944
     4160.6876130994
     4221.3453763904
     4282.2733887569
     4343.4667694881
     4404.9206166139
     4466.6300072963
     4528.5899982246
     4590.7956260111
     4653.2419075876
     4715.9238406059
     4778.8364038369
     4841.9745575737
     4905.3332440348
     4968.9073877689
     5032.6918960621
     5096.6816593448
     5160.8715516015
     5225.2564307811
     5289.8311392089
     5354.5905039991
       5419.52933747
     5484.6424375587
     5549.9245882377
     5615.3705599334
     5680.9751099443
     5746.7329828609
     5812.6389109869
     5878.6876147608
     5944.8738031792
     6011.1921742202
     6077.6374152679
     6144.2042035386
     6210.8872065062
     6277.6810823303
     6344.5804802832
      6411.580041179
     6478.6743978028
     6545.8581753403
     6613.1259918087
     6680.4724584876
     6747.8921803504
     6815.3797564969
     6882.9297805858
     6950.5368412677
     7018.1955226179
     7085.9004045717
     7153.6460633572
     7221.4270719301
     7289.2380004089
     7357.0734165096
     7424.9278859806
      7492.795973038
     7560.6722408014
     7628.5512517295
     7696.4275680549
     7764.2957522205
     7832.1503673146
      7899.985977507
     7967.7971484835
     8035.5784478822
      8103.324445728
     8171.0297148682
     8238.6888314065
     8306.2963751378
      8373.846929983
     8441.3350844221
     8508.7554319278
     8576.1025713991
     8643.3711075934
     8710.5556515592
     8777.6508210674
     8844.6512410427
     8911.5515439941
     8978.3463704454
     9045.0303693633
     9111.5981985872
     9178.0445252574
     9244.3640262407
     9310.5513885587
     9376.6013098124
     9442.5084986067
     9508.2676749757
      9573.873570804
       9639.32093025
     9704.6045101662
     9769.7190805196
     9834.6594248102
     9899.4203404902
     9963.9966393786
     10028.383148079
     10092.574708393
     10156.566177733
     10220.352429536
     10283.928353671
     10347.288856852
     10410.428863044
     10473.343313869
     10536.027169014
     10598.475406632
     10660.683023745
     10722.645036646
     10784.356481295
     10845.812413723
      10907.00791042
     10967.938068735
     11028.598007266
     11088.982866255
      11149.08780797
     11208.908017101
     11268.438701137
     11327.675090758
     11386.612440212
     11445.246027697
     11503.571155736
     11561.583151559
     11619.277367472
     11676.649181232
     11733.693996416
     11790.407242789
     11846.784376671
       11902.8208813
     11958.512267192
     12013.854072505
      12068.84186339
     12123.471234352
     12177.737808598
     12231.637238391
     12285.165205394
     12338.317421019
     12391.089626767
     12443.477594573
      12495.47712714
     12547.084058276
     12598.294253228
     12649.103609012
     12699.508054743
     12749.503551954
     12799.086094928
     12848.251711009
     12896.996460927
     12945.316439107
     12993.207773982
     13040.666628304
     13087.689199449
     13134.271719718
     13180.410456641
      13226.10171327
     13271.341828476
     13316.127177243
     13360.454170947
     13404.319257652
     13447.718922384
     13490.649687413
     13533.108112526
     13575.090795302
      13616.59437138
      13657.61551472
     13698.150937872
     13738.197392226
     13777.751668274
     13816.810595855
     13855.371044404
     13893.429923195
     13930.984181581
     13968.030809227
     14004.566836339
     14040.589333895
      14076.09541386
     14111.082229407
     14145.546975127
     14179.486887234
     14212.899243766
     14245.781364781
     14278.130612543
     14309.944391701
      14341.22014947
     14371.955375788
     14402.147603479
       14431.7944084
     14460.893409573
     14489.442269317
     14517.438693354
     14544.880430908
     14571.765274785
     14598.091061436
     14623.855670989
     14649.057027265
     14673.693097762
     14697.761893597
     14721.261469411
     14744.189923226
     14766.545396233
      14788.32607252
     14809.530178696
     14830.155983424
     14850.201796804
     14869.665969602
     14888.546892269
     14906.842993696
     14924.552739643
     14941.674630744
     14958.207199961
     14974.149009339
     14989.498645816
     15004.254715802
      15018.41583809
     15031.980634517
     15044.947717521
      15057.31567337
     15069.083039285
     15080.248271754
      15090.80970196
     15100.765471908
     15110.113440967
     15118.851045818
     15126.975084523
     15134.481372138
     15141.364167925
     15147.615170121
     15153.221619156
     15158.162321812
     15162.397868128
     15165.854154452
     15168.685430444
     15171.889053256
     15176.107468965
     15181.595302284
     15189.122034362
