4.3
     2.9999561582611
     7.0002701849992
     11.017391680644
     15.203876814525
     19.985070902639
     25.740344400316
     32.583942328101
     40.520939138504
     49.541980866475
      59.63961669012
     70.808811577831
     83.046042329582
      96.34865178093
     110.71447063846
     126.14159967227
     142.62828164681
     160.17282379694
      178.7735494967
     198.42876728822
     219.13675053668
     240.89572376761
     263.70385331253
     287.55924079623
     312.45991853802
      338.4038462667
     365.38890875365
     393.41291409796
     422.47359248179
     452.56859527002
     483.69549436512
     515.85178175406
     549.03486920143
     583.24208805523
     618.47068914086
     654.71784272457
     691.98063853284
     730.25608581684
     769.54111345407
     809.83257008096
     851.12722425145
     893.42176461785
     936.71280013099
     980.99686025717
     1026.2703952101
     1072.5297761963
     1119.7712956727
     1167.9911676154
     1217.1855277986
     1267.3504340838
     1318.4818667173
      1370.575728637
     1423.6278457869
     1477.6339674404
     1532.5897665299
     1588.4908399851
     1645.3327090778
     1703.1108197735
     1761.8205430907
     1821.4571754661
     1882.0159391264
     1943.4919824675
     2005.8803804387
     2069.1761349346
      2133.374175192
     2198.4693581934
     2264.4564690774
     2331.3302215532
     2399.0852583232
     2467.7161515094
     2537.2174030875
     2607.5834453256
     2678.8086412287
     2750.8872849896
     2823.8136024443
      2897.581751534
     2972.1858227723
     3047.6198397174
     3123.8777594503
     3200.9534730583
     3278.8408061236
     3357.5335192175
     3437.0253083994
     3517.3098057215
     3598.3805797388
     3680.2311360231
     3762.8549176836
     3846.2453058913
     3930.3956204092
      4015.299120127
     4100.9490036009
     4187.3384095976
      4274.460417645
     4362.3080485849
     4450.8742651326
     4540.1519724403
     4630.1340186654
     4720.8131955429
     4812.1822389629
     4904.2338295523
     4996.9605932607
     5090.3551019517
     5184.4098739968
     5279.1173748755
     5374.4700177781
     5470.4601642138
     5567.0801246222
     5664.3221589892
     5762.1784774669
     5860.6412409981
     5959.7025619428
     6059.3545047117
     6159.5890864006
       6260.39827743
     6361.7740021886
     6463.7081396798
     6566.1925241726
     6669.2189458551
     6772.7791514923
     6876.8648450875
     6981.4676885466
     7086.5793023456
     7192.1912662023
      7298.295119751
     7404.8823632189
     7511.9444581087
     7619.4728278811
     7727.4588586428
     7835.8938998359
     7944.7692649307
     8054.0762321222
     8163.8060450283
     8273.9499133908
     8384.4990137806
     8495.4444903033
     8606.7774553096
     8718.4889901064
     8830.5701456718
     8943.0119433717
     9055.8053756791
     9168.9414068954
     9282.4109738748
     9396.2049867495
     9510.3143296585
     9624.7298614773
     9739.4424165508
     9854.4428054267
     9969.7218155927
     10085.270212213
     10201.078738869
     10317.138118302
     10433.439053154
     10549.972226712
     10666.728303658
     10783.697930815
     10900.871737893
     11018.240338247
      11135.79432962
     11253.524294903
     11371.420802886
     11489.474409016
      11607.67565615
     11726.015075317
     11844.483186472
     11963.070499259
      12081.76751377
     12200.564721305
     12319.452605134
     12438.421641262
     12557.462299189
     12676.565042674
       12795.7203305
     12914.918617236
     13034.150354005
     13153.405989247
     13272.675969485
     13391.950740087
     13511.220746039
       13630.4764327
     13749.708246577
     13868.906636084
     13988.062052312
      14107.16494979
     14226.205787249
     14345.175028392
     14464.063142654
     14582.860605963
     14701.557901509
     14820.145520501
     14938.613962933
     15056.953738342
     15175.155366569
      15293.20937852
     15411.106316923
     15528.836737084
     15646.391207649
     15763.760311354
     15880.934645782
     15997.904824116
     16114.661475891
     16231.195247743
     16347.496804162
     16463.556828238
     16579.366022403
     16694.915109185
     16810.194831942
     16925.195955611
     17039.909267442
      17154.32557774
       17268.4357206
     17382.230554639
     17495.700963734
     17608.837857744
     17721.632173246
     17834.074874259
     17946.156952964
     18057.869430431
     18169.203357333
     18280.149814669
     18390.699914474
     18500.844800531
     18610.575649084
     18719.883669542
     18828.760105183
     18937.196233856
     19045.183368684
     19152.712858752
     19259.776089806
     19366.364484941
     19472.469505288
     19578.082650699
     19683.195460427
     19787.799513804
     19891.886430917
     19995.447873277
     20098.475544489
     20200.961190913
     20302.896602332
     20404.273612603
     20505.084100315
     20605.319989437
     20704.973249968
     20804.035898579
      20902.49999925
     21000.357663911
     21097.601053067
     21194.222376433
     21290.213893555
     21385.567914427
     21480.276800113
     21574.332963355
     21667.728869182
     21760.457035511
     21852.510033751
     21943.880489396
     22034.561082612
     22124.544548831
     22213.823679325
     22302.391321789
      22390.24038091
     22477.363818939
      22563.75465625
     22649.405971904
       22734.3109042
     22818.462651225
       22901.8544714
     22984.479684018
     23066.331669781
     23147.403871328
     23227.689793759
     23307.183005161
     23385.877137116
     23463.765885214
     23540.843009555
     23617.102335255
     23692.537752931
     23767.143219197
     23840.912757144
     23913.840456819
     23985.920475697
      24057.14703915
     24127.514440905
     24197.017043505
     24265.649278754
     24333.405648167
     24400.280723405
     24466.269146709
     24531.365631329
     24595.564961944
     24658.861995078
     24721.251659509
     24782.728956673
     24843.288961061
     24902.926820609
     24961.637757084
     25019.417066462
     25076.260119299
     25132.162361096
     25187.119312656
      25241.12657044
     25294.179806904
     25346.274770844
     25397.407287715
     25447.573259965
     25496.768667336
     25544.989567179
     25592.232094744
     25638.492463468
     25683.766965252
     25728.051970728
     25771.343929511
     25813.639370443
     25854.934901815
     25895.227211587
     25934.513067574
     25972.789317624
     26010.052889766
     26046.300792331
     26081.530114044
     26115.738024074
     26148.921772032
     26181.078687919
     26212.206181988
     26242.301744533
     26271.362945531
     26299.387434158
     26326.372938093
     26352.317262554
     26377.218288988
     26401.073973276
     26423.882343282
     26445.641495473
     26466.349590237
     26486.004845322
     26504.605526505
     26522.149934135
     26538.636383352
      26554.06317439
     26568.428546922
     26581.730607854
     26593.967213365
     26605.135768689
     26615.232872236
     26624.253646131
     26632.190381822
     26639.029514763
     26644.743784937
     26649.269414097
     26652.663955049
      26656.29484643
     26661.893906895
