50
     2.9936441677251
     6.9681455394529
     10.922077996199
      14.85527784823
     18.767576997259
     22.658802737183
     26.528777542102
     30.377318840559
     34.204238774831
     38.009343943983
     41.792435129267
     45.553307000281
     49.291747800124
     53.007539007612
     56.700454974344
     60.370262534212
     64.016720582598
     67.639579622196
     71.238581272012
     74.813457735623
     78.363931224299
     81.889713329961
     85.390504342284
     88.865992503413
     92.315853192853
     95.739748033947
     99.137323912052
     102.50821189296
     105.85202602828
     109.16836203222
     112.45679581163
     115.71688182777
     118.94815126459
     122.15010997329
       125.322236157
     128.46397775248
     131.57474945595
     134.65392932934
     137.70085490829
     140.71481871461
      143.6950630521
     146.64077393301
     147.41552950414
     149.55107394112
     152.42501378219
      155.2615621975
     158.05959381389
     160.81787435992
     163.53504247457
     166.20958704005
     168.83981853314
     171.42383222653
     173.95946003417
     176.44420611893
     178.87515856701
      181.2488644873
     183.56114670983
     185.80682201224
      187.9792414195
     190.06948067322
      192.0648083269
     193.94624877519
      195.6927427294
     197.33058310887
     198.99117192413
     200.78325041983
     202.71330068896
     204.75977783211
     206.90623576065
     209.14174805187
     211.45863573069
     213.85118822145
     216.31497976868
     218.84647395268
     221.44277781749
     224.10148027251
     226.82054114773
      229.5982123004
     232.43297986454
     235.32352093713
     238.26867041225
     241.26739512855
     244.31877340151
      247.4219785959
     250.57626578032
     253.78096076789
     257.03545102871
     260.33917808823
       263.691631118
     267.09234149249
      270.5408781358
     274.03684351942
     277.57987020071
      281.1696178135
     284.80577043939
     288.48803430114
     292.21613573058
     295.98981937123
     299.80884658295
     303.67299402095
     307.58205236629
     311.53582518816
     315.53412792144
     319.57678694548
     323.66363875192
     327.79452919121
     331.96931278878
     336.18785212324
     340.45001725963
     344.75568523205
     349.10473957036
     353.49706986651
     357.93257137648
     362.41114465434
     366.93269521531
     371.49713322508
     376.10437321295
     380.75433380657
     385.44693748634
     390.18211035785
     394.95978194052
     399.77988497139
     404.64235522247
     409.54713133077
     414.49415463982
     419.48336905176
     424.51472088932
     429.58815876664
     434.70363346856
     439.86109783747
     445.06050666729
     450.30181660408
     455.58498605264
     460.90997508883
     466.27674537713
     471.68526009307
     477.13548385018
     482.62738263118
     488.16092372314
     493.73607565628
     499.35280814616
     505.01109203918
     510.71089926097
     516.45220276766
     522.23497649971
     528.05919533826
     533.92483506375
     539.83187231668
      545.7802845605
     551.77005004626
     557.80114777922
     563.87355748699
     569.98725958939
      576.1422351697
     582.33846594742
     588.57593425227
     594.85462299949
     601.17451566634
     607.53559626965
     613.93784934452
     620.38125992391
      626.8658135193
     633.39149610212
     639.95829408611
     646.56619431043
     653.21518402358
     659.90525086799
      666.6363828653
     673.40856840232
      680.2217962176
      687.0760553885
     693.97133531896
     700.90762572766
     707.88491663676
     714.90319836109
      721.9624614978
      729.0626969164
     736.20389574931
     743.38604938268
     750.60914944765
     757.87318781199
     765.17815657198
     772.52404804473
     779.91085476071
     787.33856945663
     794.80718506858
     802.31669472546
     809.86709174262
     817.45836961576
     825.09052201513
     832.76354277983
     840.47742591244
     848.23216557377
     856.02775607786
     863.86419188713
     871.74146760774
     879.65957798508
     887.61851789948
     895.61828236202
     903.65886651053
     911.74026560571
     919.86247502742
     928.02549027105
     936.22930694408
     944.47392076269
     952.75932754859
     961.08552322582
      969.4525038178
     977.86026544442
     986.30880431919
     994.79811674654
     1003.3281991192
     1011.8990479158
     1020.5106596981
     1029.1630311088
     1037.8561588696
     1046.5900397784
     1055.3646707073
      1064.180048601
     1073.0361704741
     1081.9330334098
     1090.8706345575
     1099.8489711313
     1108.8680404082
     1117.9278397264
     1127.0283664835
     1136.1696181351
      1145.351592193
     1154.5742862242
     1163.8376978488
      1173.141824739
     1182.4866646178
     1191.8722152574
      1201.298474478
     1210.7654401468
     1220.2731101764
     1229.8214825239
     1239.4105551897
     1249.0403262164
     1258.7107936878
     1268.4219557276
     1278.1738104989
     1287.9663562025
     1297.7995910768
     1307.6735133961
     1317.5881214703
     1327.5434136436
     1337.5393882939
      1347.576043832
     1357.6533787006
     1367.7713913736
     1377.9300803558
     1388.1294441812
     1398.3694814132
     1408.6501906436
     1418.9715704918
     1429.3336196041
     1439.7363366535
     1450.1797203385
     1460.6637693831
     1471.1884825357
     1481.7538585688
     1492.3598962784
     1503.0065944833
     1513.6939520249
     1524.4219677665
     1535.1906405928
     1545.9999694094
     1556.8499531423
     1567.7405907376
      1578.671881161
     1589.6438233972
     1600.6564164498
     1611.7096593403
     1622.8035511086
     1633.9380908116
     1645.1132775237
     1656.3291103359
     1667.5855883554
     1678.8827107057
     1690.2204765258
     1701.5988849702
     1713.0179352082
      1724.477626424
     1735.9779578161
     1747.5189285971
     1759.1005379934
     1770.7227852447
     1782.3856696043
      1794.089190338
     1805.8333467247
     1817.6181380554
     1829.4435636333
     1841.3096227737
     1853.2163148034
     1865.1636390604
     1877.1515948945
     1889.1801816658
     1901.2493987456
     1913.3592455154
     1925.5097213674
     1937.7008257035
     1949.9325579358
     1962.2049174859
     1974.5179037852
     1986.8715162741
     1999.2657544023
     2011.7006176286
     2024.1761054204
     2036.6922172538
     2049.2489526132
     2061.8463109917
     2074.4842918901
     2087.1628948174
     2099.8821192904
     2112.6419648335
     2125.4424309787
     2138.2835172653
       2151.16522324
     2164.0875484564
     2177.0504924753
     2190.0540548642
     2203.0982351974
     2216.1830330557
     2229.3084480264
     2242.4744797032
      2255.681127686
     2268.9283915808
     2282.2162709998
     2295.5447655607
     2308.9138748873
      2322.323598609
      2335.773936361
     2349.2648877867
     2362.7964525827
     2376.3686311673
     2389.9814331661
     2403.6349677105
     2417.3302249962
     2431.0743220819
     2444.9056022285
     2458.9665621628
     2473.5905207808
     2489.2449059226
     2506.3538043608
     2525.2626403414
     2546.3671398301
     2570.3076920692
     2598.3507451174
     2633.8348996237
