5.8
     2.9999146693397
     6.9995733346144
     10.998959119536
     14.998086238516
     18.997395422846
      23.00366624895
     27.067228296695
     31.355439015005
     36.104553371211
     41.454830366119
     47.437211939286
     54.044554106094
     61.265362076411
     69.090575992534
     77.513678181318
      86.52993793102
     96.135797016861
     106.32846141722
     117.10563909718
     128.46537050991
     140.40591703567
     152.92568601203
     166.02317931096
     179.69695738483
     193.94561368347
     208.76775615934
      224.1619937039
     240.12692607161
     256.66113630788
     273.76318500006
     291.43160587289
     309.66490238725
     328.46154509604
     347.81996957736
     367.73857481207
     388.21572190668
     409.24973308695
     430.83889090525
     452.98143761834
     475.67557470189
     498.91946247549
     522.71121981776
     547.04892395522
     571.93061031221
     597.35427241147
     623.31786181717
     649.81928811376
     676.85641891512
     704.42707989972
      732.5290548681
     761.16008581964
     790.31787304627
       820.000075241
     850.20430961949
     880.92815205342
     912.16913721423
     943.92475872643
     976.19246932938
     1008.9696810471
      1042.253765365
     1076.0420534139
     1110.3318361596
     1145.1203645991
     1180.4048499612
     1216.1824639136
     1252.4503387739
      1289.205567726
     1326.4452050407
     1364.1662663005
     1402.3657286291
     1441.0405309243
     1480.1875740953
     1519.8037213037
     1559.8857982079
     1600.4305932114
     1641.4348577151
     1682.8953063716
     1724.8086173445
     1767.1714325703
     1809.9803580231
     1853.2319639834
     1896.9227853097
     1941.0493217127
     1985.6080380332
     2030.5953645231
     2076.0076971284
     2121.8413977765
     2168.0927946648
      2214.758182554
     2261.8338230624
     2309.3159449643
     2357.2007444902
     2405.4843856306
     2454.1630004419
     2503.2326893547
     2552.6895214857
     2602.5295349509
     2652.7487371825
     2703.3431052477
       2754.30858617
     2805.6410972532
     2857.3365264076
     2909.3907324787
     2961.7995455785
     3014.5587674187
     3067.6641716462
     3121.1115041817
     3174.8964835595
     3229.0148012701
     3283.4621221047
     3338.2340845024
     3393.3263008989
     3448.7343580775
     3504.4538175226
     3560.4802157744
     3616.8090647866
     3673.4358522852
     3730.3560421298
     3787.5650746768
     3845.0583671441
     3902.8313139782
     3960.8792872228
     4019.1976368889
      4077.781691328
     4136.6267576047
     4195.7281218739
     4255.0810497572
     4314.6807867221
     4374.5225584632
     4434.6015712837
       4494.91301248
     4555.4520507263
     4616.2138364621
     4677.1935022802
     4738.3861633165
     4799.7869176411
     4861.3908466509
     4923.1930154637
      4985.188473313
     5047.3722539446
     5109.7393760145
     5172.2848434875
     5235.0036460376
     5297.8907594491
      5360.941146019
     5424.1497549605
     5487.5115228072
     5551.0213738192
     5614.6742203892
       5678.46496345
     5742.3884928831
     5806.4396879276
     5870.6134175908
     5934.9045410589
     5999.3079081083
     6063.8183595196
     6128.4307274887
     6193.1398360425
     6257.9405014525
     6322.8275326505
     6387.7957316441
     6452.8398939331
     6517.9548089263
     6583.1352603592
     6648.3760267115
     6713.6718816254
     6779.0175943243
     6844.4079300318
     6909.8376503908
     6975.3015138835
     7040.7942762507
     7106.3106909126
     7171.8455093884
     7237.3934817172
     7302.9493568781
     7368.5078832111
     7434.0638088381
     7499.6118820826
     7565.1468518917
     7630.6634682557
     7696.1564826292
      7761.620648351
     7827.0507210654
     7892.4414591411
     7957.7876240921
     8023.0839809966
     8088.3252989168
     8153.5063513178
     8218.6219164863
     8283.6667779489
       8348.63572489
     8413.5235525693
     8478.3250627386
     8543.0350640581
     8607.6483725129
     8672.1598118274
     8736.5642138811
     8800.8564191213
     8865.0312769773
     8929.0836462729
     8993.0083956381
     9056.8004039205
     9120.4545605948
     9183.9657661731
     9247.3289326128
     9310.5389837248
     9373.5908555794
     9436.4794969125
     9499.1998695303
     9561.7469487127
     9624.1157236154
     9686.3011976723
     9748.2983889953
      9810.102330773
     9871.7080716691
     9933.1106762189
     9994.3052252246
      10055.28681615
     10116.050563511
      10176.59159927
     10236.905073225
     10296.986153396
     10356.830026415
     10416.431897909
     10475.786992886
     10534.890556117
     10593.737852516
     10652.324167519
     10710.644807466
     10768.695099969
     10826.470394294
     10883.966061729
     10941.177495956
     10998.100113419
     11054.729353693
     11111.060679848
     11167.089578812
     11222.811561733
     11278.222164338
     11333.316947293
     11388.091496551
     11442.541423717
     11496.662366387
     11550.449988507
     11603.899980716
     11657.008060688
     11709.769973482
     11762.181491876
     11814.238416708
     11865.936577212
     11917.271831351
     11968.240066149
      12018.83719802
     12069.059173094
      12118.90196754
     12168.361587891
     12217.434071361
     12266.115486161
     12314.401931815
      12362.28953947
     12409.774472207
     12456.852925343
      12503.52112674
     12549.775337102
     12595.611850276
     12641.026993545
     12686.017127921
     12730.578648437
      12774.70798443
     12818.401599829
     12861.655993432
     12904.467699188
     12946.833286467
     12988.749360338
     13030.212561832
     13071.219568209
     13111.767093224
     13151.851887379
     13191.470738185
     13230.620470411
      13269.29794633
     13307.500065971
     13345.223767352
     13382.466026724
     13419.223858801
     13455.494316989
     13491.274493616
     13526.561520146
     13561.352567402
     13595.644845774
     13629.435605426
     13662.722136499
      13695.50176931
     13727.771874536
     13759.529863404
     13790.773187865
      13821.49934077
     13851.705856027
     13881.390308759
      13910.55031545
     13939.183534077
     13967.287664239
     13994.860447266
     14021.899666313
      14048.40314645
     14074.368754717
      14099.79440017
     14124.678033898
     14149.017649016
     14172.811280616
     14196.057005691
     14218.752943002
       14240.8972529
     14262.488137074
     14283.523838222
     14304.002639629
     14323.922864616
     14343.282875855
     14362.081074494
     14380.315899055
     14397.985824046
     14415.089358213
     14431.625042321
     14447.591446337
     14462.987165835
     14477.810817365
     14492.061032473
     14505.736449877
     14518.835705175
     14531.357417134
     14543.300169225
     14554.662484432
     14565.442790384
     14575.639370281
     14585.250292571
     14594.273307992
     14602.705695103
     14610.544021716
     14617.783763309
     14624.418665462
     14630.439616698
     14635.832495695
     14640.573562692
     14644.617837257
     14647.891692131
     14650.679409876
     14654.007333945
     14658.350787791
     14663.954964746
     14671.604918335
