13
      2.999571264409
     6.9978559835331
     10.994767723694
     14.990305776533
     18.984469432468
     22.977257980699
     26.968670709195
     30.958706904698
     34.947365852717
     38.934646837522
     42.920549142144
      46.90507204837
      50.88821483674
      54.86997678654
     58.850357175806
      62.82935528131
     66.806970378568
     70.783201741826
     74.758048644063
     78.731510356987
     82.703586151022
     86.674275295321
     90.643577057746
     94.611490704877
     98.578015501997
      102.5431507131
     106.50689560087
     110.46924942672
     114.43021145081
     118.38978093307
     122.34795714271
     126.30473944257
      130.2601279366
      134.2141277819
     138.16677386915
     142.11825056674
     146.06937321552
     150.02313026184
     153.98833118974
     157.98498345861
     162.04644160342
     166.21185665087
     170.51263185102
     174.96508810583
      179.5728916333
     184.33295908663
     189.23983636385
     194.28783486459
     199.47180261303
     204.78729192709
     210.23051195484
     215.79822494261
     221.48764211413
     227.29633504066
     233.22216441077
     239.26322393319
      245.4177963501
     251.68431884202
     258.06135564202
      264.5475761829
     271.14173751043
     277.84267000961
     284.64926572449
     291.56046872619
     298.57526711197
     305.69268631409
     312.91178346889
     320.23164265049
     327.65137081475
     335.17009433035
     342.78695599868
     350.50111248262
     358.31173207977
     366.21799278679
     374.21908061162
     382.31418809711
     390.50251302635
     398.78325728425
     407.15562585445
     415.61882593357
     424.17206614785
     432.81455585903
     441.54550454871
     450.36412127157
      459.2696141694
     468.26119003888
     477.33805394701
     486.49940888894
     495.74445548353
     505.07239170261
     514.48241263053
     523.97371025067
     533.54547325635
     543.19688688368
     552.92713276424
     562.73538879555
     572.62082902788
      582.5826235657
     592.61993848254
     602.73193574807
     612.91777316621
     623.17660432352
     633.50757854673
     643.90984086896
     654.38253200361
     664.92478832557
     675.53574185893
     686.21452027087
     696.96024687115
      707.7720406168
     718.64901612168
     729.59028367043
     740.59494923661
      751.6621145047
     762.79087689566
     773.98032959582
     785.22956158893
     796.53765769106
     807.90369858821
     819.32676087657
     830.80591710497
     842.34023581979
     853.92878161174
     865.57061516477
     877.26479330674
     889.01036906192
     900.80639170497
      912.6519068167
     924.54595634107
     936.48757864371
     948.47580857167
     960.50967751439
     972.58821346601
     984.71044108849
     996.87538177601
     1009.0820537203
     1021.3294719769
     1033.6166485324
     1045.9425923721
     1058.3063095493
     1070.7068032545
     1083.1430738861
     1095.6141191209
     1108.1189339863
      1120.656510932
     1133.2258399033
     1145.8259084147
     1158.4557016232
     1171.1142024036
     1183.8003914229
      1196.513247216
     1209.2517462615
     1222.0148630582
     1234.8015702015
     1247.6108384606
     1260.4416368561
     1273.2929327374
     1286.1636918612
     1299.0528784695
     1311.9594553685
     1324.8823840073
     1337.8206245573
     1350.7731359916
     1363.7388761644
      1376.716801891
     1389.7058690276
     1402.7050325518
     1415.7132466427
     1428.7294647613
     1441.7526397314
       1454.78172382
     1467.8156688183
     1480.8534261225
      1493.893946815
     1506.9361817452
     1519.9790816106
     1533.0215970381
     1546.0626786651
     1559.1012772204
      1572.136343606
     1585.1668289775
     1598.1916848257
     1611.2098630576
     1624.2203160772
     1637.2219968668
     1650.2138590679
     1663.1948570615
     1676.1639460495
     1689.1200821346
     1702.0622224015
     1714.9893249965
      1727.900349208
     1740.7942555467
      1753.670005825
     1766.5265632367
     1779.3628924368
     1792.1779596202
     1804.9707326007
     1817.7401808901
      1830.485275776
     1843.2049904007
     1855.8982998381
      1868.564181172
      1881.201613573
     1893.8095783751
     1906.3870591524
     1918.9330417952
     1931.4465145855
     1943.9264682723
     1956.3718961463
     1968.7817941143
     1981.1551607727
     1993.4909974814
      2005.788308436
     2018.0461007399
     2030.2633844766
     2042.4391727795
     2054.5724819035
     2066.6623312935
      2078.707743654
     2090.7077450169
      2102.661364809
     2114.5676359185
     2126.4255947607
     2138.2342813427
     2149.9927393274
     2161.7000160958
     2173.3551628096
     2184.9572344711
     2196.5052899831
     2207.9983922073
     2219.4356080207
     2230.8160083721
     2242.1386683356
     2253.4026671638
     2264.6070883385
     2275.7510196209
     2286.8335530983
     2297.8537852308
     2308.8108168946
      2319.703753424
     2330.5317046505
     2341.2937849406
     2351.9891132298
     2362.6168130547
      2373.176012582
      2383.665844635
     2394.0854467155
      2404.433961024
     2414.7105344747
     2424.9143187074
     2435.0444700948
     2445.1001497457
     2455.0805235022
     2464.9847619332
     2474.8120403211
     2484.5615386427
     2494.2324415437
      2503.823938306
     2513.3352228075
     2522.7654934732
     2532.1139532179
     2541.3798093786
     2550.5622736368
     2559.6605619292
      2568.673894345
     2577.6014950115
     2586.4425919628
     2595.1964169931
     2603.8622054924
     2612.4391962618
     2620.9266313084
     2629.3237556154
     2637.6298168872
      2645.844065265
     2653.9657530113
     2661.9941341586
     2669.9284641197
     2677.7679992541
     2685.5119963873
     2693.1597122746
     2700.7104030062
     2708.1633233446
     2715.5177259859
     2722.7728607365
     2729.9279735934
     2736.9823057164
     2743.9350922765
     2750.7855611645
     2757.5329315395
     2764.1764121945
      2770.715199712
     2777.1484763764
      2783.475407807
     2789.6951402648
     2795.8067975791
     2801.8094776284
     2807.7022482964
     2813.4841428059
     2819.1541543113
     2824.7112296029
     2830.1542617382
     2835.4820813685
     2840.6934464668
     2845.7870300771
      2850.761405593
     2855.6150289182
     2860.3462166422
      2864.953119059
     2869.4336864083
     2873.7856260624
     2878.0063473802
     2882.0928893939
     2886.0418239809
     2889.8491229741
     2893.5099703027
     2897.0184866713
     2900.3673074473
     2903.5468968404
      2906.544343561
      2909.341008054
     2911.9075473413
      2914.201685934
     2916.2566872112
     2918.3591059658
      2920.738481525
     2923.3932526184
     2926.2877818804
     2929.4014542164
      2932.723276882
     2936.2478549572
     2939.9735553489
     2943.9016169965
      2948.035722991
     2952.3818398847
     2956.9482422043
     2961.7456932763
     2966.7877855921
     2972.0914710462
     2977.6778431934
     2983.5732805404
     2989.8111384426
     2996.4343203767
     3003.4993399905
     3011.0830798788
     3019.2948374655
     3028.2998905801
       3038.37214892
     3050.0388431002
     3064.6654211827
