5.6
     2.9999204529314
     6.9996022628935
     10.999030873957
     14.998281023512
     18.999203440674
     23.023313760758
     27.182183501742
     31.717627727695
     36.843940381106
     42.637748537106
      49.10243211031
     56.226698773167
     64.000385704928
     72.416129364929
     81.468675079544
     91.154152695859
     101.46958168577
     112.41255578676
     123.98104245244
     136.17325319502
     148.98755795548
     162.42242731459
     176.47639268838
     191.14801839219
     206.43588169833
     222.33855838031
     238.85461208898
      255.9825864484
     273.72099911052
      292.0683372402
      311.0230540578
     330.58356617294
     350.74825151665
     371.51544773086
     392.88345091064
      414.8505146212
      437.4148491306
      460.5746208135
     484.32795169128
     508.67291908199
     533.60755533944
     559.12984766493
     585.23773797895
      611.9291228425
     639.20185341985
      667.0537354762
     695.48252940493
     724.48595028007
     754.06166793043
     784.20730703267
     814.92044722064
     846.19862320929
     878.03932493135
     910.43999768539
     943.39804229423
     976.91081527266
     1010.9756290036
     1045.5897519221
     1080.7504087066
     1116.4547804766
     1152.7000049971
     1189.4831768887
     1226.8013478429
     1264.6515268433
     1303.0306803914
     1341.9357327378
     1381.3635661169
     1421.3110209875
     1461.7748962769
     1502.7519496291
     1544.2388976576
     1586.2324162016
     1628.7291405866
     1671.7256658888
     1715.2185472025
     1759.2042999117
     1803.6793999657
     1848.6402841571
     1894.0833504041
      1940.004958036
     1986.4014280821
     2033.2690435636
     2080.6040497889
     2128.4026546526
     2176.6610289367
      2225.375306616
     2274.5415851655
     2324.1559258719
     2374.2143541475
     2424.7128598471
     2475.6473975878
     2527.0138870726
     2578.8082134152
     2631.0262274692
     2683.6637461593
     2736.7165528159
     2790.1803975111
     2844.0509973994
     2898.3240370595
     2952.9951688392
     3008.0600132035
     3063.5141590845
      3119.353164234
     3175.5725555792
     3232.1678295803
     3289.1344525909
     3346.4678612204
     3404.1634626996
      3462.216635248
     3520.6227284431
     3579.3770635938
     3638.4749341136
     3697.9116058978
     3757.6823177026
     3817.7822815261
     3878.2066829912
     3938.9506817314
     4000.0094117782
     4061.3779819506
     4123.0514762465
     4185.0249542367
     4247.2934514599
     4309.8519798207
     4372.6955279886
     4435.8190617997
     4499.2175246587
     4562.8858379456
     4626.8189014206
     4691.0115936333
      4755.458772333
       4820.15527488
     4885.0959186593
     4950.2755014955
     5015.6888020693
     5081.3305803361
     5147.1955779451
     5213.2785186605
     5279.5741087845
     5346.0770375806
     5412.7819776993
     5479.6835856047
     5546.7765020025
     5614.0553522694
     5681.5147468825
     5749.1492818528
     5816.9535391563
     5884.9220871688
     5953.0494811006
     6021.3302634331
     6089.7589643553
     6158.3301022022
     6227.0381838937
     6295.8777053748
     6364.8431520564
     6433.9289992568
     6503.1297126444
      6572.439748681
     6641.8535550656
     6711.3655711792
     6780.9702285307
     6850.6619512021
      6920.435156296
     6990.2842543819
     7060.2036499446
      7130.187741832
     7200.2309237042
     7270.3275844821
     7340.4721087972
     7410.6588774412
     7480.8822678162
     7551.1366543852
     7621.4164091225
     7691.7159019646
     7762.0295012615
     7832.3515742274
     7902.6764873918
     7972.9986070516
     8043.3122997216
     8113.6119325859
     8183.8918739493
     8254.1464936885
     8324.3701637032
      8394.557258366
     8464.7021549748
     8534.7992342016
     8604.8428805435
     8674.8274827723
     8744.7474343839
     8814.5971340478
     8884.3709860557
     8954.0634007692
     9023.6687950689
     9093.1815927996
     9162.5962252194
     9231.9071314439
     9301.1087588926
     9370.1955637338
     9439.1620113282
     9508.0025766727
     9576.7117448428
      9645.284011434
     9713.7138830042
     9781.9958775121
     9850.1245247569
     9918.0943668178
     9985.8999584889
     10053.535867718
     10120.996676038
     10188.276979007
     10255.371386635
     10322.274523819
     10388.981030773
     10455.485563458
     10521.782794008
     10587.867411161
     10653.734120679
     10719.377645776
     10784.792727539
     10849.974125352
     10914.916617311
     10979.615000646
     11044.064092138
     11108.258728532
     11172.193766951
      11235.86408531
     11299.264582724
     11362.390179918
     11425.235819633
     11487.796467032
     11550.067110102
     11612.042760057
     11673.718451737
     11735.089244004
     11796.150220142
     11856.896488245
     11917.323181614
     11977.425459144
     12037.198505712
     12096.637532564
     12155.737777697
     12214.494506241
     12272.903010836
     12330.958612015
     12388.656658572
     12445.992527935
     12502.961626543
     12559.559390205
      12615.78128447
     12671.622804991
     12727.079477881
     12782.146860076
     12836.820539686
     12891.096136353
     12944.969301597
     12998.435719165
      13051.49110538
     13104.131209477
     13156.351813949
      13208.14873488
     13259.517822281
     13310.454960423
     13360.956068165
     13411.017099276
     13460.634042765
     13509.802923197
     13558.519801011
     13606.780772835
     13654.581971794
     13701.919567825
     13748.789767975
     13795.188816706
     13841.112996194
     13886.558626627
      13931.52206649
     13975.999712861
     14019.988001695
     14063.483408104
      14106.48244664
     14148.981671563
     14190.977677123
     14232.467097819
     14273.446608668
     14313.912925463
     14353.862805034
     14393.293045495
     14432.200486497
     14470.582009472
     14508.434537869
     14545.755037397
     14582.540516247
     14618.788025326
     14654.494658475
     14689.657552684
     14724.273888303
      14758.34088925
     14791.855823203
     14824.816001794
     14857.218780799
     14889.061560307
     14920.341784891
     14951.056943772
      14981.20457096
       15010.7822454
     15039.787591093
     15068.218277211
      15096.07201819
      15123.34657381
     15150.039749252
      15176.14939513
       15201.6734075
     15226.609727829
     15250.956342932
     15274.711284858
     15297.872630727
     15320.438502492
     15342.407066631
     15363.776533731
     15384.545157957
     15404.711236367
     15424.273108043
     15443.229152982
     15461.577790686
     15479.317478375
     15496.446708698
       15512.9640068
     15528.867926549
      15544.15704563
      15558.82995914
     15572.885271122
     15586.321583303
     15599.137479886
      15611.33150681
     15622.902143013
     15633.847760003
     15644.166563929
     15653.856510866
     15662.915179949
     15671.339578078
     15679.125829167
     15686.268659315
      15692.76049896
     15698.589806363
     15703.737616884
     15708.169287672
     15711.815725495
     15714.732168031
     15717.824753904
     15721.914161004
     15727.283373182
     15734.685433052
