6
     2.9999086828045
     6.9995433988358
     10.998885884537
     14.997938536542
     18.996793445386
     22.997263920297
     27.017808624974
     31.149556767133
      35.59456457795
     40.546876869438
      46.08582091111
     52.218366875685
      58.93371972324
     66.221135672132
     74.072555895899
     82.482146328156
     91.445595257861
     100.95959690454
     111.02151103334
     121.62914185906
     132.78059282322
     144.47416941517
     156.70831282485
     169.48155375849
     182.79247970528
     196.63971135289
     211.02188533956
     225.93764146952
     241.38561312128
     257.36441997292
     273.87266243086
     290.90891732653
     308.47173456752
     326.55963451449
      345.1711059159
     364.30460427497
     383.95855055481
     404.13133015016
     424.82129207101
     446.02674829591
     467.74597326208
     489.97720346678
     512.71863715942
     535.96843410859
     559.72471543108
     583.98556347251
     608.74902173148
     634.01309482026
     659.77574845665
     686.03490948255
     712.78846590542
     740.03426695958
     767.77012318494
     795.99380652093
     824.70305041377
     853.89554993584
     883.56896191562
     913.72090507744
     944.34896018968
     975.45067022128
     1007.0235405052
      1039.065038909
     1071.5725960114
     1104.5436052844
      1137.975423282
     1171.8653698324
     1206.2107282367
     1241.0087454708
     1276.2566323931
     1311.9515639553
     1348.0906794177
     1384.6710825688
     1421.6898419476
     1459.1439910711
     1497.0305286638
     1535.3464188918
     1574.0885915995
     1613.2539425504
       1652.83933367
     1692.8415932931
     1733.2575164132
     1774.0838649353
      1815.317367932
     1856.9547219017
     1898.9925910305
     1941.4276074567
     1984.2563715374
     2027.4754521192
       2071.08138681
     2115.0706822551
     2159.4398144144
     2204.1852288434
     2249.3033409762
     2294.7905364107
     2340.6431711974
     2386.8575721292
      2433.430037035
     2480.3568350748
     2527.6342070374
     2575.2583656408
     2623.2254958345
     2671.5317551038
     2720.1732737774
     2769.1461553364
     2818.4464767252
     2868.0702886658
     2918.0136159728
     2968.2724578718
     3018.8427883188
     3069.7205563225
      3120.901686268
      3172.382078243
     3224.1576083655
      3276.224129114
     3328.5774696592
     3381.2134361973
     3434.1278122863
     3487.3163591826
     3540.7748161808
     3594.4989009545
     3648.4843098987
     3702.7267184747
     3757.2217815559
     3811.9651337759
     3866.9523898773
     3922.1791450637
     3977.6409753512
     4033.3334379235
     4089.2520714871
     4145.3923966284
     4201.7499161723
     4258.3201155429
      4315.098463124
     4372.0804106224
     4429.2613934324
     4486.6368310004
     4544.2021271926
     4601.9526706624
       4659.88383522
     4717.9909802026
      4776.269450846
     4834.7145786576
       4893.32168179
     4952.0860654161
     5011.0030221048
     5070.0678321985
     5129.2757641902
     5188.6220751033
      5248.102010871
     5307.7108067173
     5367.4436875379
     5427.2958682836
     5487.2625543429
     5547.3389419261
     5607.5202184503
     5667.8015629244
     5728.1781463355
     5788.6451320358
     5849.1976761297
     5909.8309278619
     5970.5400300058
     6031.3201192527
     6092.1663266015
      6153.073777748
     6214.0375934763
     6275.0528900485
      6336.114779597
     6397.2183705153
     6458.3587678499
     6519.5310736924
     6580.7303875725
      6641.951806849
     6703.1904271041
     6764.4413425355
     6825.6996463494
     6886.9604311537
     6948.2187893508
      7009.469813531
     7070.7085968659
     7131.9302335005
     7193.1298189471
     7254.3024504779
     7315.4432275175
     7376.5472520358
     7437.6096289402
     7498.6254664676
     7559.5898765767
     7620.4979753389
     7681.3448833301
     7742.1257260215
     7802.8356341699
     7863.4697442076
     7924.0231986328
     7984.4911463977
     8044.8687432977
     8105.1511523597
      8165.333544229
     8225.4110975562
     8285.3789993841
     8345.2324455326
     8404.9666409837
     8464.5768002662
     8524.0581478378
     8583.4059184691
     8642.6153576243
     8701.6817218429
     8760.6002791185
     8819.3663092797
     8877.9751043662
     8936.4219690075
      8994.702220798
     9052.8111906731
     9110.7442232822
     9168.4966773624
     9226.0639261098
     9283.4413575505
     9340.6243749096
     9397.6083969801
     9454.3888584893
     9510.9612104645
      9567.320920598
     9623.4634736091
     9679.3843716066
     9735.0791344493
     9790.5433001037
     9845.7724250025
        9900.7620844
     9955.5078727267
     10010.005403941
     10064.250311884
     10118.238250624
     10171.964894809
     10225.425940009
     10278.617103066
     10331.534122432
     10384.172758513
     10436.528794008
     10488.598034244
     10540.376307517
     10591.859465422
     10643.043383185
     10693.923959997
     10744.497119337
     10794.758809302
     10844.705002931
     10894.331698524
     10943.634919967
     10992.610717045
     11041.255165764
     11089.564368658
     11137.534455106
     11185.161581639
     11232.441932249
      11279.37171869
     11325.947180786
     11372.164586729
     11418.020233376
     11463.510446546
     11508.631581312
     11553.380022296
     11597.752183951
     11641.744510851
     11685.353477974
     11728.575590983
     11771.407386502
     11813.845432395
     11855.886328035
     11897.526704578
     11938.763225229
     11979.592585504
     12020.011513498
     12060.016770138
     12099.605149441
     12138.773478769
     12177.518619078
     12215.837465163
     12253.726945905
      12291.18402451
     12328.205698745
     12364.789001175
     12400.930999393
     12436.628796244
     12471.879530053
      12506.68037484
      12541.02854054
     12574.921273212
     12608.355855247
      12641.32960557
     12673.839879844
     12705.884070655
      12737.45960771
     12768.563958011
     12799.194626043
     12829.349153936
     12859.025121635
     12888.220147057
     12916.931886241
      12945.15803349
     12972.896321503
     13000.144521498
     13026.900443323
     13053.161935552
     13078.926885573
     13104.193219651
     13128.958902983
      13153.22193972
     13176.980372974
     13200.232284793
     13222.975796101
     13245.209066605
     13266.930294647
     13288.137717009
     13308.829608648
     13329.004282357
      13348.66008832
     13367.795413565
     13386.408681261
     13404.498349848
     13422.062911941
     13439.100892965
     13455.610849445
      13471.59136685
     13487.041056889
     13501.958554074
     13516.342511344
     13530.191594455
     13543.504474726
      13556.27981959
     13568.516280144
     13580.212474606
     13591.366966043
      13601.97823198
     13612.044622358
     13621.564300321
     13630.535157286
      13638.95468837
     13646.819804937
     13654.126543714
     13660.869598076
     13667.041525836
     13672.631322805
     13677.621615032
     13681.982328663
     13685.654937267
     13688.606496998
      13691.43418252
      13695.02433685
     13699.606758019
     13705.437470512
     13713.329791798
