Analytical eigenvalues:
2.88233
6.37749
9.37085
11.9877
15.0026
18.8201
23.4172
28.7645
34.8487
35.5463
41.6632
49.2044
57.4702
66.4591
76.1703
86.6033
97.7575
109.633
122.229
135.545
149.582
164.34
179.818
196.016
212.934
230.573
248.931
268.01
287.809
308.328
329.567
351.527
374.206
397.605
421.725
446.564
472.124
498.403
525.403
553.123
581.562
610.722
640.602
671.201
702.521
734.561
767.321
800.8
835.001
870.145
Computed eigenvalues:
2.88233
6.37749
9.37085
11.9877
15.0026
18.8201
23.4172
28.7645
34.8487
35.5463
41.6632
49.2044
57.4702
66.4591
76.1703
86.6033
97.7575
109.633
122.229
135.545
149.582
164.34
179.818
196.016
212.934
230.573
248.931
268.01
287.809
308.328
329.567
351.527
374.206
397.605
421.725
446.564
472.124
498.403
525.403
553.123
581.562
610.722
640.602
671.201
702.521
734.561
767.321
800.8
835.001
870.145
