4.4
     2.9999522719086
     7.0000084536803
     11.009713434138
     15.135025083199
     19.738929771186
     25.224013761454
     31.742906378851
     39.310176075671
     47.916594286393
     57.553840693296
     68.216235976617
     79.899858586418
     92.601814833519
     106.31979969483
     121.05184207899
     136.79615483161
     153.55104396923
     171.31485213906
     190.08592241852
     209.86257455086
     230.64308899222
     252.42569598912
     275.20856797004
      298.9898141667
     323.76747676425
     349.53952811861
     376.30386873097
     404.05832576764
     432.80065197845
      462.5285249104
      493.2395463427
     524.93124189037
     557.60106073701
     591.24637546863
      625.8644819867
      661.4525994846
     698.00787047507
     735.52736085946
     774.00806003138
     813.44688100929
     853.84066059342
     895.18615954389
     937.48006277686
     980.71897957682
     1024.8994438231
     1070.0179142292
     1116.0707745939
     1163.0543340629
     1210.9648274005
     1259.7984152703
     1309.5511845256
     1360.2191485065
     1411.7982473462
     1464.2843482845
     1517.6732459886
     1571.9606628808
     1627.1422494733
     1683.2135847098
     1740.1701763132
     1798.0074611404
     1856.7208055426
     1916.3055057324
     1976.7567881569
     2038.0698098763
     2100.2396589492
     2163.2613548229
     2227.1298487304
     2291.8400240922
     2357.3866969244
     2423.7646162521
     2490.9684645283
     2558.9928580587
     2627.8323474315
     2697.4814179521
      2767.934490085
     2839.1859198985
     2911.2299995167
     2984.0609575754
     3057.6729596842
     3132.0601088923
     3207.2164461613
     3283.1359508409
     3359.8125411515
     3437.2400746701
     3515.4123488229
     3594.3231013804
     3673.9660109599
     3754.3346975304
     3835.4227229244
     3917.2235913525
     3999.7307499236
     4082.9375891701
     4166.8374435762
     4251.4235921122
     4336.6892587726
     4422.6276131187
     4509.2317708251
     4596.4947942317
     4684.4096928985
     4772.9694241664
     4862.1668937201
     4951.9949561569
     5042.4464155588
     5133.5140260688
     5225.1904924713
     5317.4684707761
     5410.3405688068
     5503.7993467929
     5597.8373179654
     5692.4469491568
     5787.6206614042
     5883.3508305561
     5979.6297878837
     6076.4498206948
     6173.8031729512
     6271.6820458906
     6370.0785986504
      6468.984948897
     6568.3931734557
     6668.2953089464
     6768.6833524211
     6869.5492620047
     6970.8849575396
     7072.6823212324
     7174.9331983047
     7277.6293976459
     7380.7626924694
     7484.3248209716
     7588.3074869937
     7692.7023606863
     7797.5010791763
     7902.6952472374
     8008.2764379618
     8114.2361934359
     8220.5660254175
     8327.2574160155
     8434.3018183726
     8541.6906573502
     8649.4153302142
      8757.467207325
     8865.8376328287
     8974.5179253504
     9083.4993786893
     9192.7732625166
     9302.3308230741
     9412.1632838765
     9522.2618464136
     9632.6176908549
     9743.2219767573
      9854.065843772
     9965.1404123549
     10076.436784478
     10187.946044341
     10299.659259088
      10411.56747952
     10523.661740815
     10635.933063243
     10748.372452887
     10860.970902364
     10973.719391545
     11086.608888279
     11199.630349116
      11312.77472003
     11426.032937148
     11539.395927471
     11652.854609605
     11766.399894489
     11880.022686117
     11993.713882274
      12107.46437526
     12221.265052623
     12335.106797888
     12448.980491284
      12562.87701048
     12676.787231313
     12790.702028518
     12904.612276461
     13018.508849868
     13132.382624558
     13246.224478175
     13360.025290912
     13473.775946253
      13587.46733169
     13701.090339465
     13814.635867292
      13928.09481909
     14041.458105707
     14154.716645656
     14267.861365834
     14380.883202256
     14493.773100776
     14606.522017814
     14719.120921081
     14831.560790302
     14943.832617942
     15055.927409919
     15167.836186335
     15279.549982187
     15391.059848091
     15502.356850994
     15613.432074896
     15724.276621556
     15834.881611212
      15945.23818329
     16055.337497111
     16165.170732605
     16274.729091012
     16384.003795589
     16492.986092316
     16601.667250591
     16710.038563936
      16818.09135069
     16925.816954707
     17033.206746047
     17140.252121671
     17246.944506126
     17353.275352235
     17459.236141782
      17564.81838619
     17670.013627208
     17774.813437582
     17879.209421735
     17983.193216435
     18086.756491471
     18189.890950314
     18292.588330786
     18394.840405719
     18496.638983618
     18597.975909312
     18698.843064613
      18799.23236896
     18899.135780073
     18998.545294593
     19097.452948722
     19195.850818867
     19293.731022269
     19391.085717635
      19487.90710577
     19584.187430199
     19679.918977788
     19775.094079363
     19869.705110324
     19963.744491256
     20057.204688534
     20150.078214933
     20242.357630219
     20334.035541751
     20425.104605072
     20515.557524494
     20605.387053688
     20694.585996262
     20783.147206334
     20871.063589109
     20958.328101448
     21044.933752426
     21130.873603898
     21216.140771052
     21300.728422962
     21384.629783131
      21467.83813004
     21550.346797681
     21632.149176094
     21713.238711895
       21793.6089088
     21873.253328146
     21952.165589409
     22030.339370711
     22107.768409325
     22184.446502184
     22260.367506369
     22335.525339605
     22409.913980746
     22483.527470261
     22556.359910703
     22628.405467189
     22699.658367863
     22770.112904354
     22839.763432242
     22908.604371498
     22976.630206939
     23043.835488664
     23110.214832491
     23175.762920384
     23240.474500883
     23304.344389519
     23367.367469226
     23429.538690755
     23490.853073068
     23551.305703742
     23610.891739354
     23669.606405869
     23727.444999017
     23784.402884666
      23840.47549919
     23895.658349828
     23949.947015037
     24003.337144841
     24055.824461173
     24107.404758206
     24158.073902682
     24207.827834233
     24256.662565688
     24304.574183387
     24351.558847469
     24397.612792164
      24442.73232607
     24486.913832427
      24530.15376937
     24572.448670182
     24613.795143529
      24654.18987368
     24693.629620718
      24732.11122073
     24769.631585977
     24806.187705048
      24841.77664298
     24876.395541353
     24910.041618352
     24942.712168773
     24974.404563991
     25005.116251851
     25034.844756479
     25063.587677994
     25091.342692078
     25118.107549378
     25143.880074682
     25168.658165796
     25192.439792016
     25215.222992062
     25237.005871256
     25257.786597661
     25277.563396732
     25296.334543843
     25314.098353665
     25330.853164885
     25346.597317735
     25361.329120313
     25375.046796815
     25387.748405704
     25399.431706069
     25410.093930751
     25419.731382856
     25428.338675499
     25435.907188225
     25442.421592845
     25447.850700971
     25452.123384047
     25455.387241261
     25459.135968349
     25464.889727601
