40
     2.9959356377355
     6.9796475416275
     10.950260129799
     14.907707768163
      18.85192371598
     22.782840094746
     26.700387855847
     30.604496746932
     34.495095276918
     38.372110679577
     42.235468875617
     46.085094433175
     49.920910526649
      53.74283889377
     57.550799790807
     61.344711945827
     65.124492509871
     68.890057005945
     72.641319275695
     76.378191423622
     80.100583758706
     83.808404733267
     87.501560878903
     91.179956739325
     94.843494799888
     98.492075413608
     102.12559672346
     105.74395458065
     109.34704245872
     112.93475136303
     116.50696973544
     120.06358335386
     123.60447522618
     127.12952547829
     130.63861123579
     134.13160649874
     137.60838200919
      141.0688051107
     144.51273959943
      147.9400455659
     151.35057922698
     154.74419274702
      158.1207340474
     161.48004660343
     164.82196922761
     168.14633583792
     171.45297520989
       174.741710711
     178.01236001567
     181.26473479905
     184.49864040759
     187.71387550406
     190.04199536174
     190.91023168436
     194.08749306341
      197.2454358266
      200.3838277433
     203.50242763807
     206.60098481488
     209.67923842878
     212.73691679886
     215.77373665529
     218.78940231202
     221.78360475581
     224.75602064018
     227.70631117158
     230.63412087226
     233.53907620232
     236.42078401943
     239.27882985146
      242.1127759517
     244.92215910087
     247.70648811216
      250.4652409864
     253.19786165223
     255.90375621114
     258.58228858725
     261.23277545649
     263.85448029567
     266.44660634769
     269.00828823784
     271.53858189428
     274.03645231001
     276.50075852157
     278.93023494503
     281.32346786511
     283.67886535205
     285.99461807381
     288.26864717692
     290.49853326084
     292.68141673979
       294.813853066
     296.89159299786
     298.90923013793
     300.85959466193
     302.73263857419
     304.51359542805
     306.18397423343
     307.74892174312
      309.2948496746
     310.93125763256
     312.68600001384
     314.54337319893
     316.48717198318
     318.50635257253
     320.59325133956
     322.74223482268
     324.94896863041
      327.2100035065
     329.52252317353
     331.88418122876
     334.29299056356
     336.74724551885
     339.24546537051
     341.78635223093
     344.36875899726
     346.99166448652
     349.65415382906
     352.35540278564
     355.09466504303
     357.87126180599
     360.68457318372
     363.53403099615
     366.41911271628
     369.33933633047
     372.29425594759
     375.28345802411
     378.30655809979
     381.36319795976
     384.45304315486
     387.57578082504
     390.73111778055
     393.91877880352
     397.13850513889
     400.39005314898
     403.67319310979
     406.98770813095
     410.33339318351
     413.71005422251
     417.11750739309
     420.55557831011
      424.0241014033
     427.52291932024
     431.05188238133
     434.61084808077
     438.19968062917
     441.81825053329
      445.4664342093
     449.14411362634
     452.85117597735
     456.58751337473
      460.3530225685
     464.14760468488
     467.97116498357
     471.82361263206
     475.70486049539
     479.61482494037
     483.55342565264
       487.520585466
      491.5162302025
     495.54028852296
     499.59269178676
     503.67337392029
     507.78227129351
     511.91932260379
     516.08446876683
     520.27765281375
     524.49881979432
     528.74791668555
     533.02489230549
     537.32969723183
     541.66228372494
     546.02260565509
     550.41061843351
     554.82627894728
     559.26954549731
     563.74037773991
       568.238736631
     572.76458437335
     577.31788436644
     581.89860115867
      586.5067004021
     591.14214880919
     595.80491411181
     600.49496502199
      605.2122711947
     609.95680319226
     614.72853245038
     619.52743124583
     624.35347266551
      629.2066305769
     634.08687959987
     638.99419507971
     643.92855306129
     648.88993026441
     653.87830406018
     658.89365244836
     663.93595403572
     669.00518801527
     674.10133414636
     679.22437273558
     684.37428461845
     689.55105114188
     694.75465414728
     699.98507595438
     705.24229934566
     710.52630755143
     715.83708423547
      721.1746134812
     726.53887977842
     731.92986801054
      737.3475634423
     742.79195170788
     748.26301879961
     753.76075105693
     759.28513515586
     764.83615809882
     770.41380720478
     776.01807009987
     781.64893470824
     787.30638924321
     792.99042219891
     798.70102234193
     804.43817870357
     810.20188057213
     815.99211748558
     821.80887922441
     827.65215580482
     833.52193747201
     839.41821469381
     845.34097815452
     851.29021874877
     857.26592757589
     863.26809593422
     869.29671531564
     875.35177740046
     881.43327405218
      887.5411973127
      893.6755393975
       899.836292691
     906.02344974219
     912.23700326023
      918.4769461103
     924.74327130951
     931.03597202296
     937.35504156002
     943.70047337049
     950.07226104115
     956.47039829217
     962.89487897384
     969.34569706321
       975.822846661
     982.32632198846
      988.8561173844
      995.4122273023
     1001.9946463075
     1008.6033690744
     1015.2383903839
     1021.8997051208
     1028.5873082713
     1035.3011949203
     1042.0413602496
     1048.8077995352
     1055.6005081449
     1062.4194815367
     1069.2647152561
     1076.1362049345
     1083.0339462869
     1089.9579351102
      1096.908167281
     1103.8846387541
     1110.8873455605
     1117.9162838058
     1124.9714496683
     1132.0528393976
     1139.1604493129
     1146.2942758013
     1153.4543153165
     1160.6405643772
     1167.8530195658
     1175.0916775267
     1182.3565349652
     1189.6475886462
     1196.9648353925
     1204.3082720842
     1211.6778956568
     1219.0737031005
     1226.4956914586
     1233.9438578268
     1241.4181993519
     1248.9187132304
      1256.445396708
     1263.9982470783
     1271.5772616817
     1279.1824379046
     1286.8137731782
      1294.471264978
     1302.1549108224
     1309.8647082722
     1317.6006549294
     1325.3627484366
     1333.1509864761
     1340.9653667692
     1348.8058870751
     1356.6725451906
     1364.5653389487
     1372.4842662187
     1380.4293249048
     1388.4005129456
     1396.3978283136
     1404.4212690143
     1412.4708330857
     1420.5465185977
     1428.6483236511
     1436.7762463776
     1444.9302849388
     1453.1104375256
     1461.3167023579
     1469.5490776841
      1477.807561783
     1486.0921529802
     1494.4028497714
     1502.7396516374
     1511.1025639285
      1519.491624226
     1527.9070286509
     1536.3496585931
     1544.8229330464
     1553.3380135457
     1561.9243658601
     1570.6418730626
     1579.5799858674
     1588.8345131664
      1598.480180009
     1608.5629059188
     1619.1097103084
     1630.1413612656
     1641.6807024704
     1653.7571404923
     1666.4094224748
     1679.6882515023
     1693.6597402914
     1708.4106314263
     1724.0566449262
     1740.7565035698
     1758.7370738737
     1778.3427071921
     1800.1456894797
     1825.2501738886
      1856.522307874
