30
      2.997715264743
     6.9885666743217
     10.972077623008
     14.948227680213
     18.916996224804
     22.878362442155
     26.832305321132
     30.778803651017
     34.717836018358
     38.649380803759
     42.573416178589
     46.489920101625
     50.398870315617
     54.300244343773
     58.194019486169
     62.080172816075
     65.958681176192
     69.829521174813
     73.692669181881
     77.548101324963
     81.395793485131
     85.235721292736
     89.067860123088
     92.892185092031
     96.708671051413
     100.51729258443
     104.31802400089
     108.11083933231
     111.89571232695
     115.67261644466
     119.44152485165
      123.2024104151
     126.95524569763
     130.70000295163
     134.43665411349
     138.16517079758
     141.88552429013
     145.59768554301
     149.30162516719
     152.99731342618
     156.68472022919
     160.36381512416
     164.03456729054
     167.69694553194
     171.35091826852
     174.99645352918
     178.63351894355
     182.26208173371
     185.88210870571
     189.49356624081
      193.0964202865
      196.6906363472
     200.27617947477
      203.8530142586
     207.42110481556
      210.9804147795
     214.53090729053
     218.07254498388
     221.60528997851
     225.12910386524
     228.64394769463
     232.14978196431
     235.64656660611
     239.13426097256
     242.61282382303
     246.08221330948
     249.54238696158
     252.99330167143
     256.43491367775
     259.86717854944
     263.29005116866
     266.70348571328
     270.10743563864
     273.50185365877
      276.8866917268
     280.26190101475
     281.89817321286
     283.62743189253
     286.98323390613
     290.32925575496
     293.66544526846
     296.99174938161
     300.30811410959
     303.61448452147
     306.91080471273
     310.19701777675
     313.47306577512
     316.73888970668
     319.99442947535
     323.23962385645
     326.47441046175
     329.69872570285
     332.91250475302
     336.11568150737
     339.30818854116
     342.48995706624
     345.66091688549
     348.82099634509
     351.97012228457
     355.10821998446
     358.23521311133
     361.35102366021
     364.45557189404
     367.54877628015
     370.63055342336
      373.7008179957
     376.75948266235
     379.80645800358
     382.84165243253
     385.86497210834
     388.87632084446
     391.87560001174
     394.86270843584
     397.83754228865
     400.79999497319
     403.74995700157
     406.68731586525
     409.61195589732
     412.52375812578
     415.42260011739
     418.30835581111
     421.18089534023
     424.04008484232
     426.88578625582
     429.71785710202
     432.53615025117
     435.34051367121
     438.13079015727
     440.90681704028
      443.6684258724
     446.41544208696
     449.14768463021
     451.86496556179
     454.56708962052
     457.25385375158
     459.92504659051
     462.58044789904
     465.21982794674
      467.8429468317
     470.44955373259
      473.0393860826
      475.6121686551
     478.16761254825
       480.705414054
     483.22525339448
     485.72679330482
     488.20967743844
     490.67352856503
       493.117946526
     495.54250590413
     497.94675335479
     500.33020453336
      502.6923405382
     505.03260376739
     507.35039306077
     509.64505796276
     511.91589189324
     514.16212394785
     516.38290895759
     518.57731530947
     520.74430984496
     522.88273888255
     524.99130400465
      527.0685306226
      529.1127263375
     531.12192447336
     533.09380533762
     535.02558266677
     536.91383293301
     538.75422505589
     540.54106421718
     542.26647764051
     543.91909899227
     545.48421179116
     546.95902928806
     548.39559035982
     549.88525099138
       551.469104431
     553.14019834006
     554.88422140129
     556.69062565294
     558.55210555588
     560.46335311992
     562.42032114479
     564.41980831653
     566.45921088101
      568.5363644935
      570.6494383229
     572.79686125073
     574.97726873422
     577.18946349736
     579.43238577842
     581.70509036492
     584.00672856381
     586.33653383427
      588.6938101877
     591.07792271194
     593.48828974928
     595.92437637853
     598.38568893721
     600.87177038196
     603.38219633092
     605.91657166594
      608.4745275976
      611.0557191163
     613.65982276686
      616.2865346967
     618.93556893597
     621.60665587601
     624.29954091801
     627.01398326832
     629.74975486099
     632.50663939084
     635.28443144321
     638.08293570845
     640.90196627081
      643.7413459633
     646.60090578072
     649.48048434452
     652.37992741385
     655.29908743766
     658.23782314392
     661.19599916187
     664.17348567413
      667.1701580958
     670.18589677779
     673.22058673234
     676.27411737847
      679.3463823057
     682.43727905435
     685.54670891098
     688.67457671772
     691.82079069431
     694.98526227175
     698.16790593669
     701.36863908561
     704.58738188817
     707.82405715889
     711.07859023653
     714.35090887069
     717.64094311506
     720.94862522674
     724.27388957139
     727.61667253356
     730.97691243211
     734.35454944008
     737.74952550903
     741.16178429722
     744.59127110166
      748.0379327936
     751.50171775735
     754.98257583212
      758.4804582568
     761.99531761738
       765.527107797
     769.07578392832
     772.64130234819
     776.22362055431
     779.82269716417
     783.43849187552
     787.07096542887
     790.72007957158
     794.38579702357
     798.06808144453
     801.76689740282
     805.48221034615
     809.21398657523
     812.96219322332
      816.7267982509
     820.50777047979
     824.30507973271
     828.11869724613
     831.94859676979
     835.79475732264
     839.65716976806
     843.53585174704
     847.43087981462
     851.34245444513
     855.27102211693
     859.21748424419
     863.18351336785
     867.17195426497
     871.18720147613
     875.23534821651
     879.32389156562
     883.46094739232
     887.65421418709
     891.91009402633
     896.23326908449
     900.62675589371
     905.09225524121
     909.63058457476
     914.24205665596
     918.92675576301
      923.6847160005
     928.51602586406
     933.42088410339
     938.39962617707
      943.4527342301
     948.58083857508
     953.78471533283
     959.06528282848
     964.42359812741
     969.86085441173
     975.37837952471
     980.97763581852
     986.66022134768
     992.42787241498
     998.28246746983
     1004.2260323705
     1010.2607470405
     1016.3889535749
      1022.613165881
     1028.9360809707
     1035.3605920584
     1041.8898036581
     1048.5270489244
      1055.275909534
     1062.1402384754
     1069.1241861922
      1076.232230624
     1083.4692118138
     1090.8403718987
     1098.3514014946
     1106.0084937286
     1113.8184074835
      1121.788541826
     1129.9270241158
     1138.2428149985
     1146.7458344171
     1155.4471140532
     1164.3589833501
      1173.495298707
     1182.8717288755
     1192.5061145624
      1202.418927545
     1212.6338655835
     1223.1786363225
     1234.0860101407
     1245.3952656515
     1257.1542256905
     1269.4222126995
     1282.2744960597
     1295.8092849107
     1310.1593421797
     1325.5126796903
     1342.1530741934
     1360.5507079137
     1381.6116720077
     1407.6886083033
