7
     2.9998757056747
     6.9993784999379
     10.998483466301
      14.99719054545
     18.995499684415
     22.993411147227
      26.99093478886
      30.98826110967
     34.987683720941
     39.005859872516
     43.110485621941
     47.443045308905
     52.147991995833
     57.295337170928
     62.895873790261
      68.94069958175
     75.418911870446
     82.321638527853
     89.642172549559
     97.375442190212
     105.51752548563
     114.06530003851
     123.01620296845
     132.36806699523
      142.1190072398
     152.26734179313
     162.81153503473
     173.75015652373
     185.08185073035
     196.80531443816
     208.91927965908
     221.42250056751
     234.31374340375
     247.59177859846
     261.25537457703
     275.30329284822
     289.73428408417
     304.54708497242
      319.7404156745
     335.31297776471
     351.26345255188
     367.59049970887
      384.2927561508
     401.36883511579
     418.81732541136
     436.63679079741
     454.82576948215
     473.38277371206
     492.30628944069
     511.59477606353
     531.24666620899
     551.26036557675
      571.6342528169
     592.36667944364
     613.45596977908
     634.90042092306
     656.69830274534
     678.84785789767
     701.34730184312
     724.19482290064
      747.3885823032
     770.92671426795
     794.80732607712
     819.02849816865
     843.58828423552
     868.48471133303
     893.71577999322
     919.27946434609
     945.17371224662
     971.39644540768
     997.94555953787
     1024.8189244845
     1052.0143843808
     1079.5297577975
     1107.3628378988
     1135.5113926011
     1163.9731647366
     1192.7458722194
     1221.8272082148
     1251.2148413131
     1280.9064157043
      1310.899551357
     1341.1918442004
     1371.7808663075
     1402.6641660825
     1433.8392684496
     1465.3036750448
       1497.05486441
     1529.0902921892
     1561.4073913271
     1594.0035722698
     1626.8762231682
     1660.0227100827
     1693.4403771903
     1727.1265469939
     1761.0785205335
     1795.2935775992
     1829.7689769463
     1864.5019565118
     1899.4897336338
     1934.7295052716
      1970.218448228
     2005.9537193734
      2041.932455872
     2078.1517754088
      2114.608776419
     2151.3005383188
     2188.2241217379
     2225.3765687534
     2262.7549031255
     2300.3561305347
     2338.1772388201
     2376.2151982202
     2414.4669616138
     2452.9294647639
     2491.5996265613
      2530.474349271
     2569.5505187797
      2608.825004844
     2648.2946613405
     2687.9563265173
     2727.8068232461
     2767.8429592766
     2808.0615274911
     2848.4593061611
     2889.0330592049
     2929.7795364457
     2970.6954738722
     3011.7775938988
     3053.0226056283
     3094.4272051148
     3135.9880756278
     3177.7018879177
     3219.5653004821
     3261.5749598327
      3303.727500764
     3346.0195466225
     3388.4477095764
     3431.0085908873
     3473.6987811816
     3516.5148607237
     3559.4533996893
     3602.5109584402
     3645.6840877994
     3688.9693293273
     3732.3632155981
     3775.8622704779
     3819.4630094025
     3863.1619396565
     3906.9555606529
      3950.840364213
      3994.812834848
     4038.8694500395
     4083.0066805222
     4127.2209905659
     4171.5088382593
     4215.8666757927
     4260.2909497428
     4304.7781013566
     4349.3245668369
     4393.9267776274
     4438.5811606982
     4483.2841388324
      4528.032130912
     4572.8215522053
     4617.6488146533
     4662.5103271575
     4707.4024958672
     4752.3217244674
     4797.2644144669
     4842.2269654863
     4887.2057755466
     4932.1972413571
     4977.1977586048
     5022.2037222423
     5067.2115267771
     5112.2175665599
     5157.2182360737
     5202.2099302224
     5247.1890446196
     5292.1519758773
     5337.0951218946
     5382.0148821459
     5426.9076579696
     5471.7698528562
     5516.5978727362
     5561.3881262684
     5606.1370251271
     5650.8409842899
     5695.4964223244
     5740.0997616755
     5784.6474289518
     5829.1358552117
     5873.5614762492
       5917.92073288
     5962.2100712256
     6006.4259429988
     6050.5648057875
     6094.6231233382
     6138.5973658401
     6182.4840102071
     6226.2795403597
     6269.9804475078
     6313.5832304305
     6357.0843957572
     6400.4804582471
     6443.7679410688
      6486.943376078
     6530.0033040959
     6572.9442751859
     6615.7628489304
     6658.4555947051
     6701.0190919555
     6743.4499304691
     6785.7447106497
     6827.9000437891
     6869.9125523384
     6911.7788701787
     6953.4956428903
     6995.0595280215
     7036.4671953561
       7077.71532718
     7118.8006185471
     7159.7197775431
     7200.4695255498
     7241.0465975068
     7281.4477421735
     7321.6697223888
     7361.7093153301
     7401.5633127714
       7441.22852134
     7480.7017627716
     7519.9798741647
     7559.0597082337
     7597.9381335604
     7636.6120348443
     7675.0783131516
     7713.3338861632
     7751.3756884206
      7789.200671571
     7826.8058046108
     7864.1880741276
     7901.3444845408
     7938.2720583405
     7974.9678363255
      8011.428877839
     8047.6522610028
     8083.6350829509
     8119.3744600602
     8154.8675281804
     8190.1114428618
     8225.1033795817
     8259.8405339689
     8294.3201220261
     8328.5393803521
     8362.4955663595
     8396.1859584934
      8429.607856446
     8462.7585813706
     8495.6354760934
     8528.2359053228
     8560.5572558576
      8592.596936792
     8624.3523797198
     8655.8210389356
     8687.0003916336
     8717.8879381053
     8748.4812019335
      8778.777730185
     8808.7750936008
      8838.470886783
     8867.8627283796
      8896.948261268
     8925.7251527329
      8954.191094644
     8982.3438036295
     9010.1810212471
     9037.7005141515
     9064.9000742582
     9091.7775189051
     9118.3306910095
     9144.5574592206
     9170.4557180699
     9196.0233881158
     9221.2584160832
     9246.1587750003
     9270.7224643278
     9294.9475100833
     9318.8319649607
     9342.3739084411
     9365.5714468968
     9388.4227136893
     9410.9258692552
     9433.0791011853
     9454.8806242916
     9476.3286806621
      9497.421539703
     9518.1574981649
     9538.5348801526
     9558.5520371154
     9578.2073478143
      9597.499218265
     9616.4260816519
      9634.986398207
     9653.1786550515
     9671.0013659902
     9688.4530712551
     9705.5323371832
     9722.2377558239
     9738.5679444565
      9754.521545004
     9770.0972233234
     9785.2936683435
     9800.1095910236
     9814.5437230903
     9828.5948155051
     9842.2616366013
     9855.5429698122
     9868.4376108893
     9880.9443644849
     9893.0620399325
     9904.7894460065
      9916.125384379
     9927.0686413934
     9937.6179776457
     9947.7721146816
     9957.5297178602
     9966.8893740579
     9975.8495623397
     9984.4086148978
     9992.5646643038
     10000.315571139
     10007.658822873
     10014.591389526
     10021.109512334
       10027.2083846
     10032.881650791
     10038.120580245
     10042.912609948
     10047.238518494
     10051.066108064
     10054.336189302
     10057.034758624
     10059.688308796
     10062.947351629
     10066.912944004
     10071.632280271
     10077.256680257
      10084.12668483
     10093.163012621
