6.9
      2.999879231728
     6.9993961317968
     10.998526492151
     14.997270256963
     18.995627389095
      22.99359871154
     26.991208851538
     30.988886965094
     34.991212674756
     39.026726713472
     43.191029732332
     47.643466820083
     52.511419012025
     57.841208421224
     63.633515874571
     69.877651114883
     76.563235880745
     83.682201115777
     91.228495012576
     99.197523981967
     107.58570717737
     116.39016580516
     125.60851203518
     135.23870495861
       145.278950899
     155.72763324672
     166.58326222961
     177.84443837381
     189.50982552691
     201.57813066947
     214.04808861995
      226.9184503169
     240.18797375074
     253.85541688174
     267.91953206337
     282.37906161862
     297.23273430766
     312.47926249085
     328.11733983868
     344.14563947536
      360.5628124686
       377.367486598
     394.55826534868
     412.13372708868
     430.09242439685
      448.4328835147
     467.15360390119
     486.25305787311
      505.7296903173
     525.58191846334
     545.80813170735
     566.40669147932
     587.37593114768
     608.71415595576
     630.41964298578
     652.49064114688
      674.9253711838
     697.72202570393
     720.87876922036
     744.39373820907
      768.2650411788
      792.4907587521
     817.06894375643
     841.99762132449
     867.27478900262
     892.89841686675
     918.86644764526
     945.17679684796
     971.82735290107
     998.81597728742
     1026.1405046917
     1053.7987431502
     1081.7884742055
     1110.1074530645
     1138.7534087609
     1167.7240443212
      1197.017036934
     1226.6300381233
     1256.5606739243
     1286.8065450625
      1317.365227136
     1348.2342708002
     1379.4112019561
       1410.89352194
     1442.6787077171
     1474.7642120768
     1507.1474638305
     1539.8258680124
     1572.7968060816
     1606.0576361276
     1639.6056930776
     1673.4382889051
     1707.5527128422
      1741.946231593
     1776.6160895489
      1811.559509007
     1846.7736903889
      1882.255812463
     1918.0030325677
     1954.0124868367
     1990.2812904266
     2026.8065377455
     2063.5853026843
     2100.6146388489
     2137.8915797949
     2175.4131392634
     2213.1763114188
     2251.1780710884
     2289.4153740031
       2327.88515704
      2366.584338467
     2405.5098181883
     2444.6584779915
      2484.027181797
     2523.6127759074
     2563.4120892601
       2603.42193368
     2643.6391041342
     2684.0603789879
     2724.6825202619
     2765.5022738914
     2806.5163699857
     2847.7215230896
     2889.1144324462
     2930.6917822605
     2972.4502419648
     3014.3864664846
     3056.4970965062
     3098.7787587455
     3141.2280662176
     3183.8416185078
     3226.6160020435
     3269.5477903672
     3312.6335444109
     3355.8698127708
     3399.2531319838
     3442.7800268043
     3486.4470104826
     3530.2505850439
     3574.1872415676
     3618.2534604691
     3662.4457117806
     3706.7604554341
     3751.1941415445
     3795.7432106941
      3840.404094217
      3885.173214485
      3930.046985194
     3975.0218116512
     4020.0940910626
     4065.2602128214
     4110.5165587975
     4155.8595036268
     4201.2854150012
     4246.7906539603
     4292.3715751816
     4338.0245272734
     4383.7458530665
     4429.5318899073
     4475.3789699509
     4521.2834204553
     4567.2415640746
     4613.2497191545
     4659.3042000263
     4705.4013173021
     4751.5373781713
     4797.7086866947
     4843.9115441018
     4890.1422490862
     4936.3970981026
      4982.672385663
     5028.9644046337
     5075.2694465319
     5121.5838018232
     5167.9037602181
     5214.2256109696
     5260.5456431703
     5306.8601460496
     5353.1654092708
     5399.4577232283
      5445.733379345
     5491.9886703689
     5538.2198906702
     5584.4233365386
      5630.595306479
     5676.7321015086
     5722.8300254535
     5768.8853852438
       5814.89449121
     5860.8536573789
     5906.7592017679
     5952.6074466808
     5998.3947190019
     6044.1173504903
     6089.7716780738
     6135.3540441421
     6180.8607968403
     6226.2882903608
     6271.6328852356
     6316.8909486278
     6362.0588546224
     6407.1329845174
     6452.1097271126
     6496.9854789996
     6541.7566448503
     6586.4196377048
     6630.9708792584
     6675.4068001486
     6719.7238402411
     6763.9184489144
     6807.9870853445
     6851.9262187884
     6895.7323288669
     6939.4019058465
     6982.9314509208
     7026.3174764898
     7069.5565064401
     7112.6450764229
     7155.5797341314
     7198.3570395769
      7240.973565365
     7283.4258969693
     7325.7106330049
     7367.8243855012
     7409.7637801722
     7451.5254566877
     7493.1060689411
     7534.5022853183
     7575.7107889632
     7616.7282780444
      7657.551466018
     7698.1770818919
     7738.6018704864
     7778.8225926951
      7818.836025744
     7858.6389634491
     7898.2282164726
     7937.6006125779
     7976.7529968836
     8015.6822321151
     8054.3851988558
     8092.8587957954
     8131.0999399786
      8169.105567051
     8206.8726315031
      8244.398106914
     8281.6789861926
     8318.7122818174
      8355.495026075
     8392.0242712958
     8428.2970900892
     8464.3105755775
     8500.0618416257
     8535.5480230719
     8570.7662759549
     8605.7137777398
     8640.3877275425
     8674.7853463512
     8708.9038772467
     8742.7405856209
     8776.2927593927
     8809.5577092219
      8842.532768722
     8875.2152946692
     8907.6026672109
     8939.6922900706
     8971.4815907518
     9002.9680207389
     9034.1490556951
     9065.0221956597
     9095.5849652408
      9125.834913807
     9155.7696156761
        9185.3866703
     9214.6837024487
     9243.6583623896
     9272.3083260653
     9300.6312952668
     9328.6249978046
     9356.2871876758
     9383.6156452281
     9410.6081773192
     9437.2626174728
     9463.5768260309
     9489.5486903007
      9515.176124697
     9540.4570708798
     9565.3894978867
     9589.9714022587
     9614.2008081592
     9638.0757674884
     9661.5943599871
     9684.7546933344
     9707.5549032349
      9729.993153497
     9752.0676360984
     9773.7765712397
     9795.1182073846
     9816.0908212828
     9836.6927179749
     9856.9222307779
     9876.7777212457
     9896.2575791026
     9915.3602221471
     9934.0840961173
      9952.427674515
     9970.3894583817
     9987.9679760143
     10005.161782614
     10021.969459856
     10038.389615355
     10054.420882027
     10070.061917304
     10085.311402181
     10100.168040064
     10114.630555362
     10128.697691783
      10142.36821024
     10155.640886294
     10168.514507012
     10180.987867068
     10193.059763923
     10204.728991783
     10215.994334007
     10226.854553498
     10237.308380417
     10247.354496371
     10256.991513838
     10266.217949116
     10275.032186315
     10283.432428781
     10291.416632544
     10298.982413494
     10306.126915244
     10312.846616353
      10319.13704067
      10324.99230592
     10330.404386526
     10335.361832633
     10339.847341766
     10343.832514746
     10347.265232345
       10350.0937673
     10352.698155771
     10355.831622694
     10359.687842718
     10364.308078409
      10369.83660121
     10376.608326288
     10385.534648489
