2.99975
6.99873
10.9969
14.9943
18.9908
22.9865
26.9815
30.9756
34.9689
38.9614
42.953
46.9439
50.9339
54.9231
58.9115
62.8991
66.8859
70.8719
74.8571
78.842
82.8291
86.829
90.8725
95.0193
99.3403
103.886
108.676
113.71
118.982
124.482
130.205
136.144
142.293
148.651
155.212
161.975
168.936
176.094
183.447
190.994
198.732
206.661
214.779
223.084
231.577
240.255
249.117
258.163
267.391
276.801
286.391
296.161
306.109
316.235
326.537
337.015
347.667
358.493
369.492
380.662
392.003
403.514
415.193
427.041
439.055
451.234
463.579
476.087
488.757
501.59
514.582
527.734
541.045
554.512
568.136
581.915
595.847
609.933
624.17
638.557
653.094
667.778
682.61
697.587
712.709
727.974
743.381
758.928
774.615
790.441
806.403
822.501
838.734
855.099
871.596
888.224
904.981
921.865
938.876
956.012
973.271
990.653
1008.16
1025.78
1043.52
1061.37
1079.35
1097.43
1115.63
1133.94
1152.36
1170.88
1189.51
1208.25
1227.09
1246.03
1265.07
1284.22
1303.45
1322.79
1342.22
1361.74
1381.35
1401.05
1420.84
1440.72
1460.68
1480.72
1500.85
1521.05
1541.34
1561.7
1582.13
1602.64
1623.22
1643.87
1664.59
1685.38
1706.23
1727.14
1748.12
1769.15
1790.25
1811.4
1832.6
1853.86
1875.18
1896.54
1917.95
1939.4
1960.9
1982.45
2004.03
2025.65
2047.32
2069.02
2090.75
2112.51
2134.31
2156.13
2177.99
2199.87
2221.77
2243.69
2265.64
2287.6
2309.58
2331.58
2353.58
2375.6
2397.63
2419.67
2441.72
2463.77
2485.82
2507.87
2529.92
2551.97
2574.02
2596.05
2618.09
2640.11
2662.12
2684.11
2706.09
2728.06
2750.01
2771.93
2793.84
2815.72
2837.57
2859.4
2881.2
2902.97
2924.7
2946.4
2968.07
2989.7
3011.29
3032.83
3054.34
3075.8
3097.21
3118.58
3139.89
3161.16
3182.37
3203.52
3224.62
3245.66
3266.65
3287.57
3308.42
3329.21
3349.94
3370.59
3391.18
3411.7
3432.14
3452.5
3472.79
3493.01
3513.14
3533.19
3553.16
3573.04
3592.84
3612.55
3632.17
3651.69
3671.13
3690.47
3709.72
3728.87
3747.92
3766.87
3785.72
3804.46
3823.1
3841.64
3860.06
3878.38
3896.59
3914.68
3932.66
3950.53
3968.28
3985.91
4003.42
4020.81
4038.08
4055.22
4072.24
4089.14
4105.9
4122.54
4139.05
4155.42
4171.66
4187.77
4203.74
4219.58
4235.27
4250.83
4266.25
4281.52
4296.65
4311.64
4326.48
4341.17
4355.72
4370.12
4384.36
4398.46
4412.4
4426.19
4439.82
4453.3
4466.62
4479.78
4492.78
4505.63
4518.31
4530.82
4543.18
4555.37
4567.39
4579.25
4590.94
4602.46
4613.81
4624.99
4636
4646.84
4657.5
4667.99
4678.3
4688.44
4698.4
4708.18
4717.78
4727.21
4736.45
4745.51
4754.39
4763.08
4771.59
4779.91
4788.05
4796
4803.76
4811.33
4818.71
4825.9
4832.9
4839.7
4846.31
4852.72
4858.93
4864.94
4870.75
4876.36
4881.75
4886.94
4891.92
4896.68
4901.22
4905.53
4909.6
4913.43
4917
4920.3
4923.28
4925.9
4928.17
4930.49
4933.18
4936.26
4939.7
4943.48
4947.6
4952.09
4956.98
4962.29
4968.11
4974.5
4981.62
4989.69
4999.16
5011.19
