3.6
     3.0003988389656
     7.0289904943321
     11.373652362932
     16.720003540916
     23.513730892087
     31.843049657401
     41.708316355632
     53.103259403378
     66.023309097092
     80.465281712106
     96.426741641919
     113.90562182782
     132.90001758396
     153.40807333853
     175.42791838844
     198.95762915916
     223.99520629275
     250.53856032335
     278.58550249039
     308.13373871939
     339.18086560997
     371.72436772797
     405.76161576488
     441.28986528652
     478.30625589018
     516.80781065056
      556.7914357735
     598.25392040226
      641.1919365375
     685.60203904383
     731.48066572337
     778.82413744215
     827.62865829892
     877.89031582896
     929.60508123682
     982.76880965384
     1037.3772404171
     1093.4259973673
     1150.9105891637
     1209.8264096139
     1270.1687380188
     1331.9327395296
     1395.1134655184
     1459.7058539593
     1525.7047298226
     1593.1048054779
     1661.9006811091
     1732.0868451397
     1803.6576746672
     1876.6074359078
     1950.9302846515
     2026.6202667253
     2103.6713184667
     2182.0772672063
     2261.8318317595
      2342.928622927
     2425.3611440045
     2509.1227913013
     2594.2068546675
       2680.60651803
     2768.3148599375
     2857.3248541131
     2947.6293700168
     3039.2211734156
     3132.0929269616
     3226.2371907799
     3321.6464230631
     3418.3129806753
     3516.2291197638
     3615.3869963788
     3715.7786671013
     3817.3960896789
       3920.23112367
     4024.2755310953
     4129.5209770976
     4235.9590306089
     4343.5811650258
     4452.3787588921
     4562.3430965895
     4673.4653690354
     4785.7366743881
     4899.1480187603
     5013.6903169392
     5129.3543931137
     5246.1309816101
     5364.0107276335
     5482.9841880175
     5603.0418319805
     5724.1740418889
     5846.3711140275
     5969.6232593771
     6093.9206043979
     6219.2531918209
     6345.6109814455
     6472.9838509431
      6601.361596669
     6730.7339344786
     6861.0905005517
     6992.4208522227
      7124.714468817
     7257.9607524936
     7392.1490290944
     7527.2685489988
     7663.3084879848
     7800.2579480966
     7938.1059585169
     8076.8414764458
     8216.4533879862
     8356.9305090328
     8498.2615861688
     8640.4352975674
     8783.4402538984
     8927.2649992404
     9071.8980119988
     9217.3277058293
     9363.5424305647
     9510.5304731485
     9658.2800585748
      9806.779350829
      9956.016453838
     10105.979412422
     10256.656213252
     10408.034785814
     10560.103003373
     10712.848683948
     10866.259591283
     11020.323435833
     11175.027875744
     11330.360517843
     11486.308918632
     11642.860585282
     11800.002976638
     11957.723504219
      12116.00953323
     12274.848383572
     12434.227330858
     12594.133607434
     12754.554403401
     12915.476867638
     13076.888108836
      13238.77519653
     13401.125162133
     13563.924999973
     13727.161668342
     13890.822090532
     14054.893155889
     14219.361720861
     14384.214610049
     14549.438617268
     14715.020506597
     14880.947013447
     15047.204845617
     15213.780684365
      15380.66118547
     15547.832980304
     15715.282676901
     15882.996861031
     16050.962097273
     16219.164930095
     16387.591884928
     16556.229469245
     16725.064173648
     16894.082472941
     17063.270827223
     17232.615682964
     17402.103474097
     17571.720623103
     17741.453542097
     17911.288633918
     18081.212293219
     18251.210907554
     18421.270858471
     18591.378522605
     18761.520272762
     18931.682479019
     19101.851509811
     19272.013733024
     19442.155517089
     19612.263232068
     19782.323250756
     19952.321949763
      20122.24571061
      20292.08092082
     20461.813975006
     20631.431275965
     20800.919235762
     20970.264276825
     21139.452833026
     21308.471350771
     21477.306290089
     21645.944125708
     21814.371348149
     21982.574464799
     22150.540000999
     22318.254501119
     22485.704529638
     22652.876672217
     22819.757536781
     22986.333754584
     23152.591981282
     23318.518898007
     23484.101212426
     23649.325659814
     23814.179004109
     23978.648038977
      24142.71958887
      24306.38051008
     24469.617691791
     24632.418057133
     24794.768564224
     24956.656207222
      25118.06801736
     25278.991063989
     25439.412455612
     25599.319340919
     25758.698909812
     25917.538394439
     26075.825070209
     26233.546256814
     26390.689319246
      26547.24166881
     26703.190764129
     26858.524112152
     27013.229269153
     27167.293841728
     27320.705487788
      27473.45191755
     27625.520894518
     27776.900236465
     27927.577816409
     28077.541563583
     28226.779464404
     28375.279563437
     28523.029964347
     28670.018830856
     28816.234387693
     28961.664921533
     29106.298781938
     29250.124382288
     29393.130200713
     29535.304781015
      29676.63673358
     29817.114736299
     29956.727535472
     30095.463946705
     30233.312855811
       30370.2632197
     30506.304067262
     30641.424500246
     30775.613694135
     30908.860899011
     31041.155440416
     31172.486720209
     31302.844217413
     31432.217489061
     31560.596171028
     31687.969978866
     31814.328708623
     31939.662237664
     32063.960525481
     32187.213614498
     32309.411630867
     32430.544785257
     32550.603373646
     32669.577778089
     32787.458467494
     32904.235998386
     33019.901015657
     33134.444253325
     33247.856535267
      33360.12877596
     33471.251981205
     33581.217248853
     33690.015769508
     33797.638827242
     33904.077800292
     34009.324161743
     34113.369480218
     34216.205420553
     34317.823744459
     34418.216311187
     34517.375078178
     34615.292101705
     34711.959537512
     34807.369641441
     34901.514770049
     34994.387381222
      35085.98003478
     35176.285393071
     35265.296221554
     35353.005389384
     35439.405869977
     35524.490741574
     35608.253187794
     35690.686498177
     35771.784068722
      35851.53940241
     35929.946109727
     36006.997909169
     36082.688627744
     36157.012201462
     36229.962675817
      36301.53420626
     36371.721058662
     36440.517609766
     36507.918347626
     36573.917872049
     36638.510895014
     36701.692241079
      36763.45684779
     36823.799766064
     36882.716160574
     36940.201310105
     36996.250607914
     37050.859562062
      37104.02379574
     37155.739047569
      37206.00117189
     37254.806139025
     37302.150035519
     37348.029064348
     37392.439545096
     37435.377914088
     37476.840724478
     37516.824646259
      37555.32646621
     37592.343087718
     37627.871530475
     37661.908929974
     37694.452536761
     37725.499715323
     37755.047942472
     37783.094805016
     37809.637996361
     37834.675311531
     37858.204639759
     37880.223953259
     37900.731289838
     37919.724725253
     37937.202327846
     37953.162081346
     37967.601747582
     37980.518609105
     37991.908954109
     38001.766955603
     38010.081938706
     38016.830483788
      38021.95060252
     38025.635599297
     38030.120558044
