4.2
     2.9999618909164
     7.0007534065485
     11.029788601662
     15.298258706743
     20.284519551007
     26.331792391322
     33.521700903145
      41.85325910598
     51.317497498387
     61.907796626061
     73.619687944041
     86.449989397616
     100.39624177143
     115.45638497924
     131.62857255221
     148.91106265308
     167.30215207498
     186.80013506202
     207.40327690221
     229.10979657185
     251.91785507871
     275.82554748344
     300.83089734976
     326.93185283221
     354.12628388928
     382.41198028371
     411.78665014271
     442.24791892248
     473.79332866917
     506.42033750001
     540.12631925062
     574.90856324889
     610.76427418707
     647.69057207067
     685.68449222846
     724.74298537155
     764.86291769266
     806.04107099848
     848.27414286986
     891.55874684558
     935.89141262651
     981.26858629759
     1027.6866305654
     1075.1418250098
     1123.6303663487
     1173.1483687139
     1223.6918639381
     1275.2568018521
     1327.8390505915
     1381.4343969117
     1436.0385465129
     1491.6471243717
     1548.2556750825
     1605.8596632047
     1664.4544736189
     1724.0354118899
     1784.5977046365
     1846.1364999091
     1908.6468675734
     1972.1237997017
       2036.56221097
     2101.9569390624
     2168.3027450818
      2235.594313967
      2303.826254916
      2372.993101816
     2443.0893136794
     2514.1092750861
     2586.0472966314
     2658.8976153809
     2732.6543953309
     2807.3117278744
     2882.8636322738
     2959.3040561389
     3036.6268759109
     3114.8258973524
     3193.8948560425
     3273.8274178784
     3354.6171795818
     3436.2576692118
     3518.7423466825
     3602.0646042864
     3686.2177672236
     3771.1950941359
     3856.9897776466
     3943.5949449052
      4031.003658138
     4119.2089152035
     4208.2036501527
     4297.9807337954
     4388.5329742707
     4479.8531176232
     4571.9338483834
     4664.7677901541
     4758.3475062007
     4852.6655000468
     4947.7142160751
     5043.4860401316
     5139.9733001362
     5237.1682666964
     5335.0631537273
     5433.6501190745
     5532.9212651422
     5632.8686395261
       5733.48423565
     5834.7599934073
     5936.6877998065
     6039.2594896214
      6142.466846044
     6246.3016013438
     6350.7554375298
     6455.8199870161
     6561.4868332929
     6667.7475116002
     6774.5935096061
     6882.0162680882
     6990.0071816198
     7098.5575992587
     7207.6588252403
     7317.3021196743
     7427.4786992446
     7538.1797379128
     7649.3963676254
     7761.1196790238
     7873.3407221585
     7986.0505072054
     8099.2400051864
     8212.9001486922
     8327.0218326092
     8441.5959148485
     8556.6132170776
     8672.0645254571
     8787.9405913775
     8904.2321322003
     9020.9298320021
     9138.0243423203
     9255.5062829019
     9373.3662424555
     9491.5947794049
     9610.1824226447
     9729.1196723003
     9848.3970004877
     9968.0048520777
      10087.93364546
     10208.173773314
     10328.715603371
     10449.549479197
     10570.665720956
     10692.054626189
     10813.706470595
     10935.611508804
     11057.759975161
     11180.142084507
     11302.748032965
     11425.567998723
      11548.59214282
     11671.810609939
      11795.21352919
     11918.791014906
     12042.533167433
     12166.430073921
     12290.471809122
     12414.648436182
     12538.950007438
     12663.366565216
     12787.888142627
     12912.504764367
     13037.206447513
     13161.983202327
     13286.825033053
      13411.72193872
     13536.663913942
     13661.640949718
     13786.643034237
     13911.660153678
     14036.682293013
     14161.699436808
     14286.701570026
     14411.678678832
      14536.62075139
     14661.517778669
     14786.359755244
     14911.136680096
     15035.838557414
     15160.455397399
     15284.977217058
     15409.394041007
     15533.695902275
     15657.872843091
     15781.914915694
      15905.81218312
     16029.554720005
     16153.132613377
      16276.53596345
     16399.754884418
     16522.779505246
     16645.599970463
     16768.206440948
     16890.589094721
      17012.73812773
     17134.643754634
     17256.296209589
     17377.685747029
     17498.802642447
     17619.637193177
     17740.179719166
     17860.420563754
     17980.350094443
     18099.958703676
     18219.236809598
      18338.17485683
     18456.763317232
     18574.992690666
     18692.853505757
     18810.336320655
     18927.431723785
     19044.130334609
     19160.422804371
     19276.299816847
     19391.752089096
     19506.770372197
     19621.345451994
     19735.468149835
     19849.129323305
     19962.319866957
     20075.030713046
     20187.252832251
     20298.977234403
       20410.1949692
     20520.897126928
     20631.074839172
     20740.719279528
     20849.821664312
      20958.37325326
     21066.365350228
     21173.789303894
     21280.636508444
     21386.898404267
     21492.566478638
       21597.6322664
     21702.087350645
     21805.923363382
     21909.131986214
     22011.704951002
     22113.634040525
     22214.911089142
     22315.527983444
     22415.476662904
     22514.749120523
     22613.337403471
     22711.233613727
     22808.429908706
     22904.918501893
     23000.691663462
     23095.741720899
     23190.061059614
     23283.642123551
     23376.477415796
     23468.559499175
     23559.880996849
     23650.434592907
      23740.21303295
     23829.209124675
     23917.415738447
     24004.825807873
     24091.432330367
     24177.228367709
     24262.207046604
      24346.36155923
     24429.685163783
     24512.171185018
     24593.813014783
     24674.604112547
     24754.538005925
     24833.608291196
     24911.808633812
      24989.13276891
      25065.57450181
     25141.127708513
     25215.786336187
     25289.544403654
      25362.39600187
      25434.33529439
     25505.356517842
     25575.453982386
     25644.622072163
     25712.855245751
     25780.148036601
     25846.495053475
     25911.890980878
     25976.330579476
     26039.808686519
     26102.320216247
     26163.860160294
      26224.42358809
     26284.005647244
     26342.601563933
     26400.206643279
     26456.816269714
     26512.425907345
     26567.031100309
      26620.62747312
     26673.210731008
     26724.776660249
     26775.321128489
     26824.840085057
      26873.32956127
     26920.785670727
     26967.204609593
     27012.582656872
     27056.916174668
      27100.20160843
     27142.435487186
      27183.61442376
     27223.735114963
     27262.794341774
     27300.788969486
     27337.715947824
     27373.572311034
      27408.35517792
      27442.06175183
     27474.689320583
     27506.235256306
     27536.697015168
      27566.07213698
      27594.35824462
     27621.553043219
     27647.654319044
     27672.659937947
     27696.567843247
     27719.376052786
     27741.082654848
     27761.685802418
     27781.183705011
     27799.574616863
     27816.856819566
     27833.028595964
     27848.088190005
       27862.0337432
     27874.863190797
     27886.574085527
     27897.163284444
      27906.62636058
     27914.956416012
      27922.14144721
     27928.157613361
     27932.948840205
     27936.510195722
     27940.044060066
     27945.485154976
