45
     2.9948540296288
     6.9742209101622
     10.936970428499
     14.882996393129
     18.812190322899
     22.724441364443
     26.619636205425
     30.497658983316
     34.358391189397
     38.201711567683
     42.027496008404
     45.835617435671
      49.62594568891
     53.398347397617
     57.152685848953
     60.888820847633
     64.606608567545
     68.305901394446
     71.986547759047
     75.648391959741
       79.2912739741
     82.915029258256
     86.519488533124
     90.104477556371
     93.669816878869
     97.215321584271
      100.7408010102
     104.24605844933
     107.73089082851
     111.19508836376
     114.63843418892
     118.06070395512
     121.46166539823
     124.84107787098
      128.1986918358
     131.53424831427
     134.84747828823
     138.13810204698
      141.4058284743
       144.650354268
     147.87136308358
     151.06852459239
     154.24149344312
     157.38990811353
     160.51338963721
      163.6115401875
     164.66047890566
     166.68394149754
     169.73015309131
     172.74971029615
      175.7421220008
     178.70686811614
     181.64339668651
     184.55112058768
     187.42941373335
     190.27760669273
     193.09498159763
     195.88076618552
     198.63412678268
     201.35415997471
     204.03988263506
     206.69021987524
     209.30399033202
     211.87988799326
     214.41645945386
     216.91207502974
     219.36489144802
     221.77280271162
     224.13337390694
     226.44374961171
     228.70052300623
     230.89954128595
     233.03560162362
     235.10194473405
     237.08934315338
     238.98440391468
     240.76776325308
     242.42567348654
     244.01008320735
     245.65190623552
     247.42214251942
     249.31359653181
      251.3067397409
     253.38769515766
     255.54708614662
     257.77819227872
     260.07594037615
     262.43635234582
     264.85621868238
     267.33289207456
     269.86414998035
     272.44809928747
     275.08310792921
     277.76775446086
     280.50079000347
     283.28110894433
     286.10772598715
     288.97975790349
     291.89640882858
     294.85695827266
     297.86075124296
     300.90719002717
     303.99572730021
     307.12586029598
      310.2971258445
     313.50909611829
      316.7613749648
     320.05359472678
     323.38541347139
     326.75651256419
     330.16659453568
     333.61538119739
     337.10261197195
     340.62804240753
     344.19144285179
     347.79259726455
     351.43130215134
     355.10736560302
     358.82060642851
     362.57085336958
      366.3579443884
     370.18172601953
     374.04205277925
     377.93878662616
     381.87179646754
     385.84095770678
      389.8461518278
     393.88726601267
     397.96419278931
     402.07682970639
     406.22507903279
     410.40884747957
     414.62804594215
     418.88258926119
     423.17239600036
     427.49738823958
     431.85749138247
     436.25263397688
      440.6827475473
      445.1477664383
     449.64762766811
     454.18227079155
     458.75163777156
     463.35567285873
     467.99432247819
     472.66753512341
     477.37526125622
     482.11745321287
     486.89406511542
     491.70505278835
     496.55037367987
     501.42998678759
     506.34385258845
     511.29193297237
     516.27419117961
     521.29059174143
     526.34110042393
     531.42568417484
     536.54431107309
     541.69695028101
     546.88357199883
     552.10414742172
     557.35864869872
      562.6470488939
     567.96932194933
     573.32544264987
     578.71538658966
      584.1391301402
     589.59665041999
     595.08792526549
     600.61293320356
       606.171653425
     611.76406575956
     617.39015065174
     623.04988913803
     628.74326282486
     634.47025386774
      640.2308449512
     646.02501926967
      651.8527605091
     657.71405282946
     663.60888084792
     669.53722962279
     675.49908463807
     681.49443178871
     687.52325736642
      693.5855480461
      699.6812908728
     705.81047324921
     711.97308292369
     718.16910797868
     724.39853681968
     730.66135816463
     736.95756103362
     743.28713473911
     749.65006887651
     756.04635331502
     762.47597818896
     768.93893388934
     775.43521105573
     781.96480056852
     788.52769354138
     795.12388131404
     801.75335544534
     808.41610770649
     815.11213007467
     821.84141472669
     828.60395403306
     835.39974055216
     842.22876702468
     849.09102636814
     855.98651167179
     862.91521619147
     869.87713334486
     876.87225670673
     883.90058000439
     890.96209711337
     898.05680205319
     905.18468898323
     912.34575219882
      919.5399861274
     926.76738532482
     934.02794447183
     941.32165837054
     948.64852194115
     956.00853021867
      963.4016783498
     970.82796158994
     978.28737530019
     985.77991494457
     993.30557608724
     1000.8643543898
     1008.4562456089
     1016.0812455934
     1023.7393502821
     1031.4305557018
     1039.1548579642
     1046.9122532645
     1054.7027378786
     1062.5263081615
     1070.3829605451
     1078.2726915363
     1086.1954977149
     1094.1513757322
     1102.1403223086
     1110.1623342326
     1118.2174083583
     1126.3055416046
     1134.4267309529
      1142.580973446
     1150.7682661865
     1158.9886063353
     1167.2419911102
     1175.5284177846
     1183.8478836859
     1192.2003861946
     1200.5859227429
     1209.0044908132
     1217.4560879373
     1225.9407116951
     1234.4583597134
     1243.0090296648
     1251.5927192668
     1260.2094262807
     1268.8591485103
     1277.5418838014
     1286.2576300406
     1295.0063851543
     1303.7881471079
      1312.602913905
     1321.4506835864
     1330.3314542291
      1339.245223946
     1348.1919908847
     1357.1717532268
     1366.1845091872
     1375.2302570135
     1384.3089949848
     1393.4207214116
     1402.5654346349
     1411.7431330254
      1420.953814983
     1430.1974789362
     1439.4741233412
     1448.7837466819
     1458.1263474687
     1467.5019242381
     1476.9104755526
     1486.3519999995
     1495.8264961907
     1505.3339627621
     1514.8743983735
     1524.4478017074
     1534.0541714689
     1543.6935063856
     1553.3658052063
     1563.0710667014
     1572.8092896618
      1582.580472899
     1592.3846152445
      1602.221715549
     1612.0917726829
     1621.9947855348
     1631.9307530123
     1641.8996740407
     1651.9015475629
     1661.9363725394
     1672.0041479476
     1682.1048727815
     1692.2385460515
     1702.4051667841
     1712.6047340212
     1722.8372468206
     1733.1027042548
     1743.4011054112
     1753.7324493918
      1764.096735313
     1774.4939623048
     1784.9241295113
     1795.3872360898
      1805.883281211
     1816.4122640585
     1826.9741838284
     1837.5690397297
     1848.1968309832
     1858.8575568221
     1869.5512164912
     1880.2778092472
     1891.0373343631
     1901.8297911765
     1912.6551795868
      1923.513504522
     1934.4048109474
     1945.3294185846
     1956.2892293104
     1967.2934932764
      1978.377276554
     1989.6375436098
     2001.2567988856
     2013.4598122207
     2026.4340024875
     2040.3055874778
     2055.1733019213
     2071.1488535746
     2088.3878163516
     2107.1220761672
     2127.7144372157
     2150.7784564277
     2177.5083019596
     2211.0143854986
