200
     2.8943922535484
     6.4453690807456
     9.5555899155347
     12.195536945149
     14.892796251158
     18.266911410037
     22.372479139126
     27.169924398684
      32.64026332654
     38.774202392317
     45.566671680585
     53.014688143142
     61.116395229977
     69.870585396615
     79.276444515546
     89.333406994382
     100.04106974902
     111.39913911197
     123.40739697322
     136.06567856575
     149.37385752504
     163.33183561819
     177.93953554397
     193.19689579643
     205.59000832444
     209.10386694214
     225.66040888289
     242.86648881651
     260.72207969929
     279.22715907371
     298.38170816557
     318.18571118194
     338.63915476046
     359.74202753379
     381.49431978248
     403.89602315638
     426.94713044944
     450.64763541659
     474.99753262399
      499.9968173257
     525.64548536179
     551.94353307362
     578.89095723298
      606.4877549828
     634.73392378704
     663.62946138838
     693.17436577222
     723.36863513607
     754.21226786325
     785.70526250041
     817.84761773809
     850.63933239397
     884.08040539836
     918.17083578151
     952.91062266266
     988.29976524041
     1024.3382627843
     1061.0261146273
     1098.3633201595
     1136.3498788221
     1174.9857901028
     1214.2710535305
     1254.2056686722
     1294.7896351287
     1336.0229525319
     1377.9056205419
      1420.437638844
     1463.6190071471
     1507.4497251814
     1551.9297926962
      1597.059209459
     1642.8379752531
     1689.2660898772
     1736.3435531433
     1784.0703648762
     1832.4465249124
     1881.4720330989
     1931.1468892927
     1981.4710933598
     2032.4446451747
     2084.0675446197
     2136.3397915842
     2189.2613859646
     2242.8323276632
     2297.0526165881
      2351.922252653
     2407.4412357764
     2463.6095658815
     2520.4272428958
      2577.894266751
     2636.0106373825
      2694.776354729
     2754.1914187329
     2814.2558293394
     2874.9695864968
     2936.3326901559
     2998.3451402702
     3061.0069367955
     3124.3180796899
     3188.2785689135
     3252.8884044287
     3318.1475861992
     3384.0561141911
     3450.6139883717
     3517.8212087099
     3585.6777751763
     3654.1836877427
     3723.3389463823
     3793.1435510694
     3863.5975017797
     3934.7007984897
     4006.4534411773
     4078.8554298211
     4151.9067644008
     4225.6074448969
     4299.9574712908
     4374.9568435647
     4450.6055617014
     4526.9036256847
     4603.8510354989
      4681.447791129
     4759.6938925606
     4838.5893397798
     4918.1341327735
      4998.328271529
     5079.1717560339
     5160.6645862766
     5242.8067622459
     5325.5982839308
      5409.039151321
     5493.1293644065
     5577.8689231777
     5663.2578276252
     5749.2960777402
      5835.983673514
     5923.3206149385
     6011.3069020056
     6099.9425347076
     6189.2275130372
     6279.1618369872
     6369.7455065508
     6460.9785217212
     6552.8608824922
     6645.3925888574
      6738.573640811
     6832.4040383471
     6926.8837814603
     7022.0128701451
     7117.7913043963
      7214.219084209
     7311.2962095782
     7409.0226804992
     7507.3984969676
     7606.4236589789
     7706.0981665288
     7806.4220196134
     7907.3952182284
     8009.0177623702
      8111.289652035
     8214.2108872191
     8317.7814679191
     8422.0013941316
     8526.8706658532
     8632.3892830808
     8738.5572458112
     8845.3745540416
     8952.8412077689
     9060.9572069903
     9169.7225517031
     9279.1372419047
     9389.2012775924
     9499.9146587638
     9611.2773854164
     9723.2894575479
     9835.9508751559
     9949.2616382382
     10063.221746793
     10177.831200817
      10293.09000031
     10408.998145268
     10525.555635691
     10642.762471576
     10760.618652921
     10879.124179725
     10998.279051986
     11118.083269701
     11238.536832871
     11359.639741492
     11481.391995564
     11603.793595084
     11726.844540052
     11850.544830466
     11974.894466324
     12099.893447626
      12225.54177437
     12351.839446554
     12478.786464177
     12606.382827239
     12734.628535737
     12863.523589671
      12993.06798904
     13123.261733842
     13254.104824077
     13385.597259742
     13517.739040839
     13650.530167364
     13783.970639318
     13918.060456699
     14052.799619507
      14188.18812774
     14324.225981398
      14460.91318048
     14598.249724984
     14736.235614911
     14874.870850258
     15014.155431027
     15154.089357215
     15294.672628822
     15435.905245847
      15577.78720829
      15720.31851615
     15863.499169425
     16007.329168116
     16151.808512222
     16296.937201742
     16442.715236676
     16589.142617022
     16736.219342781
     16883.945413951
     17032.320830533
     17181.345592525
     17331.019699927
     17481.343152739
     17632.315950959
     17783.938094588
     17936.209583625
      18089.13041807
     18242.700597921
     18396.920123179
     18551.788993842
     18707.307209912
     18863.474771386
     19020.291678265
     19177.757930549
     19335.873528236
     19494.638471327
      19654.05275982
     19814.116393717
     19974.829373015
     20136.191697716
     20298.203367817
      20460.86438332
     20624.174744224
     20788.134450528
     20952.743502233
     21118.001899337
      21283.90964184
     21450.466729743
     21617.673163044
     21785.528941744
     21954.034065842
     22123.188535338
     22292.992350231
     22463.445510522
      22634.54801621
     22806.299867294
     22978.701063775
     23151.751605652
     23325.451492926
     23499.800725594
     23674.799303659
     23850.447227118
     24026.744495972
     24203.691110221
     24381.287069865
     24559.532374903
     24738.427025334
      24917.97102116
     25098.164362379
     25279.007048992
     25460.499080997
     25642.640458396
     25825.431181187
     26008.871249371
     26192.960662948
     26377.699421916
     26563.087526276
     26749.124976029
     26935.811771173
     27123.147911708
     27311.133397634
     27499.768228952
      27689.05240566
      27878.98592776
      28069.56879525
      28260.80100813
       28452.6825664
     28645.213470061
     28838.393719112
     29032.223313552
     29226.702253382
     29421.830538602
     29617.608169211
     29814.035145209
     30011.111466596
     30208.837133372
     30407.212145537
     30606.236503091
     30805.910206033
     31006.233254364
     31207.205648083
      31408.82738719
     31611.098471686
     31814.018901569
      32017.58867684
     32221.807797499
     32426.676263545
     32632.194074979
       32838.3612318
     33045.177734008
     33252.643581604
     33460.758774587
     33669.523312956
     33878.937196713
     34089.000425856
     34299.713000386
     34511.074920302
     34723.086185605
     34935.746796294
     35149.056752369
     35363.016053831
     35577.624700679
     35792.882692912
     36008.790030532
     36225.346713538
     36442.552741929
     36660.408115705
     36878.912834868
     37098.066899416
     37317.870309349
     37538.323064668
     37759.425165371
      37981.17661146
     38203.577402934
     38426.627539794
     38650.327022038
     38874.675849667
     39099.674022681
        39325.321545
     39551.660442938
