20
     2.9989850268791
     6.9949232349869
     10.987607771925
     14.977034648343
     18.963199858547
     22.946099380391
     26.925729175162
     30.902085187473
     34.875163345144
     38.844959559087
     42.811469723193
     46.774689714213
     50.734615391641
     54.691242597592
     58.644567156681
     62.594584875907
     66.541291544524
     70.484682933919
     74.424754797487
     78.361502870503
     82.294922869997
     86.225010494622
     90.151761424523
     94.075171321211
     97.995235827423
     101.91195056699
     105.82531114471
     109.73531314619
     113.64195213773
     117.54522366618
     121.44512325878
     125.34164642304
     129.23478864658
     133.12454539699
      137.0109121217
      140.8938842478
      144.7734571819
     148.64962631002
     152.52238699735
     156.39173458819
     160.25766440573
     164.12017175191
     167.97925190728
     171.83490013081
     175.68711165973
      179.5358817094
      183.3812054731
     187.22307812188
     191.06149480439
     194.89645064673
     198.72794075222
      202.5559602013
     206.38050405127
     210.20156733619
     214.01914506664
     217.83323222958
     221.64382378811
     225.45091468137
     229.25449982425
     233.05457410727
     236.85113239637
     240.64416953269
      244.4336803324
      248.2196595865
      252.0021020606
     255.78100249474
     259.55635560314
     263.32815607405
     267.09639856949
     270.86107772508
     274.62218814977
     278.37972442567
     282.13368110781
     285.88405272392
     289.63083377418
     293.37401873104
     297.11360203894
     300.84957811412
     304.58194134434
     308.31068608868
     312.03580667726
     315.75729741103
     319.47515256148
     323.18936637032
     326.89993304885
     330.60684677564
     334.31010168672
     338.00969183166
     341.70561098568
     345.39785188128
     349.08640322116
     352.77123861096
     356.45227732023
      360.1292499038
     363.80124519516
     367.46514834379
     371.10970210671
     374.68703684528
      377.9283223837
     380.23382692308
      383.0469979969
     386.60224131165
     390.35663171356
     394.20101266037
     398.11143846017
     402.08010199352
     406.10322621685
      410.1782073627
     414.30284282862
     418.47512037455
     422.69316519535
     426.95522761271
     431.25967780098
     435.60499938699
     439.98978108295
     444.41270719077
      448.8725478762
     453.36814982206
     457.89842759183
     462.46235584172
     467.05896240184
     471.68732218473
     476.34655184846
     481.03580513241
     485.75426878304
     490.50115899323
      495.2757182861
     500.07721278274
     504.90492980126
     509.75817574201
     514.63627422009
     519.53856441211
     524.46439958899
     529.41314581048
     534.38418076092
     539.37689270846
     544.39067957252
     549.42494808652
      554.4791130446
      559.5525966224
     564.64482776379
     569.75524162592
     574.88327907628
     580.02838623626
     585.19001406626
     590.36761798794
     595.56065754003
     600.76859606422
     605.99090041821
     611.22704071323
     616.47649007391
     621.73872441811
     627.01322225519
     632.29946450077
     637.59693430668
     642.90511690468
     648.22349946288
     653.55157095348
     658.88882203124
     664.23474492141
     669.58883331669
     674.95058228216
     680.31948816768
     685.69504852714
     691.07676204399
     696.46412846258
     701.85664852467
     707.25382391097
     712.65515718703
     718.06015175337
     723.46831179922
     728.87914225986
     734.29214877711
     739.70683766259
      745.1227158638
     750.53929093248
     755.95607099521
     761.37256472597
     766.78828132046
     772.20273047204
     777.61542234904
     783.02586757333
     788.43357719996
     793.83806269777
     799.23883593063
     804.63540913948
      810.0272949247
     815.41400622893
     820.79505632002
      826.1699587741
     831.53822745855
     836.89937651485
     842.25292034096
     847.59837357343
     852.93525106878
      858.2630678842
      863.5813392574
     868.88958058546
     874.18730740248
     879.47403535605
     884.74928018218
     890.01255767857
     895.26338367638
     900.50127400974
     905.72574448329
     910.93631083752
     916.13248871138
     921.31379360235
      926.4797408235
      931.6298454575
     936.76362230697
     941.88058584138
     946.98025013996
     952.06212883007
     957.12573502148
     962.17058123511
     967.19617932699
     972.20204040609
     977.18767474622
     982.15259169121
     987.09629955295
     992.01830550177
     996.91811544838
      1001.795233917
      1006.649163909
     1011.4794067552
     1016.2854619582
     1021.0668270213
      1025.822997265
      1030.553465628
     1035.2577224542
     1039.9352552607
     1044.5855484892
     1049.2080832356
     1053.8023369585
     1058.3677831631
      1062.903891059
     1067.4101251885
     1071.8859450232
     1076.3308045256
     1080.7441516719
     1085.1254279316
     1089.4740676997
     1093.7894976766
     1098.0711361884
     1102.3183924426
     1106.5306657099
     1110.7073444238
     1114.8478051882
     1118.9514116802
      1123.017513435
     1127.0454444967
     1131.0345219167
     1134.9840440764
     1138.8932888108
     1142.7615112989
     1146.5879416879
     1150.3717824046
     1154.1122051019
     1157.8083471769
     1161.4593077815
     1165.0641432284
     1168.6218616741
     1172.1314169271
     1175.5917011935
     1179.0015365175
      1182.359664604
     1185.6647346185
     1188.9152884224
     1192.1097425222
     1195.2463657445
     1198.3232512621
     1201.3382810244
     1204.2890797591
     1207.1729543205
     1209.9868118779
     1212.7270465515
     1215.3893771563
     1217.9686055365
     1220.4582380989
     1222.8498530968
     1225.1319486458
     1227.2876841088
     1229.2917622221
     1231.1250433645
      1232.865536567
     1234.6991858771
     1236.7078452057
     1238.8743279539
     1241.1743985374
     1243.5922580399
     1246.1174880175
     1248.7427812316
     1251.4627868024
     1254.2734787168
     1257.1717799634
     1260.1553239484
     1263.2222955108
     1266.3713209405
     1269.6013896545
     1272.9117971625
      1276.302102852
     1279.7720984076
     1283.3217840768
     1286.9513508801
     1290.6611674424
     1294.4517705116
     1298.3238585013
     1302.2782875845
     1306.3160700063
     1310.4383743899
     1314.6465278895
     1318.9420201168
     1323.3265088176
     1327.8018273356
     1332.3699939411
     1337.0332231616
     1341.7939392962
     1346.6547923622
     1351.6186767844
      1356.688753223
     1361.8684740308
     1367.1616129492
      1372.572299805
     1378.1050611553
     1383.7648680699
     1389.5571925531
     1395.4880745107
     1401.5642017087
     1407.7930058872
     1414.1827791671
     1420.7428162252
     1427.4835895757
     1434.4169679347
     1441.5564914496
     1448.9177231634
     1456.5187044902
     1464.3805554117
     1472.5282805893
     1480.9918760541
     1489.8078878464
     1499.0216742395
     1508.6908095286
     1518.8904351868
     1529.7221458053
     1541.3298200065
     1553.9306071718
     1567.8842339081
     1583.8837345664
     1603.7278095688
