18
     2.9991779289109
     6.9958883990122
     10.989964467517
     14.981403521578
     18.970202939693
     22.956360091659
     26.939872338522
      30.92073703253
     34.898951517088
     38.874513126705
     42.847419186941
      46.81766701437
     50.785253916515
     54.750177191811
     58.712434129544
     62.672022009804
     66.628938103435
     70.583179671979
     74.534743967631
     78.483628233175
     82.429829701938
     86.373345597741
     90.314173134833
     94.252309517843
     98.187751941731
     102.12049759172
     106.05054364325
     109.97788726192
     113.90252560342
      117.8244558135
     121.74367502788
     125.66018037222
     129.57396896205
      133.4850379027
     137.39338428926
     141.29900520651
     145.20189772885
     149.10205892028
     152.99948583426
     156.89417551374
     160.78612499104
     164.67533128779
     168.56179141489
     172.44550237244
     176.32646114965
      180.2046647248
     184.08011006518
       187.952794127
     191.82271385535
     195.68986618409
     199.55424803585
     203.41585632188
     207.27468794206
     211.13073978476
     214.98400872684
     218.83449163351
     222.68218535831
     226.52708674302
     230.36919261757
     234.20849979999
     238.04500509635
     241.87870530065
     245.70959719474
      249.5376775483
     253.36294311868
     257.18539065078
     261.00501687653
     264.82181851246
     268.63579224888
     272.44693470355
     276.25524224161
     280.06071034483
     283.86333166387
     287.66309089346
     291.45995418246
     295.25385658098
     299.04472088614
     302.83263135301
      306.6184634732
     310.40542131777
     314.20157046159
     318.02198911883
     321.88764420138
     325.81986780391
     329.83407077787
     333.93730225916
     338.12991466977
      342.4085643529
     346.76853531388
     351.20499772817
     355.71352723447
     360.29024560891
     364.93180290712
      369.6353074724
     374.39824814161
     379.21842437239
     384.09388818589
     389.02289745389
     394.00387876223
      399.0353979471
     404.11613664458
     409.24487351602
      414.4204691082
     419.64185354911
     424.90801646898
     430.21799868021
     435.57088525748
     440.96579974178
     446.40189925299
     451.87837034283
     457.39442545517
     462.94929988817
     468.54224917375
     474.17254680632
     479.83948226544
     485.54235928725
     491.28049434774
     497.05321532689
     502.85986032853
     508.69977663438
     514.57231977439
     520.47685269841
     526.41274503628
     532.37937243534
     538.37611596622
     544.40236158875
     550.45749967113
     556.54092455638
     562.65203417082
      568.7902296702
     574.95491511938
     581.14549720216
     587.36138495821
     593.60198954449
     599.86672401857
     606.15500314205
     612.46624320199
     618.79986184876
     625.15527794878
     631.53191145098
     637.92918326559
     644.34651515426
     650.78332963067
     657.23904987055
     663.71309963051
     670.20490317486
     676.71388520987
     683.23947082468
     689.78108543876
     696.33815475483
     702.91010471736
     709.49636147592
     716.09635135309
     722.70950081666
     729.33523645566
      735.9729849601
     742.62217310404
     749.28222773179
       755.952575747
     762.63264410448
     769.32185980443
     776.01964988907
     782.72544144139
     789.43866158588
     796.15873749108
     802.88509637392
     809.61716550562
     816.35437221894
     823.09614391695
     829.84190808297
     836.59109229157
     843.34312422084
     850.09743166536
     856.85344255025
     863.61058494588
     870.36828708342
     877.12597737092
     883.88308441001
      890.6390370131
     897.39326422108
     904.14519532123
      910.8942598656
     917.63988768959
     924.38150893068
     931.11855404732
      937.8504538379
     944.57663945975
     951.29654244804
     958.00959473467
     964.71522866692
     971.41287702595
     978.10197304503
     984.78195042744
     991.45224336395
     998.11228654994
      1004.761515202
     1011.3993650738
     1018.0252724718
     1024.6386742696
     1031.2390079222
     1037.8257114791
     1044.3982235963
     1050.9559835478
      1057.498431236
     1064.0250072003
     1070.5351526257
      1077.028309349
     1083.5039198638
      1089.961427325
     1096.4002755502
     1102.8199090206
     1109.2197728797
     1115.5993129296
     1121.9579756263
     1128.2952080716
     1134.6104580037
     1140.9031737844
     1147.1728043847
     1153.4187993664
     1159.6406088615
     1165.8376835481
      1172.009474623
     1178.1554337704
     1184.2750131269
      1190.367665242
     1196.4328430349
     1202.4699997454
     1208.4785888807
     1214.4580641563
      1220.407879431
     1226.3274886354
     1232.2163456949
     1238.0739044433
     1243.8996185308
     1249.6929413225
      1255.453325788
     1261.1802243813
      1266.873088911
     1272.5313703979
     1278.1545189215
     1283.7419834528
      1289.293211673
     1294.8076497764
      1300.284742257
     1305.7239316757
     1311.1246584092
     1316.4863603753
     1321.8084727356
     1327.0904275721
     1332.3316535346
     1337.5315754572
     1342.6896139407
     1347.8051848964
     1352.8776990483
     1357.9065613891
     1362.8911705847
     1367.8309183214
     1372.7251885898
      1377.573356898
     1382.3747894045
     1387.1288419634
     1391.8348590674
     1396.4921726799
     1401.1001009369
     1405.6579467044
     1410.1649959695
      1414.620516042
     1419.0237535369
     1423.3739321061
     1427.6702498781
      1431.911876558
     1436.0979501307
     1440.2275730957
       1444.29980815
     1448.3136732111
      1452.268135651
     1456.1621055761
      1459.994427946
     1463.7638732675
     1467.4691265203
     1471.1087738714
     1474.6812865846
     1478.1850013347
     1481.6180958407
     1484.9785583133
     1488.2641485748
     1491.4723477414
     1494.6002918195
      1497.644682055
     1500.6016605785
     1503.4666322112
     1506.2339986885
     1508.8967417127
     1511.4457242533
     1513.8684123962
     1516.1463252121
     1518.2512503026
     1520.1620107812
     1521.9737766124
     1523.9015111975
     1526.0289184675
      1528.333628229
     1530.7897410215
     1533.3809081688
     1536.0964964647
     1538.9291836771
     1541.8737534567
     1544.9264352343
      1548.084511182
     1551.3460675526
     1554.7098303177
     1558.1750531265
     1561.7414394302
     1565.4090879383
     1569.1784546804
     1573.0503273763
     1577.0258093202
     1581.1063109495
     1585.2935479265
     1589.5895450213
     1593.9966454321
     1598.5175254623
     1603.1552147198
     1607.9131222384
     1612.7950691741
     1617.8053290016
     1622.9486764728
     1628.2304470043
     1633.6566086937
     1639.2338498483
     1644.9696858405
     1650.8725903634
     1656.9521579119
      1663.219306792
     1669.6865355204
     1676.3682507148
     1683.2811924302
     1690.4449950016
     1697.8829405996
     1705.6229939959
     1713.6992600413
     1722.1540990604
     1731.0413094982
     1740.4311308167
     1750.4185498157
     1761.1380961354
     1772.7927961315
     1785.7189171378
     1800.5640955808
     1819.0084443977
