4.9
     2.9999391157348
     6.9997011091626
     10.999666742014
     15.009368172387
     19.114364482076
     23.592648538315
     28.770327951414
     34.789066766493
     41.666089992594
     49.391569072255
     57.955667062641
     67.351434019092
     77.574053178942
     88.620035354882
     100.48669656679
     113.17184176249
     126.67357266927
     140.99016852605
     156.12001014472
     172.06153033267
     188.81318076323
     206.37340936465
     224.74064459282
      243.9132843058
     263.88968777542
     284.66816987602
     306.24699680928
     328.62438292942
     351.79848836786
      375.7674172464
     400.52921632897
     426.08187400408
     452.42331951947
     479.55142241087
     507.46399208208
      536.1587775039
     565.63346700745
     595.88568815311
     626.91300766071
     658.71293138973
     691.28290436081
     724.62031081153
     758.72247428121
     793.58665772026
     829.21006362049
     865.58983416389
     902.72305138711
     940.60673736038
     979.23785437869
     1018.6133051646
     1058.7299330811
     1099.5845223542
      1141.173798304
     1183.4944275838
     1226.5430184274
     1270.3161209026
     1314.8102271723
     1360.0217717621
     1405.9471318332
     1452.5826274627
     1499.9245219283
     1547.9690219996
     1596.7122782343
       1646.15038528
     1696.2793821808
     1747.0952526896
     1798.5939255849
     1850.7712749923
     1903.6231207117
      1957.145228548
     2011.3333106479
     2066.1830258395
     2121.6899799783
     2177.8497262966
     2234.6577657572
     2292.1095474122
      2350.200468766
     2408.9258761416
     2468.2810650526
     2528.2612805782
     2588.8617177432
     2650.0775219016
     2711.9037891243
     2774.3355665911
     2837.3678529864
     2900.9955988993
     2965.2137072269
     3030.0170335823
     3095.4003867055
     3161.3585288793
     3227.8861763476
     3294.9779997388
     3362.6286244916
     3430.8326312853
     3499.5845564738
     3568.8788925223
     3638.7100884483
     3709.0725502665
     3779.9606414354
     3851.3686833095
     3923.2909555933
     3995.7216967998
     4068.6551047111
     4142.0853368435
      4216.006510915
     4290.4127053162
     4365.2979595847
     4440.6562748823
     4516.4816144749
     4592.7679042168
     4669.5090330362
      4746.698853425
     4824.3311819312
     4902.3997996537
     4980.8984527405
     5059.8208528898
     5139.1606778531
      5218.911571942
     5299.0671465369
     5379.6209805986
     5460.5666211829
     5541.8975839571
     5623.6073537196
     5705.6893849211
     5788.1371021897
     5870.9439008571
     5954.1031474875
     6037.6081804088
     6121.4523102468
     6205.6288204602
      6290.130967879
     6374.9519832446
     6460.0850717519
     6545.5234135933
     6631.2601645055
     6717.2884563171
     6803.6013974993
     6890.1920737173
     6977.0535483846
     7064.1788632186
     7151.5610387974
     7239.1930751199
     7327.0679521651
     7415.1786304558
     7503.5180516212
     7592.0791389637
     7680.8547980241
     7769.8379171515
     7859.0213680716
     7948.3980064587
     8037.9606725072
     8127.7021915057
     8217.6153744114
     8307.6930184261
     8397.9279075733
     8488.3128132753
     8578.8404949342
     8669.5037005097
     8760.2951671011
     8851.2076215296
     8942.2337809197
     9033.3663532833
     9124.5980381042
     9215.9215269216
     9307.3295039173
     9398.8146465001
     9490.3696258935
     9581.9871077224
     9673.6597526003
     9765.3802167179
      9857.141152431
     9948.9352088487
     10040.755032423
     10132.593267539
     10224.442557099
      10316.29554312
     10408.144867315
     10499.983171689
     10591.803099124
     10683.597293971
     10775.358402636
     10867.079074173
     10958.751960873
     11050.369718847
     11141.925008621
      11233.41049572
     11324.818851256
     11416.142752518
     11507.374883553
     11598.507935758
     11689.534608462
     11780.447609513
      11871.23965586
     11961.903474137
     12052.431801246
      12142.81738494
     12233.052984404
     12323.131370831
     12413.045328006
     12502.787652882
     12592.351156158
     12681.728662852
     12770.913012881
     12859.897061629
     12948.673680524
     13037.235757605
     13125.576198097
     13213.687924972
     13301.563879524
     13389.197021929
      13476.58033181
     13563.706808801
     13650.569473107
     13737.161366063
      13823.47555069
     13909.505112254
     13995.243158818
     14080.682821794
     14165.817256493
     14250.639642674
     14335.143185092
     14419.321114039
     14503.166685888
     14586.673183634
     14669.833917431
     14752.642225128
     14835.091472804
     14917.175055298
     14998.886396737
     15080.218951067
     15161.166202573
     15241.721666404
      15321.87888909
      15401.63144906
     15480.972957159
     15559.897057155
     15638.397426251
     15716.467775592
     15794.101850768
     15871.293432313
     15948.036336208
     16024.324414371
     16100.151555153
     16175.511683826
     16250.398763071
     16324.806793459
     16398.729813934
      16472.16190229
     16545.097175644
     16617.529790908
     16689.453945259
     16760.863876598
     16831.753864019
      16902.11822826
     16971.951332164
     17041.247581126
     17110.001423541
     17178.207351251
     17245.859899987
     17312.953649801
     17379.483225505
     17445.443297097
     17510.828580193
     17575.633836445
     17639.853873963
     17703.483547728
     17766.517760006
     17828.951460753
     17890.779648024
     17951.997368366
     18012.599717219
     18072.581839306
     18131.938929022
     18190.666230817
     18248.759039576
     18306.212700995
      18363.02261195
      18419.18422087
     18474.693028092
     18529.544586226
     18583.734500507
     18637.258429143
     18690.112083661
     18742.291229249
     18793.791685093
     18844.609324704
     18894.740076249
     18944.179922868
     18992.924902996
     19040.971110673
      19088.31469585
     19134.951864689
     19180.878879862
     19226.092060842
     19270.587784185
     19314.362483812
      19357.41265128
      19399.73483605
     19441.325645749
     19482.181746419
     19522.299862767
     19561.676778404
     19600.309336071
     19638.194437865
     19675.329045447
     19711.710180248
     19747.334923654
     19782.200417187
     19816.303862667
     19849.642522358
     19882.213719096
     19914.014836399
     19945.043318547
     19975.296670639
     20004.772458608
     20033.468309203
     20061.381909921
     20088.511008867
      20114.85341456
     20140.406995631
      20165.16968041
     20189.139456376
     20212.314369409
     20234.692522818
     20256.272076047
     20277.051242984
     20297.028289727
     20316.201531627
     20334.569329348
     20352.130083574
      20368.88222783
     20384.824218625
     20399.954521757
     20414.271592971
     20427.773850202
     20440.459632938
     20452.327141441
     20463.374343489
      20473.59882707
     20482.997559571
     20491.566477483
     20499.299750601
      20506.18837214
     20512.217199442
     20517.357823428
     20521.549088712
     20524.783387007
     20527.996361182
     20532.452608548
     20538.933657084
