2
     3.5296136479838
     11.169009215146
     23.528620354098
     40.802808768457
     63.005280351318
     90.136567091714
     122.19509572157
     159.17850984383
     201.08393739328
     247.90806563371
     299.64716732218
      356.2971114411
     417.85336823272
     484.31101187513
     555.66472209645
     631.90878528142
     713.03709532713
     799.04315437447
     889.92007348139
     985.66057327383
     1086.2569845948
     1191.7012491641
     1301.9849202546
     1417.0991633916
     1537.0347570764
     1661.7820935365
     1791.3311795045
     1925.6716370243
     2064.7927042884
      2208.683236503
     2357.3317067844
     2510.7262070841
     2668.8544491449
     2831.7037654869
     2999.2611104231
     3171.5130611055
     3348.4458186013
     3530.0452089988
     3716.2966845433
     3907.1853248031
     4102.6958378651
       4302.81256156
     4507.5194647171
     4716.8001484493
     4930.6378474662
     5149.0154314177
     5371.9154062668
     5599.3199156902
     5831.2107425098
     6067.5693101515
     6308.3766841338
     6553.6135735841
     6803.2603327851
     7057.2969627479
     7315.7031128139
     7578.4580822861
     7845.5408220865
      8116.929936443
     8392.6036846028
     8672.5399825747
     8956.7164048975
     9245.1101864372
     9537.6982242106
     9834.4570792354
     10135.362978409
     10440.391816411
     10749.519157638
     11062.720238156
     11379.969967688
     11701.242931624
     12026.513393055
     12355.755294834
     12688.942261668
     13026.047602225
     13367.044311277
     13711.905071862
     14060.602257469
     14413.107934256
     14769.393863287
      15129.43150279
     15493.192010449
     15860.646245708
     16231.764772115
     16606.517859669
     16984.875487211
     17366.807344823
     17752.282836258
     18141.271081393
     18533.740918698
      18929.66090774
     19328.999331691
     19731.724199879
     20137.803250346
     20547.203952431
      20959.89350938
     21375.838860969
     21795.006686157
     22217.363405754
     22642.875185105
      23071.50793681
      23503.22732345
     23937.998760334
     24375.787418279
      24816.55822639
     25260.275874877
     25706.904817879
     26156.409276313
     26608.753240743
      27063.90047426
     27521.814515387
     27982.458681002
     28445.796069272
     28911.789562612
     29380.401830662
     29851.595333269
     30325.332323503
     30801.574850673
     31280.284763374
      31761.42371254
     32244.953154515
     32730.834354144
     33219.028387874
     33709.496146871
     34202.198340156
     34697.095497748
     35194.147973834
     35693.315949936
     36194.559438104
     36697.838284122
     37203.112170722
     37710.340620816
     38219.483000733
     38730.498523484
     39243.346252019
     39757.985102513
     40274.373847655
      40792.47111995
     41312.235415036
     41833.625095005
     42356.598391742
     42881.113410265
     43407.128132092
     43934.600418595
     44463.488014384
      44993.74855069
     45525.339548755
     46058.218423241
     46592.342485638
     47127.668947686
     47664.154924799
     48201.757439504
     48740.433424884
     49280.139728023
     49820.833113469
     50362.470266696
     50905.007797572
     51448.402243836
     51992.610074578
     52537.587693733
     53083.291443563
     53629.677608162
     54176.702416957
     54724.322048212
     55272.492632539
     55821.170256414
     56370.310965696
     56919.870769142
     57469.805641938
     58020.071529223
     58570.624349618
     59121.419998758
     59672.414352823
     60223.563272075
     60774.822604396
     61326.148188819
     61877.495859072
     62428.821447109
     62980.080786659
     63531.229716753
     64082.224085266
     64633.019752458
     65183.572594504
     65733.838507029
     66283.773408649
     66833.333244492
     67382.473989733
      67931.15165312
     68479.322280496
     69026.941958324
     69573.966817204
     70120.353035381
     70666.056842266
     71211.034521932
     71755.242416625
     72298.636930258
     72841.174531898
     73382.811759264
     73923.505222198
      74463.21160615
     75001.887675641
     75539.490277729
     76075.976345468
     76611.302901356
     77145.427060779
     77678.306035442
     78209.897136806
     78740.157779495
     79269.045484722
     79796.517883682
     80322.532720945
     80847.047857851
     81370.021275874
     81891.411079997
     82411.175502065
     82929.272904129
     83445.661781781
     83960.300767489
     84473.148633894
     84984.164297129
     85493.306820099
     86000.535415767
     86505.809450415
     87009.088446911
     87510.332087932
     88009.500219217
     88506.552852767
     89001.450170052
     89494.152525204
     89984.620448193
     90472.814647986
     90958.696015696
     91442.225627716
     91923.364748834
      92402.07483534
     92878.317538112
     93352.054705686
     93823.248387318
     94291.860836014
     94757.854511568
     95221.192083557
     95681.836434338
     96139.750662018
     96594.898083414
     97047.242236988
     97496.746885769
     97943.376020261
     98387.093861318
     98827.864863015
       99265.6537155
     99700.425347814
     100132.14493071
     100560.77787944
      100986.2898565
     101408.64677445
     101827.81479856
     102243.76034957
     102656.45010638
      103065.8510087
     103471.93025971
     103874.65532868
     104273.99395358
     104669.91414369
      105062.3841821
     105451.37262831
     105836.84832074
     106218.78037918
     106597.13820733
     106971.89149519
     107343.01022155
     107710.46465634
     108074.22536303
       108434.263201
     108790.54932788
     109143.05520182
     109491.75258381
     109836.61353996
     110177.61044367
     110514.71597793
     110847.90313743
     111177.14523077
     111502.41588261
     111823.68903571
     112140.93895312
     112454.14022014
     112763.26774643
       113068.296768
     113369.20284916
     113665.96188454
     113958.55010096
     114246.94405937
     114531.12065673
     114811.05712781
      115086.7310471
     115358.12033054
     115625.20323729
     115887.95837152
     116146.36468407
     116400.40147418
      116650.0483911
     116895.28543578
     117136.09296242
     117372.45168007
     117604.34265415
     117831.74730802
      118054.6474244
     118273.02514687
     118486.86298131
     118696.14379726
     118900.85082933
      119100.9676785
      119296.4783135
       119487.367072
     119673.61866197
     119855.21816281
     120032.15102659
     120204.40307922
     120371.96052154
     120534.80993047
     120692.93826007
     120846.33284254
     120994.98138927
     121138.87199182
     121277.99312284
     121412.33363697
     121541.88277176
     121666.63014847
     121786.56577291
     121901.68003616
     122011.96371533
     122117.40797423
     122218.00436397
     122313.74482355
     122404.62168029
     122490.62765028
     122571.75583857
     122647.99973922
     122719.35323509
     122785.81059713
     122847.36648296
     122904.01593418
     122955.75437138
      123002.5775849
     123044.48171679
     123081.46322388
     123113.51879617
     123140.64515754
     123162.83851139
     123180.09269527
     123192.39120759
     123199.73708911
