8
2.99984
6.99919
10.998
14.9963
18.9941
22.9914
26.9881
30.9844
34.9801
38.9753
42.9701
46.9653
50.9675
55.0059
59.1591
63.5434
68.2496
73.313
78.7345
84.5049
90.6143
97.0547
103.82
110.904
118.305
126.018
134.041
142.372
151.009
159.95
169.193
178.738
188.582
198.724
209.164
219.9
230.931
242.255
253.872
265.781
277.98
290.468
303.244
316.307
329.656
343.289
357.206
371.405
385.886
400.646
415.684
431.001
446.593
462.46
478.6
495.013
511.696
528.649
545.87
563.358
581.111
599.128
617.407
635.947
654.747
673.804
693.118
712.686
732.508
752.581
772.904
793.476
814.294
835.357
856.664
878.212
900
922.026
944.289
966.786
989.516
1012.48
1035.67
1059.08
1082.73
1106.59
1130.68
1154.99
1179.51
1204.25
1229.21
1254.37
1279.75
1305.33
1331.12
1357.11
1383.3
1409.7
1436.29
1463.07
1490.05
1517.22
1544.58
1572.12
1599.85
1627.76
1655.85
1684.12
1712.56
1741.18
1769.97
1798.92
1828.04
1857.33
1886.77
1916.38
1946.14
1976.06
2006.12
2036.34
2066.71
2097.22
2127.87
2158.66
2189.59
2220.65
2251.84
2283.17
2314.62
2346.2
2377.9
2409.72
2441.65
2473.7
2505.86
2538.14
2570.52
2603
2635.58
2668.27
2701.05
2733.92
2766.89
2799.94
2833.08
2866.3
2899.6
2932.98
2966.44
2999.97
3033.57
3067.23
3100.96
3134.76
3168.61
3202.51
3236.47
3270.49
3304.55
3338.65
3372.8
3406.99
3441.21
3475.47
3509.76
3544.08
3578.43
3612.8
3647.19
3681.6
3716.02
3750.46
3784.91
3819.36
3853.82
3888.28
3922.73
3957.19
3991.63
4026.07
4060.5
4094.91
4129.3
4163.67
4198.02
4232.34
4266.63
4300.89
4335.12
4369.31
4403.46
4437.56
4471.62
4505.64
4539.6
4573.51
4607.36
4641.16
4674.89
4708.56
4742.16
4775.69
4809.15
4842.53
4875.84
4909.06
4942.2
4975.26
5008.23
5041.11
5073.89
5106.58
5139.17
5171.65
5204.03
5236.31
5268.48
5300.53
5332.47
5364.29
5396
5427.58
5459.03
5490.36
5521.56
5552.63
5583.56
5614.36
5645.01
5675.53
5705.9
5736.12
5766.19
5796.11
5825.88
5855.49
5884.94
5914.23
5943.36
5972.32
6001.11
6029.73
6058.18
6086.45
6114.55
6142.46
6170.2
6197.75
6225.11
6252.29
6279.27
6306.06
6332.66
6359.05
6385.25
6411.25
6437.05
6462.64
6488.02
6513.19
6538.15
6562.89
6587.42
6611.74
6635.83
6659.7
6683.35
6706.77
6729.97
6752.93
6775.67
6798.17
6820.44
6842.47
6864.27
6885.82
6907.13
6928.2
6949.03
6969.6
6989.93
7010.01
7029.84
7049.41
7068.73
7087.79
7106.6
7125.14
7143.43
7161.45
7179.21
7196.7
7213.93
7230.88
7247.57
7263.99
7280.14
7296.01
7311.61
7326.93
7341.97
7356.73
7371.22
7385.42
7399.35
7412.98
7426.34
7439.41
7452.19
7464.68
7476.89
7488.8
7500.42
7511.75
7522.79
7533.53
7543.98
7554.13
7563.98
7573.53
7582.79
7591.74
7600.39
7608.73
7616.77
7624.51
7631.93
7639.04
7645.84
7652.33
7658.5
7664.34
7669.86
7675.05
7679.89
7684.39
7688.52
7692.25
7695.56
7698.38
7700.82
7703.48
7706.69
7710.44
7714.75
7719.65
7725.27
7731.79
7739.59
7749.68
