3
     3.0121400371917
     7.3282872126514
     12.946037628292
     20.605636988557
     30.454114447927
     42.499927798067
       56.7400644713
     73.171691246788
      91.79250626502
     112.60045013034
     135.59351761206
     160.76965693998
     188.12671619842
      217.6624139296
     249.37432243426
     283.25985796797
     319.31627482409
     357.54066168671
     397.92993935459
     440.48085931922
     485.19000289072
      532.0537806852
     581.06843235697
     632.23002650135
     685.53446067934
     740.97746153195
     798.55458496225
     858.26121637024
     920.09257092981
      984.0436939005
     1050.1094609686
     1118.2845786141
     1188.5635844995
     1260.9408478801
     1335.4105700329
     1411.9667847026
     1490.6033585651
      1571.313991707
     1654.0922181203
     1738.9314062116
     1825.8247593275
     1914.7653162926
     2005.7459519627
     2098.7593777913
     2193.7981424102
     2290.8546322237
     2389.9210720157
     2490.9895255703
     2594.0518963063
     2699.0999279238
     2806.1252050641
      2915.119153983
     3026.0730432366
     3138.9779843795
     3253.8249326763
     3370.6046878256
     3489.3078946959
     3609.9250440751
     3732.4464734314
     3856.8623676869
     3983.1627600039
     4111.3375325824
     4241.3764174709
     4373.2689973881
     4507.0047065577
     4642.5728315543
     4779.9625121614
     4919.1627422415
     5060.1623706172
     5202.9501019648
     5347.5144977186
     5493.8439769875
     5641.9268174822
     5791.7511564546
     5943.3049916476
     6096.5761822568
     6251.5524499028
     6408.2213796148
      6566.570420825
     6726.5868883741
     6888.2579635276
      7051.570695002
     7216.5120000026
     7383.0686652718
     7551.2273481472
     7720.9745776303
     7892.2967554661
     8065.1801572318
     8239.6109334366
     8415.5751106311
     8593.0585925265
     8772.0471611238
     8952.5264778529
     9134.4820847213
     9317.8994054717
     9502.7637467505
     9689.0602992844
     9876.7741390662
     10065.890228551
     10256.393417862
     10448.268446001
     10641.499942074
     10836.072426519
     11031.970312352
     11229.177906407
     11427.679410604
     11627.458923202
     11828.500440086
     12030.787856036
     12234.304966029
     12439.035466528
     12644.962956794
     12852.070940196
     13060.342825536
     13269.761928375
     13480.311472371
     13691.974590622
     13904.734327018
     14118.573637601
     14333.475391926
     14549.422374438
     14766.397285846
     14984.382744515
     15203.361287853
     15423.315373713
     15644.227381796
     15866.079615066
     16088.854301163
     16312.533593831
     16537.099574345
     16762.534252947
     16988.819570289
     17215.937398876
     17443.869544521
     17672.597747803
     17902.103685527
     18132.368972192
      18363.37516147
     18595.103747674
     18827.536167246
     19060.653800247
     19294.437971841
     19528.869953797
     19763.930965987
     19999.602177891
     20235.864710104
     20472.699635851
     20710.087982503
     20948.010733092
     21186.448827842
      21425.38316569
     21664.794605819
     21904.663969189
     22144.972040078
     22385.699567615
     22626.827267327
     22868.335822682
     23110.205886637
     23352.418083188
     23594.953008921
     23837.791234567
     24080.913306558
     24324.299748589
     24567.931063173
     24811.787733203
     25055.850223524
     25300.098982484
     25544.514443513
     25789.077026685
     26033.767140284
      26278.56518238
     26523.451542392
     26768.406602665
     27013.410740039
      27258.44432742
     27503.487735354
       27748.5213336
     27993.525492699
     28238.480585553
     28483.366988989
     28728.165085339
     28972.855264006
     29217.417923036
     29461.833470691
     29706.082327017
      29950.14492541
     30194.001714187
     30437.633158152
     30681.019740158
     30924.141962674
     31166.980349343
     31409.515446548
     31651.727824964
      31893.59808112
     32135.106838948
     32376.234751341
     32616.962501698
     32857.270805475
     33097.140411727
     33336.552104651
     33575.486705129
     33813.925072258
     34051.848104887
     34289.236743149
     34526.071969983
     34762.334812664
     34998.006344315
      35233.06768543
     35467.500005382
     35701.284523935
     35934.402512745
     36166.835296864
     36398.564256233
     36629.570827175
     36859.836503882
     37089.342839897
     37318.071449593
     37546.004009644
     37773.122260494
     37999.408007821
     38224.843123992
     38449.409549518
     38673.089294497
     38895.864440058
     39117.717139798
     39338.629621206
     39558.584187093
     39777.563217007
     39995.549168642
     40212.524579248
     40428.472067029
      40643.37433253
     40857.214160033
     41069.974418925
     41281.638065078
     41492.188142213
     41701.607783256
     41909.880211692
     42116.988742905
     42322.916785518
     42527.647842725
     42731.165513605
     42933.453494441
     43134.495580024
     43334.275664954
     43532.777744927
     43729.985918019
     43925.884385958
     44120.457455393
     44313.689539147
     44505.565157468
     44696.068939273
     44885.185623368
     45072.900059683
     45259.197210481
     45444.062151558
     45627.480073445
     45809.436282594
     45989.916202549
     46168.905375122
     46346.389461545
     46522.354243619
     46696.785624858
     46869.669631615
     47040.992414199
     47210.740247989
     47378.899534529
     47545.456802622
     47710.398709407
     47873.712041427
     48035.383715685
       48195.4007807
     48353.750417539
     48510.419940841
     48665.396799841
     48818.668579368
     48970.223000844
     49120.047923266
     49268.131344178
     49414.461400633
     49559.026370144
     49701.814671622
     49842.814866305
     49982.015658669
      50119.40589734
     50254.974575982
     50388.710834183
     50520.603958318
     50650.643382414
     50778.818688992
     50905.119609901
     51029.536027142
     51152.057973679
     51272.675634233
      51391.37934607
     51508.159599776
     51623.007040015
     51735.912466278
     51846.866833621
     51955.861253387
     52062.886993917
     52167.935481246
     52270.998299793
     52372.067193028
     52471.134064132
     52568.190976647
     52663.230155101
     52756.243985637
     52847.225016609
      52936.16595918
     53023.059687896
     53107.899241253
     53190.677822246
     53271.388798901
     53350.025704795
     53426.582239561
     53501.052269374
     53573.429827423
      53643.70911436
     53711.884498736
      53777.95051741
     53841.901875942
     53903.733448949
     53963.440280447
     54021.017584144
     54076.460743698
     54129.765312928
     54180.927015951
     54229.941747246
     54276.805571607
     54321.514723944
      54364.06560889
     54404.454800107
     54442.679039179
     54478.735233882
     54512.620455492
       54544.3319346
     54573.867054507
     54601.223340589
     54626.398442678
     54649.390104888
     54670.196111653
     54688.814186244
      54705.24178752
     54719.475669687
     54731.510826367
     54741.337571264
     54748.931436531
     54754.233724993
     54758.301740858
