3.4
     3.0014153680997
     7.0723161658039
     11.699040890717
     17.662765154815
     25.301415812448
     34.658851609693
     45.731889233367
     58.515587927881
     73.006430543102
     89.201812452841
     107.09957882737
     126.69776671606
     147.99446698115
     170.98774869473
     195.67561625846
     222.05598420352
     250.12666189334
     279.88534397217
     311.32960425889
     344.45689176993
     379.26452809491
     415.74970565389
     453.90948654292
     493.74080178117
     535.24045083795
     578.40510135896
     623.23128903726
     669.71541759167
     717.85375882621
      767.6424527525
     819.07750776158
     872.15480083588
     926.87007779409
     983.21895356378
     1041.1969124779
     1100.7993085924
      1162.021366022
     1224.8581792937
     1289.3047137151
     1355.3558057577
      1423.006163454
      1492.250366807
      1563.082868213
     1635.4979928962
     1709.4899393543
     1785.0527798168
     1862.1804607134
     1940.8668031538
     2021.1055034181
     2102.8901334583
     2186.2141414094
     2271.0708521115
     2357.4534676423
      2445.355067859
     2534.7686109512
      2625.686934003
     2718.1027535653
     2812.0086662382
     2907.3971492628
     3004.2605611225
     3102.5911421547
     3202.3810151714
     3303.6221860894
     3406.3065445701
     3510.4258646688
     3615.9718054928
     3722.9359118695
     3831.3096150228
     3941.0842332596
     4052.2509726648
     4164.8009278052
      4278.725082443
     4394.0143102575
     4510.6593755761
     4628.6509341138
     4747.9795337217
     4868.6356151442
     4990.6095127839
     5113.8914554764
     5238.4715672728
     5364.3398682304
     5491.4862752125
     5619.9006026953
     5749.5725635848
     5880.4917700397
     6012.6477343043
      6146.029869548
     6280.6274907133
     6416.4298153724
     6553.4259645899
     6691.6049637951
     6830.9557436604
     6971.4671409883
     7113.1278996056
     7255.9266712651
     7399.8520165546
     7544.8924058129
      7691.036220054
     7838.2717518972
     7986.5872065055
     8135.9707025302
     8286.4102730618
     8437.8938665905
     8590.4093479698
     8743.9444993893
     8898.4870213535
      9054.024533667
     9210.5445764262
     9368.0346110168
     9526.4820211197
     9685.8741137202
      9846.198120125
     10007.441196986
     10169.590427328
     10332.632821585
     10496.555318638
     10661.344786864
     10826.988025186
     10993.471764133
       11160.7826669
     11328.907330418
     11497.832286427
     11667.544002557
     11838.028883408
     12009.273271643
     12181.263449079
      12353.98563779
     12527.426001205
     12701.570645222
     12876.405619317
     13051.916917663
     13228.090480252
     13404.912194024
     13582.367893991
     13760.443364379
     13939.124339759
       14118.3965062
     14298.245502405
     14478.656920868
     14659.616309028
     14841.109170422
     15023.120965852
     15205.637114547
     15388.642995329
     15572.123947789
     15756.065273458
     15940.452236985
     16125.270067318
     16310.503958887
     16496.139072791
     16682.160537985
     16868.553452472
     17055.302884497
     17242.393873742
     17429.811432529
     17617.540547013
      17805.56617839
     17993.873264104
     18182.446719045
     18371.271436767
      18560.33229069
     18749.614135318
     18939.101807451
     19128.780127396
     19318.633900187
       19508.6479168
     19698.806955374
     19889.095782426
     20079.499154076
     20270.001817266
     20460.588510982
     20651.243967475
     20841.952913489
     21032.700071477
     21223.470160833
     21414.247899109
     21605.018003245
     21795.765190791
     21986.474181127
     22177.129696695
     22367.716464219
     22558.219215927
     22748.622690776
     22938.911635674
     23129.070806704
     23319.084970341
     23508.938904675
     23698.617400632
     23888.105263188
     24077.387312591
     24266.448385572
     24455.273336566
     24643.847038919
     24832.154386103
     25020.180292928
     25207.909696745
      25395.32755866
      25582.41886473
     25769.168627173
     25955.561885567
     26141.583708045
     26327.219192498
     26512.453467759
     26697.271694804
     26881.659067936
      27065.60081597
     27249.082203422
      27432.08853168
     27614.605140192
     27796.617407634
      27978.11075308
     28159.070637178
     28339.482563306
     28519.332078739
     28698.604775802
     28877.286293031
     29055.362316317
     29232.818580056
      29409.64086829
     29585.815015848
      29761.32690948
     29936.162488988
     30110.307748348
     30283.748736839
     30456.471560158
     30628.462381529
     30799.707422818
     30970.192965632
     31139.905352421
     31308.830987569
     31476.956338485
      31644.26793669
     31810.752378888
      31976.39632805
     32141.186514474
      32305.10973685
     32468.152863323
     32630.302832537
     32791.546654686
     32951.871412556
     33111.264262554
     33269.712435744
     33427.203238863
     33583.724055343
      33739.26234632
     33893.805651639
     34047.341590849
     34199.857864201
     34351.342253627
     34501.782623723
     34651.166922719
     34799.483183446
     34946.719524291
     35092.864150156
     35237.905353397
     35381.831514761
     35524.631104322
     35666.292682401
     35806.804900485
      35946.15650213
     36084.336323871
     36221.333296112
     36357.136444012
     36491.734888366
     36625.117846476
     36757.274633014
     36888.194660877
     37017.867442041
     37146.282588393
     37273.429812566
     37399.298928768
     37523.879853589
     37647.162606818
     37769.137312233
     37889.794198402
     38009.123599455
     38127.115955867
      38243.76181522
     38359.051832959
     38472.976773144
     38585.527509185
     38696.695024574
     38806.470413612
     38914.844882115
     39021.809748123
     39127.356442593
     39231.476510083
     39334.161609435
     39435.403514437
     39535.194114482
      39633.52541522
     39730.389539193
     39825.778726472
     39919.685335267
     40012.101842551
      40103.02084465
      40192.43505784
     40280.337318929
     40366.720585825
     40451.577938103
     40534.902577553
     40616.687828722
     40696.927139447
     40775.614081375
     40852.742350471
     40928.305767524
     41002.298278626
     41074.713955662
     41145.546996765
     41214.791726778
     41282.442597694
     41348.494189088
     41412.941208534
      41475.77849201
      41537.00100429
     41596.603839316
     41654.582220562
     41710.931501368
     41765.647165275
     41818.724826311
     41870.160229279
     41919.949249995
     41968.087895508
     42014.572304264
     42059.398746233
      42102.56362296
     42144.063467545
     42183.894944506
      42222.05484951
     42258.540108901
     42293.347778973
      42326.47504486
     42357.919218894
     42387.677738181
      42415.74816099
     42442.128161355
      42466.81552085
     42489.808115785
     42511.103896814
     42530.700855391
     42548.596966585
     42564.790087272
     42579.277765162
     42592.056856808
     42603.122698643
     42612.467100968
     42620.072658903
     42625.892559849
     42629.961166675
     42634.194938618
