3.2
      3.004371567546
     7.1618147463057
     12.205192548049
     18.932263746467
     27.574922138037
     38.153000660549
     50.662874921316
     65.100804551681
     81.464015308307
     99.750265241056
     119.95753623468
      142.0838674515
     166.12726672825
     192.08566208363
      219.9568741989
     249.73860024468
     281.42840407725
     315.02371014026
     350.52179959453
     387.91980782915
     427.21472285339
     468.40338426524
     511.48248260689
     556.44855898615
     603.29800488506
     652.02706210328
     702.63182280077
     755.10822961552
     809.45207583936
     865.65900563972
     923.72451431887
     983.64394860424
     1045.4125069654
     1109.0252399539
     1174.4770505645
     1241.7626946137
     1310.8767811369
     1381.8137728007
     1454.5679863306
     1529.1335929529
     1605.5046188511
     1683.6749456349
     1763.6383108228
     1845.3883083372
     1928.9183890122
     2014.2218611134
     2101.2918908704
       2190.12150302
     2280.7035813628
     2373.0308693305
     2467.0959705649
     2562.8913495086
     2660.4093320069
     2759.6421059213
      2860.581721754
     2963.2200932834
     3067.5489982111
     3173.5600788197
     3281.2448426415
     3390.5946631382
     3501.6007803912
     3614.2543018029
     3728.5462028087
     3844.4673275994
     3962.0083898542
     4081.1599734844
     4201.9125333874
     4324.2563962107
     4448.1817611273
     4573.6787006197
     4700.7371612757
     4829.3469645933
     4959.4978077956
     5091.1792646565
     5224.3807863355
     5359.0917022225
      5495.301220793
     5632.9984304716
     5772.1723005069
     5912.8116818545
     6054.9053080703
     6198.4417962126
     6343.4096477544
     6489.7972495043
     6637.5928745361
     6786.7846831291
     6937.3607237162
     7089.3089338409
     7242.6171411237
     7397.2730642376
     7553.2643138914
     7710.5783938221
     7869.2027017962
     8029.1245306193
     8190.3310691536
     8352.8094033444
     8516.5465172544
     8681.5292941067
     8847.7445173353
     9015.1788716438
     9183.8189440719
     9353.6512250701
     9524.6621095822
     9696.8378981342
     9870.1647979329
      10044.62892397
     10220.216300134
     10396.912860331
     10574.704449611
       10753.5768253
     10933.515658146
     11114.506533461
     11296.534952277
     11479.586332511
     11663.646010131
     11848.699240328
     12034.731198702
     12221.726982447
     12409.671611542
     12598.550029958
     12788.347106858
     12979.047637812
     13170.636346013
     13363.097883504
     13556.416832403
     13750.577706143
     13945.564950707
     14141.362945882
       14337.9560065
     14535.328383703
     14733.464266202
     14932.347781543
     15131.962997375
     15332.293922735
     15533.324509322
     15735.038652783
     15937.420194008
     16140.452920417
     16344.120567267
     16548.406818948
     16753.295310294
     16958.769627893
     17164.813311401
     17371.409854861
     17578.542708027
     17786.195277688
     17994.350928995
     18202.992986801
     18412.104736987
      18621.66942781
     18831.670271239
     19042.090444301
     19252.913090432
     19464.121320821
     19675.698215771
     19887.626826048
     20099.890174241
     20312.471256121
     20525.353042006
     20738.518478122
     20951.950487972
     21165.631973702
     21379.545817469
     21593.674882818
     21808.002016049
     22022.510047594
     22237.181793392
     22452.000056266
     22666.947627297
     22882.007287211
     23097.161807749
     23312.393953053
     23527.686481044
     23743.022144806
     23958.383693963
     24173.753876066
     24389.115437974
     24604.451127231
     24819.743693457
      25034.97588972
     25250.130473928
     25465.190210199
     25680.137870253
     25894.956234783
     26109.628094842
     26324.136253213
     26538.463525796
     26752.592742977
     26966.506751009
     27180.188413382
     27393.620612198
     27606.786249542
     27819.668248851
     28032.249556283
     28244.513142083
     28456.442001946
     28668.019158383
     28879.227662073
     29090.050593231
     29300.471062956
     29510.472214588
     29720.037225055
     29929.149306224
     30137.791706243
     30345.947710886
     30553.600644889
     30760.733873289
     30967.330802753
      31173.37488291
     31378.849607676
     31583.738516577
     31788.025196066
     31991.693280838
     32194.726455144
     32397.108454095
     32598.823064966
     32799.854128494
     33000.185540175
      33199.80125155
     33398.685271495
     33596.821667499
     33794.194566942
     33990.788158366
     34186.586692741
     34381.574484728
     34575.735913936
     34769.055426169
     34961.517534679
     35153.106821399
     35343.807938186
     35533.605608045
     35722.484626353
     35910.429862081
     36097.426259002
     36283.458836899
     36468.512692766
        36652.573002
      36835.62501959
     37017.654081295
     37198.645604826
     37378.585091005
     37557.458124934
     37735.250377146
     37911.947604754
     38087.535652591
     38262.000454346
     38435.328033688
      38607.50450539
     38778.516076436
     38948.349047129
      39116.98981219
     39284.424861845
     39450.640782905
      39615.62425985
     39779.362075883
     39941.841114001
     40103.048358037
     40262.970893705
     40421.595909636
     40578.910698407
      40734.90265755
     40889.559290572
     41042.868207947
     41194.817128115
     41345.393878465
     41494.586396307
     41642.382729838
     41788.771039105
     41933.739596947
      42077.27678994
     42219.371119322
     42360.011201918
     42499.185771048
     42636.883677438
     42773.093890099
     42907.805497225
     43041.007707058
     43172.689848753
     43302.841373239
     43431.451854057
     43558.510988198
     43684.008596928
     43807.934626602
     43930.279149473
     44051.032364481
     44170.184598043
     44287.726304826
     44403.648068509
      44517.94060254
     44630.594750879
     44741.601488729
     44850.951923261
     44958.637294321
     45064.648975139
     45168.978473011
     45271.617429983
      45372.55762352
     45471.790967157
     45569.309511154
     45665.105443126
     45759.171088669
      45851.49891197
      45942.08151641
     46030.911645156
     46117.982181733
     46203.286150597
     46286.816717685
     46368.567190955
     46448.531020925
     46526.701801182
      46603.07326889
     46677.639305281
     46750.393936135
     46821.331332241
     46890.445809852
     46957.731831117
       47023.1840045
     47086.797085186
     47148.565975459
      47208.48572507
     47266.551531581
     47322.758740676
     47377.102846449
     47429.579491666
     47480.184467964
     47528.913716022
     47575.763325657
     47620.729535835
     47663.808734586
     47704.997458764
     47744.292393613
     47781.690372062
     47817.188373615
     47850.783522672
     47882.473085983
     47912.254468796
     47940.125208917
     47966.082967453
     47990.125513959
     48012.250701978
     48032.456427219
     48050.740553005
     48067.100770246
     48081.534317304
     48094.037372998
     48104.603595591
     48113.220038557
     48119.852686395
     48124.462769219
     48128.543192115
