3.5
     3.0007679963893
      7.046441318884
     11.516858122567
     17.154570226947
     24.352973100406
     33.175093552302
     43.618935501834
     55.678888652169
     69.350950022131
     84.632255081952
     101.52052821451
     120.01376797797
     140.11007760024
     161.80757204736
     185.10432531713
     209.99833947025
     236.48752582809
     264.56969322262
     294.24254047012
      325.5036514518
     358.35049184837
     392.78040695082
     428.79062018801
     466.37823214226
     505.54021990407
     546.27343666726
     588.57461149802
     632.44034923189
     677.86713046703
     724.85131163115
     773.38912510597
     823.47667939758
     875.10995934404
     928.28482635401
     982.99701867161
     1039.2421516638
     1097.0157181277
     1156.3130886157
     1217.1295117768
     1279.4601147126
     1343.2999033473
     1408.6437628108
     1475.4864578342
     1543.8226331567
     1613.6468139449
     1684.9534062226
     1757.7366973111
     1831.9908562811
     1907.7099344137
      1984.887865673
      2063.518467187
     2143.5954397403
     2225.1123682753
      2308.062722403
     2392.4398569245
     2478.2370123607
     2565.4473154924
     2654.0637799091
     2744.0793065671
     2835.4866843573
     2928.2785906814
     3022.4475920377
     3117.9861446156
     3214.8865948995
     3313.1411802806
     3412.7420296784
     3513.6811641709
     3615.9504976327
     3719.5418373828
     3824.4468848403
     3930.6572361888
      4038.164383049
     4146.9597131607
     4257.0345110715
     4368.3799588353
     4480.9871367184
     4594.8470239136
     4709.9504992627
     4826.2883419871
     4943.8512324264
     5062.6297527842
     5182.6143878833
     5303.7955259269
     5426.1634592693
     5549.7083851926
     5674.4204066924
     5800.2895332708
     5927.3056817355
     6055.4586770088
     6184.7382529417
     6315.1340531365
     6446.6356317765
     6579.2324544624
     6712.9138990564
     6847.6692565331
     6983.4877318368
      7120.358444747
     7258.2704307491
     7397.2126419135
     7537.1739477799
     7678.1431362495
     7820.1089144823
     7963.0599098027
     8106.9846706096
     8251.8716672947
     8397.7092931648
     8544.4858653727
     8692.1896258527
     8840.8087422621
     8990.3313089295
      9140.745347808
     9292.0388094357
     9444.1995738997
     9597.2154518076
     9751.0741852645
     9905.7634488533
     10061.270850624
     10217.583933084
       10374.6901742
     10532.576988396
     10691.231727566
     10850.641682082
      11010.79408182
     11171.676097174
     11333.274840092
       11495.5773651
     11658.570670347
     11822.241698642
     11986.577338501
     12151.564425196
     12317.189741813
     12483.440020308
      12650.30194257
     12817.762141487
     12985.807202022
     13154.423662281
     13323.598014595
       13493.3167066
     13663.566142327
     13834.332683285
     14005.602649558
       14177.3623209
     14349.597937832
     14522.295702748
     14695.441781016
      14869.02230209
     15043.023360618
     15217.431017559
     15392.231301296
     15567.410208761
     15742.953706549
     15918.847732048
     16095.078194564
      16271.63097645
     16448.491934236
     16625.646899761
     16803.081681313
     16980.782064758
     17158.733814687
     17336.922675549
       17515.3343728
     17693.954614041
     17872.769090163
     18051.763476499
     18230.923433965
     18410.234610212
     18589.682640777
     18769.253150227
     18948.931753321
     19128.704056153
     19308.555657311
     19488.472149027
     19668.439118334
     19848.442148219
     20028.466818779
     20208.498708373
     20388.523394782
     20568.526456363
     20748.493473201
     20928.410028267
     21108.261708574
      21288.03410633
      21467.71282009
     21647.283455916
     21826.731628521
     22006.042962432
     22185.203093132
     22364.197668218
     22543.012348545
     22721.632809378
      22900.04474154
     23078.233852557
     23256.185867802
     23433.886531641
     23611.321608572
      23788.47688437
     23965.338167221
     24141.891288859
     24318.122105707
     24494.016500001
     24669.560380931
      24844.73968576
     25019.540380957
     25193.948463319
     25367.949961095
     25541.530935102
     25714.677479841
     25887.375724617
     26059.611834645
     26231.372012158
     26402.642497515
     26573.409570303
     26743.659550434
     26913.378799245
     27082.553720584
     27251.170761905
     27419.216415353
     27586.677218844
     27753.539757143
     27919.790662943
     28085.416617929
     28250.404353853
      28414.74065359
     28578.412352201
     28741.406337985
     28903.709553533
     29065.308996769
     29226.191721997
     29386.344840933
     29545.755523742
     29704.411000062
      29862.29856003
     30019.405555297
     30175.719400046
     30331.227571997
     30485.917613408
     30639.777132078
     30792.793802338
     30944.955366035
      31096.24963352
     31246.664484619
     31396.187869607
     31544.807810173
      31692.51240038
     31839.289807615
     31985.128273543
     32130.016115045
     32273.941725154
     32416.893573986
     32558.860209663
     32699.830259231
     32839.792429572
     32978.735508305
     33116.648364687
     33253.519950509
     33389.339300968
      33524.09553556
     33657.777858945
     33790.375561809
     33921.878021728
     34052.274704014
     34181.555162562
     34309.709040685
     34436.726071945
     34562.596080975
     34687.308984292
     34810.854791108
     34933.223604127
     35054.405620343
     35174.391131818
     35293.170526465
     35410.734288817
     35527.073000788
     35642.177342426
     35756.038092662
     35868.646130051
     35979.992433495
     36090.068082971
     36198.864260245
     36306.372249576
     36412.583438415
     36517.489318097
     36621.081484517
     36723.351638809
     36824.291588003
     36923.893245689
     37022.148632658
     37119.049877544
     37214.589217451
     37308.758998577
     37401.551676826
     37492.959818409
     37582.976100438
     37671.593311516
      37758.80435231
     37844.602236117
     37928.980089424
     38011.931152456
     38093.448779715
     38173.526440508
     38252.157719472
     38329.336317078
     38405.056050137
     38479.310852285
     38552.094774471
     38623.401985421
       38693.2267721
     38761.563540161
     38828.406814385
     38893.751239107
     38957.591578628
     39019.922717625
     39080.739661535
     39140.037536939
     39197.811591919
     39254.057196409
     39308.769842529
     39361.945144894
     39413.578840907
     39463.666791034
     39512.204979042
     39559.189512212
     39604.616621516
      39648.48266174
     39690.784111559
     39731.517573537
     39770.679774028
     39808.267562966
     39844.277913479
     39878.707921288
     39911.554803802
     39942.815898767
     39972.488662304
     40000.570666025
     40027.059592789
     40051.953230354
     40075.249461752
     40096.946250343
     40117.041616025
     40135.533596164
     40152.420179043
     40167.699185451
      40181.36804665
     40193.423360179
     40203.859924744
     40212.668396682
      40219.82858535
     40225.286203388
     40229.142490803
     40233.492401889
