11
     2.9996930489267
      6.998465071163
     10.996254324769
     14.993060447021
     18.988883074753
     22.983721844345
     26.977576391734
     30.970446352406
     34.962331361396
     38.953231053289
     42.943145062218
     46.932073021861
     50.920014565445
      54.90696932574
     58.892936935061
     62.877917025268
     66.861909227762
      70.84491317351
     74.826928493491
     78.807954825429
     82.787991899828
     86.767040451161
     90.745110185081
     94.722276634284
     98.699005879467
     102.67758682362
     106.66668489404
     110.69034069887
     114.79456279334
     119.03697150189
     123.46317571483
      128.0946372047
     132.93445871498
     137.97749854911
     143.21654588973
      148.6447485013
     154.25624456193
     160.04616419367
     166.01046757868
      172.1457717506
      178.4492053181
     184.91829514626
     191.55087991946
     198.34504439819
      205.2990691444
     212.41139173235
     219.68057651577
     227.10529081892
     234.68428599768
      242.4163822313
      250.3004562016
      258.3354310297
     266.52026799452
     274.85395967044
     283.33552420459
     291.96400051679
     300.73844425179
      309.6579243491
     318.72152012319
     327.92831876794
     337.27741321565
     346.76790029404
     356.39887913477
      366.1694497955
     376.07871206385
     386.12576441684
     396.30970311412
     406.62962140643
     417.08460884379
     427.67375067017
     438.39612729375
     449.25081382287
     460.23687965988
     471.35338814559
     482.59939624853
     493.97395429369
     505.47610572622
     517.10488690622
     528.85932693124
      540.7384474834
     552.74126269864
     564.86677905574
     577.11399528304
     589.48190228135
     601.96948306106
     614.57571269248
     627.29955826794
     640.13997887455
     653.09592557685
      666.1663414082
     679.35016137042
     692.64631244074
     706.05371358563
     719.57127578083
     733.19790203711
     746.93248743138
     760.77391914257
      774.7210764922
     788.77283098893
     802.92804637712
     817.18557868898
     831.54427629999
     846.00297998761
     860.56052299273
     875.21573108399
     889.96742262461
     904.81440864159
     919.75549289729
     934.78947196299
     949.91513529453
     965.13126530986
     980.43663746833
     995.83002035175
     1011.3101757469
     1026.8758587299
     1042.5258177514
      1058.258794724
     1074.0735251101
     1089.9687380119
     1105.9431562617
     1121.9954965139
      1138.124469338
     1154.3287793126
     1170.6071251204
     1186.9581996441
     1203.3806900632
      1219.873277952
      1236.434639378
     1253.0634450014
     1269.7583601753
     1286.5180450467
     1303.3411546579
     1320.2263390494
     1337.1722433626
     1354.1775079436
     1371.2407684476
     1388.3606559435
       1405.53579702
     1422.7648138912
     1440.0463245035
     1457.3789426425
      1474.761278041
     1492.1919364866
     1509.6695199309
      1527.192626598
     1544.7598510944
     1562.3697845186
     1580.0210145716
     1597.7121256674
     1615.4416990443
     1633.2083128758
      1651.010542383
     1668.8469599463
     1686.7161352176
     1704.6166352334
     1722.5470245276
     1740.5058652445
     1758.4917172526
     1776.5031382583
     1794.5386839196
     1812.5969079608
     1830.6763622862
     1848.7755970952
     1866.8931609971
     1885.0276011257
     1903.1774632545
     1921.3412919122
     1939.5176304977
     1957.7050213961
     1975.9020060935
     1994.1071252937
     2012.3189190331
     2030.5359267972
      2048.756687636
     2066.9797402806
     2085.2036232587
     2103.4268750107
     2121.6480340061
     2139.8656388592
     2158.0782284453
     2176.2843420168
     2194.4825193193
     2212.6713007071
     2230.8492272596
     2249.0148408972
     2267.1666844965
     2285.3033020066
     2303.4232385643
     2321.5250406098
     2339.6072560021
     2357.6684341338
     2375.7071260466
      2393.721884546
     2411.7112643164
     2429.6738220349
     2447.6081164865
     2465.5127086777
     2483.3861619505
     2501.2270420966
     2519.0339174701
     2536.8053591012
     2554.5399408089
      2572.236239314
     2589.8928343507
     2607.5083087796
     2625.0812486986
     2642.6102435546
     2660.0938862545
     2677.5307732761
     2694.9195047776
     2712.2586847085
     2729.5469209181
     2746.7828252651
     2763.9650137262
     2781.0921065036
     2798.1627281336
     2815.1755075929
     2832.1290784056
     2849.0220787492
     2865.8531515606
     2882.6209446401
     2899.3241107568
     2915.9613077517
     2932.5311986413
     2949.0324517196
     2965.4637406605
     2981.8237446181
     2998.1111483278
     3014.3246422056
     3030.4629224469
     3046.5246911245
     3062.5086562856
     3078.4135320486
     3094.2380386975
     3109.9809027775
     3125.6408571871
     3141.2166412715
     3156.7070009135
     3172.1106886232
     3187.4264636279
      3202.653091959
     3217.7893465388
      3232.834007266
     3247.7858610985
     3262.6437021365
     3277.4063317024
     3292.0725584206
     3306.6411982943
      3321.111074781
     3335.4810188662
     3349.7498691351
     3363.9164718415
     3377.9796809757
     3391.9383583284
     3405.7913735534
     3419.5376042269
     3433.1759359041
     3446.7052621725
     3460.1244847024
     3473.4325132928
     3486.6282659153
     3499.7106687518
     3512.6786562294
     3525.5311710503
     3538.2671642159
     3550.8855950464
     3563.3854311937
     3575.7656486482
      3588.025231739
     3600.1631731259
     3612.1784737831
     3624.0701429753
      3635.837198222
     3647.4786652523
     3658.9935779482
      3670.380978274
     3681.6399161922
     3692.7694495641
      3703.768644032
     3714.6365728839
     3725.3723168965
     3735.9749641541
     3746.4436098428
     3756.7773560156
     3766.9753113243
     3777.0365907171
     3786.9603150944
     3796.7456109202
     3806.3916097827
     3815.8974478976
     3825.2622655463
     3834.4852064411
     3843.5654170082
     3852.5020455743
      3861.294241447
     3869.9411538708
      3878.441930842
       3886.79571776
     3895.0016558914
     3903.0588806147
      3910.966519413
     3918.7236895704
     3926.3294955212
     3933.7830257925
     3941.0833494644
     3948.2295120575
     3955.2205307375
     3962.0553886983
     3968.7330285542
     3975.2523445252
      3981.612173145
     3987.8112821447
     3993.8483570617
     3999.7219849919
     4005.4306347052
     4010.9726320878
     4016.3461294875
     4021.5490669947
     4026.5791228648
     4031.4336490385
     4036.1095857403
     4040.6033459282
     4044.9106549264
      4049.026320923
     4052.9438938695
      4056.655133743
     4060.1491284439
     4063.4107011727
     4066.4171749191
     4069.1314337215
     4071.5075521175
     4073.6619246549
     4075.9941043135
      4078.682737176
     4081.6981635634
     4085.0107519461
     4088.6083686847
      4092.489330492
     4096.6593225144
     4101.1304137863
     4105.9211840397
     4111.0577225108
     4116.5756210398
     4122.5234279594
     4128.9686056651
     4136.0083018785
     4143.7905349858
     4152.5616004463
     4162.7963328054
     4175.7242378501
