17
     2.9992667563513
     6.9963327910199
     10.991049444417
     14.983414639377
     18.973426292606
     22.961082314643
      26.94638060984
     30.929319076325
     34.909895605971
     38.888108084373
     42.863954390805
       46.8374323982
     50.808539973115
     54.777274975692
      58.74363525964
     62.707618672191
     66.669223054074
     70.628446239481
     74.585286056033
      78.53974032475
     82.491806860013
     86.441483469538
     90.388767954334
     94.333658108675
     98.276151720066
      102.2162465692
     106.15394042994
     110.08923106927
     114.02211624725
     117.95259371703
     121.88066122474
     125.80631650952
     129.72955730344
      133.6503813315
     137.56878631156
     141.48476995432
     145.39832996328
     149.30946403471
     153.21816985761
     157.12444511363
     161.02828747712
     164.92969461502
     168.82866418683
     172.72519384459
     176.61928123285
     180.51092398859
     184.40011974122
     188.28686611252
     192.17116071659
     196.05300115985
     199.93238504094
     203.80930995075
     207.68377347229
     211.55577318072
      215.4253066433
     219.29237141931
     223.15696506005
     227.01908510886
     230.87872910169
     234.73589457095
      238.5905790688
     242.44278029424
     246.29249672367
     250.13973044718
     253.98449867704
     257.82687553577
     261.66712617382
     265.50607970016
     269.34599736813
     273.19216084933
     277.05485407025
     280.95025597269
     284.89833317772
      288.9179599302
      293.0224484138
     297.21823499468
     301.50634719742
     305.88467947682
     310.34977400133
     314.89784758457
     319.52527029386
      324.2287406632
     329.00531846807
     333.85239986941
     338.76767436759
     343.74908014201
     348.79476384794
     353.90304644802
     359.07239489276
     364.30139888193
     369.58875183713
     374.93323529207
     380.33370603273
     385.78908544648
      391.2983506488
     396.86052704626
      402.4746820661
     408.13991983875
     413.85537666345
     419.62021712147
     425.43363072779
     431.29482903335
     437.20304310629
     443.15752133378
     449.15752749621
     455.20233907427
     461.29124575566
     467.42354811396
     473.59855643647
     479.81558968159
     486.07397454895
      492.3730446485
     498.71213975627
     505.09060514666
     511.50779099229
     517.96305182365
     524.45574604208
     530.98523548013
      537.5508850043
     544.15206215567
      550.7881368247
     557.45848095654
     564.16246828402
     570.89947408562
     577.66887496595
     584.47004865672
     591.30237383631
      598.1652299663
     605.05799714334
     611.98005596516
     618.93078740939
     625.90957272424
     632.91579332993
     639.94883072995
     647.00806643165
     654.09288187503
      661.2026583693
     668.33677703665
     675.49461876247
     682.67556415182
     689.87899349137
     697.10428671666
      704.3508233842
     711.61798264799
     718.90514324023
     726.21168345598
      733.5369811413
     740.88041368483
     748.24135801246
     755.61919058485
     763.01328739783
     770.42302398507
     777.84777542336
     785.28691633992
     792.73982092182
     800.20586292731
     807.68441569895
     815.17485217836
      822.6765449226
     830.18886612191
      837.7111876189
     845.24288092891
     852.78331726163
     860.33186754374
     867.88790244259
     875.45079239084
     883.01990761201
     890.59461814668
     898.17429387969
     905.75830456774
     913.34601986788
     920.93680936637
     928.53004260827
     936.12508912723
     943.72131847604
     951.31810025725
     958.91480415435
     966.51079996308
     974.10545762316
     981.69814725003
     989.28823916692
     996.87510393698
     1004.4581123955
     1012.0366356822
     1019.6100452735
     1027.1777130148
     1034.7390111528
     1042.2933123671
     1049.8399898031
     1057.3784171027
     1064.9079684369
     1072.4280185363
     1079.9379427226
     1087.4371169391
      1094.924917781
     1102.4007225257
     1109.8639091615
     1117.3138564174
     1124.7499437909
      1132.171551576
     1139.5780608905
     1146.9688537023
     1154.3433128552
     1161.7008220941
     1169.0407660884
     1176.3625304561
     1183.6655017854
     1190.9490676559
     1198.2126166589
     1205.4555384162
     1212.6772235978
      1219.877063938
     1227.0544522506
     1234.2087824419
     1241.3394495229
     1248.4458496192
     1255.5273799794
     1262.5834389812
     1269.6134261361
     1276.6167420915
     1283.5927886304
     1290.5409686692
     1297.4606862523
     1304.3513465441
     1311.2123558185
     1318.0431214448
     1324.8430518705
     1331.6115565999
     1338.3480461704
     1345.0519321232
     1351.7226269704
     1358.3595441576
     1364.9620980215
     1371.5297037417
     1378.0617772878
     1384.5577353599
     1391.0169953222
     1397.4389751309
     1403.8230932535
     1410.1687685804
     1416.4754203282
     1422.7424679334
     1428.9693309362
      1435.155428853
     1441.3001810383
     1447.4030065329
     1453.4633238988
     1459.4805510395
     1465.4541050034
     1471.3834017712
     1477.2678560222
     1483.1068808814
     1488.8998876432
     1494.6462854707
     1500.3454810669
     1505.9968783174
     1511.5998778992
      1517.153876854
      1522.658268122
     1528.1124400304
     1533.5157757353
     1538.8676526077
     1544.1674415606
     1549.4145063087
     1554.6082025537
     1559.7478770851
     1564.8328667879
     1569.8624975435
     1574.8360830113
     1579.7529232745
     1584.6123033314
     1589.4134914111
     1594.1557370872
     1598.8382691593
     1603.4602932677
     1608.0209891963
     1612.5195078143
     1616.9549675939
      1621.326450628
     1625.6329980564
      1629.873604787
     1634.0472133692
     1638.1527068437
     1642.1889003433
     1646.1545311587
     1650.0482468971
     1653.8685912494
     1657.6139867205
     1661.2827134555
      1664.872882973
     1668.3824051473
     1671.8089460757
     1675.1498733811
     1678.4021837716
     1681.5624048332
     1684.6264581429
     1687.5894619546
     1690.4454347547
     1693.1868258459
     1695.8037188993
     1698.2823502143
     1700.6021139969
      1702.731789508
     1704.6573524124
     1706.5123801122
     1708.5213310341
      1710.742960973
     1713.1486374795
     1715.7133917224
     1718.4217924974
     1721.2638337858
      1724.232710082
     1727.3236955788
     1730.5335222992
      1733.860007361
     1737.3018172631
     1740.8583134661
     1744.5294493088
     1748.3157011712
     1752.2180237054
     1756.2378228968
      1760.376943094
     1764.6376656659
      1769.022717973
     1773.5352921007
     1778.1790734116
     1782.9582795296
     1787.8777109238
     1792.9428148832
     1798.1597654191
     1803.5355625854
     1809.0781559676
     1814.7965988125
     1820.7012416867
     1826.8039780021
     1833.1185588163
     1839.6610019025
     1846.4501317682
     1853.5083057742
     1860.8624116875
     1868.5452731196
     1876.5976896566
      1885.071506379
     1894.0344387889
     1903.5780830491
     1913.8321825594
      1924.992543062
     1937.3834445415
     1951.6293226078
     1969.3496395477
