4.1
     2.9999714391736
     7.0016293379663
     11.049133739824
     15.423758097598
     20.642563698328
     27.004186574556
     34.564081224793
     43.317686146118
     53.256690509549
     64.375241786558
     76.669363941881
     90.136164220375
     104.77334648328
     120.57893562146
     137.55112018669
     155.68815998226
     174.98833007281
     195.44988582676
     217.07104048619
     239.84995042081
     263.78470522487
     288.87332094346
     315.11373536746
     342.50380472458
     371.04130133094
     400.72391191553
     431.54923642368
     463.51478716709
     496.61798822841
     530.85617505533
     566.22659419793
     602.72640315581
     640.35267031031
     679.10237492392
     718.97240719325
     759.95956834536
     802.06057076981
     845.27203818031
     889.59050580156
     935.01242057763
     981.53414139902
     1029.1519393463
     1077.8619979485
     1127.6604134549
     1178.5431951187
     1230.5062654926
     1283.5454607346
     1337.6565309232
     1392.8351403832
     1449.0768680193
     1506.3772076591
     1564.7315684039
     1624.1352749884
     1684.5835681469
     1746.0716049888
     1808.5944593802
     1872.1471223336
     1936.7245024051
     2002.3214260976
     2068.9326382722
      2136.552802566
      2205.176501817
     2274.7982384952
     2345.4124351408
     2417.0134348097
     2489.5955015241
     2563.1528207307
     2637.6794997654
     2713.1695683234
     2789.6169789368
     2867.0156074579
     2945.3592535487
     3024.6416411768
     3104.8564191176
     3185.9971614616
     3268.0573681296
     3351.0304653918
     3434.9098063946
      3519.688671692
     3605.3602697838
      3691.917737659
     3779.3541413453
     3867.6624764639
     3956.8356687909
     4046.8665748231
     4137.7479823499
     4229.4726110315
      4322.033112981
     4415.4220733534
     4509.6320109389
     4604.6553787622
     4700.4845646874
     4797.1118920264
     4894.5296201548
     4992.7299451313
      5091.705000323
     5191.4468570348
     5291.9475251452
     5393.1989537459
     5495.1930317864
     5597.9215887242
     5701.3763951783
     5805.5491635895
     5910.4315488832
     6016.0151491384
     6122.2915062601
     6229.2521066577
     6336.8883819259
     6445.1917095316
     6554.1534135046
      6663.764765132
     6774.0169836581
      6884.901236987
     6996.4086423907
     7108.5302672201
     7221.2571296211
     7334.5801992532
     7448.4903980136
     7562.9786007642
     7678.0356360623
     7793.6522868953
     7909.8192914194
     8026.5273437011
     8143.7670944626
     8261.5291518309
       8379.80408209
     8498.5824104371
     8617.8546217402
     8737.6111613021
     8857.8424356242
      8978.538813176
     9099.6906251662
     9221.2881663174
     9343.3216956431
     9465.7814372284
     9588.6575810133
      9711.940283578
     9835.6196689317
     9959.6858293034
     10084.128825936
     10208.938689883
     10334.105422806
     10459.618997774
     10585.469360072
        10711.646428
     10838.140093686
     10964.940223892
     11092.036660827
     11219.419222961
      11347.07770584
     11475.001882906
     11603.181506311
     11731.606307743
     11860.265999245
     11989.150274043
     12118.248807366
     12247.551257278
     12377.047265507
     12506.726458268
     12636.578447104
     12766.592829708
     12896.759190764
     13027.067102777
     13157.506126912
     13288.065813825
     13418.735704506
     13549.505331111
     13680.364217806
     13811.301881604
     13942.307833201
     14073.371577823
     14204.482616064
     14335.630444723
     14466.804557653
     14597.994446595
     14729.189602027
        14860.379514
     14991.553672982
     15122.701570702
     15253.812700988
     15384.876560613
     15515.882650132
     15646.820474725
      15777.67954504
     15908.449378029
      16039.11949779
     16169.679436409
     16300.118734793
      16430.42694351
      16560.59362363
     16690.608347555
     16820.460699859
     16950.140278121
     17079.636693755
      17208.93957285
     17338.038556993
     17466.923304104
      17595.58348926
      17724.00880553
     17852.188964789
     17980.113698554
     18107.772758798
     18235.155918778
     18362.252973846
     18489.053742274
     18615.548066066
     18741.725811773
     18867.576871304
     18993.091162737
     19118.258631122
     19243.069249296
     19367.513018677
     19491.579970068
     19615.260164459
     19738.543693818
     19861.420681889
      19983.88128498
     20105.915692754
     20227.514129013
     20348.666852483
     20469.364157593
     20589.596375253
     20709.353873629
     20828.627058913
     20947.406376094
     21065.682309723
     21183.445384673
       21300.6861669
     21417.395264199
     21533.563326955
     21649.181048895
     21764.239167828
     21878.728466392
     21992.639772793
     22105.963961534
     22218.691954151
      22330.81471994
     22442.323276678
     22553.208691344
     22663.462080835
     22773.074612677
     22882.037505733
     22990.342030907
     23097.979511839
     23204.941325609
     23311.218903417
     23416.803731278
       23521.6873507
     23625.861359362
     23729.317411787
     23832.047220013
     23934.042554252
     24035.295243555
     24135.797176461
     24235.540301652
     24334.516628593
     24432.718228176
     24530.137233353
     24626.765839766
     24722.596306374
     24817.620956072
     24911.832176303
     25005.222419675
     25097.784204556
     25189.510115682
     25280.392804745
     25370.424990983
     25459.599461766
     25547.909073169
     25635.346750546
     25721.905489098
     25807.578354432
     25892.358483115
     25976.239083227
     26059.213434903
     26141.274890869
     26222.416876977
     26302.632892728
     26381.916511796
      26460.26138254
     26537.661228509
     26614.109848951
     26689.601119302
     26764.128991681
     26837.687495368
     26910.270737285
     26981.872902468
     27052.488254525
     27122.111136099
      27190.73596932
     27258.357256243
     27324.969579296
     27390.567601702
     27455.146067907
        27518.699804
     27581.223718119
     27642.712800857
      27703.16212566
      27762.56684921
     27820.922211813
     27878.223537769
     27934.466235738
       27989.6457991
     28043.757806304
     28096.797921207
      28148.76189341
     28199.645558576
      28249.44483875
     28298.155742654
     28345.774365986
     28392.296891695
      28437.71959025
     28482.038819894
     28525.251026878
     28567.352745683
     28608.340599219
     28648.211298997
     28686.961645285
     28724.588527217
     28761.088922875
     28796.459899314
     28830.698612541
     28863.802307403
     28895.768317402
     28926.594064373
     28956.277058016
     28984.814895225
     29012.205259133
     29038.445917794
     29063.534722354
     29087.469604509
     29110.248572954
     29131.869708384
     29152.331156361
     29171.631116991
     29189.767829722
     29206.739550475
     29222.544516437
     29237.180890315
     29250.646669206
     29262.939529848
     29274.056553763
     29283.993711291
      29292.74482312
     29300.299266961
     29306.636186673
      29311.70679176
     29315.466929345
     29318.930969689
     29324.211151186
