3.9
      3.000020683387
     7.0058491076147
     11.120886384746
     15.791086420039
     21.556214901179
     28.618805422376
     36.999915190394
     46.692376390228
     57.689468450398
     69.986638718291
     83.580695260803
     98.469187760702
        114.65005417
     132.12142416241
     150.88150737961
      170.9285278198
     192.26068404485
     214.87612430945
     238.77293059323
     263.94910810491
     290.40257824243
     318.13117379117
     347.13263560459
     377.40461028781
     408.94464857296
     441.75020418024
     475.81863302626
     511.14719268425
     547.73304203053
     585.57324103007
     624.66475062824
     665.00443272442
     706.58905020994
     749.41526705706
     793.47964844961
     838.77866094761
     885.30867268041
     933.06595356406
      982.0466755396
     1032.2469128296
     1083.6626422108
     1136.2897433021
     1190.1239988647
     1245.1610951159
     1301.3966220536
     1358.8260737917
     1417.4448489061
     1477.2482507904
      1538.231488021
     1600.3896747312
     1663.7178309945
     1728.2108832163
     1793.8636645337
     1860.6709152249
     1928.6272831245
     1997.7273240493
     2067.9655022297
     2139.3361907506
     2211.8336719991
     2285.4521381199
     2360.1856914783
     2436.0283451308
     2512.9740233027
     2591.0165618733
     2670.1497088685
     2750.3671249598
     2831.6623839715
     2914.0289733941
     2997.4602949055
      3081.949664898
     3167.4903150137
     3254.0753926856
     3341.6979616859
     3430.3510026811
      3520.027413794
     3610.7200111716
     3702.4215295609
     3795.1246228898
     3888.8218648555
     3983.5057495192
     4079.1686919067
      4175.803028616
     4273.4010184309
     4371.9548429408
     4471.4566071667
     4571.8983401938
     4673.2719958093
     4775.5694531471
     4878.7825173383
     4982.9029201672
     5087.9223207334
     5193.8323061203
     5300.6243920686
     5408.2900236558
     5516.8205759814
     5626.2073548578
     5736.4415975068
      5847.514473261
     5959.4170842715
     6072.1404662205
     6185.6755890393
     6300.0133576318
     6415.1446126022
       6531.06013099
     6647.7506270075
     6765.2067527844
     6883.4190991164
     7002.3781962181
      7122.074514483
     7242.4984652457
     7363.6404015503
     7485.4906189233
     7608.0393561505
     7731.2767960597
     7855.1930663061
     7979.7782401638
      8105.022337321
     8230.9153246788
     8357.4471171555
     8484.6075784943
     8612.3865220752
     8740.7737117308
     8869.7588625666
     8999.3316417849
      9129.481669512
     9260.1985196302
     9391.4717206128
     9523.2907563628
     9655.6450670554
      9788.524049984
     9921.9170604093
     10055.813412412
      10190.20237975
     10325.073196714
     10460.415058996
     10596.217124548
     10732.468514456
     10869.158313808
     11006.275572569
     11143.809306461
     11281.748497839
     11420.082096575
     11558.799020944
     11697.888158511
     11837.338367022
     11977.138475295
     12117.277284115
     12257.743567135
     12398.526071768
     12539.613520095
     12680.994609767
     12822.658014907
     12964.592387022
     13106.786355909
     13249.228530565
     13391.907500104
     13534.811834666
     13677.930086337
     13821.250790062
     13964.762464567
     14108.453613276
     14252.312725233
     14396.328276026
     14540.488728705
     14684.782534715
      14829.19813481
     14973.723959988
     15118.348432414
     15263.059966349
     15407.846969074
     15552.697841826
     15697.600980719
     15842.544777681
     15987.517621377
     16132.507898146
     16277.503992926
     16422.494290186
     16567.467174859
     16712.411033269
     16857.314254063
     17002.165229142
     17146.952354587
     17291.664031594
     17436.288667401
     17580.814676216
     17725.230480142
     17869.524510114
     18013.685206814
     18157.701021608
     18301.560417461
      18445.25186987
     18588.763867782
     18732.084914516
     18875.203528688
     19018.108245128
     19160.787615796
     19303.230210707
     19445.424618836
     19587.359449042
     19729.023330973
     19870.404915983
     20011.492878037
     20152.275914618
     20292.742747639
     20432.882124334
     20572.682818175
     20712.133629757
     20851.223387706
     20989.940949568
     21128.275202701
     21266.215065171
     21403.749486635
     21540.867449226
     21677.557968439
     21813.810094007
     21949.612910783
      22084.95553961
     22219.827138195
     22354.216901975
     22488.114064988
     22621.507900729
     22754.387723013
     22886.742886831
     23018.562789201
      23149.83687002
     23280.554612906
     23410.705546047
     23540.279243032
     23669.265323692
     23797.653454929
     23925.433351546
     24052.594777068
     24179.127544564
     24305.021517462
     24430.266610364
     24554.852789849
      24678.77007528
     24802.008539604
     24924.558310146
     25046.409569398
     25167.552555812
     25287.977564574
     25407.674948386
     25526.635118238
     25644.848544176
     25762.305756067
     25878.997344353
     25994.913960811
     26110.046319299
     26224.385196496
     26337.921432649
     26450.645932299
     26562.549665016
     26673.623666117
     26783.859037388
     26893.246947795
     27001.778634189
     27109.445402016
     27216.238626004
     27322.149750859
     27427.170291951
     27531.291835989
       27634.5060417
     27736.804640495
      27838.17943713
     27938.622310364
     28038.125213612
      28136.68017558
     28234.279300917
     28330.914770837
     28426.578843748
     28521.263855873
     28614.962221865
     28707.666435408
     28799.369069828
     28890.062778678
     28979.740296331
     29068.394438563
     29156.018103124
     29242.604270309
     29328.146003519
     29412.636449816
     29496.068840472
     29578.436491511
     29659.732804241
     29739.951265783
     29819.085449594
     29897.129015978
     29974.075712592
     30049.919374948
     30124.653926902
     30198.273381143
     30270.771839667
     30342.143494247
     30412.382626901
     30481.483610339
     30549.440908416
     30616.249076571
     30681.902762258
     30746.396705368
      30809.72573865
     30871.884788111
     30932.868873422
     30992.673108305
     31051.292700915
     31108.722954211
     31164.959266325
     31219.997130906
      31273.83213747
     31326.459971732
     31377.876415923
       31428.0773491
     31477.058747445
     31524.816684542
     31571.347331642
     31616.646957914
      31660.71193067
     31703.538715568
     31745.123876792
     31785.464077197
     31824.556078413
     31862.396740908
     31898.983023989
     31934.311985731
     31968.380782813
     32001.186670233
     32032.727000868
     32062.999224815
     32092.000888462
     32119.729633155
     32146.183193329
     32171.359393868
     32195.256146364
     32217.871443736
     32239.203352431
      32259.25000089
     32278.009562161
     32295.480227085
     32311.660161774
     32326.547438021
     32340.139915051
     32352.435029465
     32363.429401356
     32373.118044095
     32381.492632621
     32388.537208275
     32394.215286916
     32398.453161269
     32401.881573862
     32406.834890403
