6.1
     2.9999056134277
     6.9995280507962
     10.998848412854
     14.997867628606
      18.99662586948
     22.996009194587
     27.006414667794
     31.089412237253
     35.414582138408
     40.188137287596
     45.519285194114
     51.428183086093
     57.906184245779
     64.941934053409
      72.52652312888
      80.65346352896
     89.317987969438
     98.516478664088
     108.24608141143
     118.50445340988
     129.28959759991
     140.59975201872
     152.43331444204
     164.78879005427
     177.66475444193
     191.05982698214
     204.97265141322
     219.40188145282
     234.34617001948
     249.80416106436
      265.7744833189
     282.25574546635
     299.24653238354
     316.74540219579
     334.75088395576
     353.26147580528
     372.27564351473
     391.79181931972
     411.80840099374
      432.3237511096
     453.33619645304
     474.84402755965
     496.84549835253
     519.33882586283
     542.32219001883
       565.793733492
     589.75156159087
     614.19374219523
     639.11830572446
     664.52324513492
     690.40651594262
     716.76603626721
     743.59968689505
     770.90531135847
     798.68071602972
     826.92367022767
     855.63190633586
     884.80311993091
     914.43496992013
     944.52507868758
      975.0710322477
     1006.0703804061
     1037.5206369266
     1069.4192797051
     1101.7637509476
     1134.5514573552
      1167.779770313
      1201.446026084
     1235.5475260075
     1270.0815367019
     1305.0452902714
     1340.4359845166
     1376.2507831494
     1412.4868160105
     1449.1411792919
     1486.2109357614
     1523.6931149912
     1561.5847135902
     1599.8826954379
     1638.5839919234
      1677.685502186
      1717.184093359
     1757.0766008174
      1797.359828427
     1838.0305487973
      1879.085503537
      1920.521403512
     1962.3349291064
     2004.5227304857
      2047.081427863
     2090.0076117676
     2133.2978433162
     2176.9486544864
      2220.956548393
     2265.3179995665
     2310.0294542339
     2355.0873306019
      2400.488019143
     2446.2278828831
     2492.3032576916
     2538.7104525741
      2585.445749967
     2632.5054060344
     2679.8856509671
     2727.5826892835
     2775.5927001335
     2823.9118376031
     2872.5362310222
      2921.461985274
     2970.6851811065
     3020.2018754453
     3070.0081017097
     3120.0998701293
     3170.4731680634
     3221.1239603219
     3272.0481894882
     3323.2417762433
      3374.700619693
     3426.4205976955
     3478.3975671909
     3530.6273645336
     3583.1058058249
     3635.8286872478
     3688.7917854037
     3741.9908576504
     3795.4216424416
     3849.0798596679
     3902.9612109995
     3957.0613802303
     4011.3760336236
     4065.9008202587
     4120.6313723794
     4175.5633057434
     4230.6922199737
     4286.0136989109
     4341.5233109664
     4397.2166094773
     4453.0891330631
     4509.1364059816
     4565.3539384887
      4621.737227197
     4678.2817554367
     4734.9829936172
       4791.83639959
     4848.8374190121
     4905.9814857109
       4963.26402205
     5020.6804392955
     5078.2261379835
      5135.896508289
      5193.686930394
     5251.5927748586
     5309.6094029909
     5367.7321672192
     5425.9564114636
     5484.2774715092
     5542.6906753799
      5601.191343712
     5659.7747901293
     5718.4363216187
     5777.1712389057
     5835.9748368306
      5894.842404726
     5953.7692267938
     6012.7505824825
      6071.781746866
     6130.8579910214
     6189.9745824086
     6249.1267852484
     6308.3098609022
     6367.5190682523
     6426.7496640803
     6485.9969034482
     6545.2560400778
     6604.5223267313
     6663.7910155912
     6723.0573586408
     6782.3166080446
     6841.5640165286
     6900.7948377601
     6960.0043267289
     7019.1877401263
      7078.340336726
      7137.457377763
      7196.534127314
     7255.5658526764
     7314.5478247473
     7373.4753184026
     7432.3436128755
     7491.1479921343
     7549.8837452609
     7608.5461668272
     7667.1305572732
     7725.6322232824
     7784.0464781583
     7842.3686422001
     7900.5940430768
     7958.7180162022
     8016.7359051086
      8074.643061819
     8132.4348472205
     8190.1066314351
      8247.653794191
     8305.0717251928
     8362.3558244907
     8419.5015028488
     8476.5041821129
     8533.3592955775
     8590.0622883511
     8646.6086177216
     8702.9937535198
     8759.2131784825
     8815.2623886146
     8871.1368935494
     8926.8322169082
     8982.3438966601
     9037.6674854775
     9092.7985510942
      9147.732676659
     9202.4654610907
     9256.9925194296
     9311.3094831892
     9365.4120007062
      9419.295737489
     9472.9563765647
     9526.3896188248
     9579.5911833698
     9632.5568078521
     9685.2822488167
      9737.763282042
     9789.9957028777
     9841.9753265806
     9893.6979886512
     9945.1595451667
     9996.3558731117
      10047.28287071
     10097.936457751
      10148.31257592
     10198.407189117
     10248.216283787
     10297.735869235
      10346.96197795
     10395.890665918
     10444.518012943
     10492.840122955
     10540.853124328
     10588.553170182
     10635.936438698
     10682.999133421
     10729.737483559
     10776.147744293
      10822.22619707
     10867.969149902
     10913.372937661
     10958.433922373
     11003.148493506
     11047.513068259
     11091.524091852
     11135.178037802
      11178.47140821
     11221.400734039
     11263.962575391
     11306.153521775
     11347.970192387
     11389.409236375
     11430.467333104
     11471.141192422
     11511.427554919
     11551.323192189
     11590.824907083
     11629.929533962
     11668.633938947
     11706.935020169
     11744.829708009
     11782.314965345
     11819.387787785
     11856.045203904
     11892.284275478
     11928.102097711
     11963.495799461
     11998.462543462
     12032.999526545
     12067.103979847
     12100.773169028
     12134.004394477
     12166.794991514
     12199.142330589
     12231.043817477
     12262.496893471
      12293.49903556
     12324.047756618
      12354.14060557
     12383.775167566
      12412.94906414
     12441.659953369
     12469.905530016
     12497.683525675
     12524.991708899
     12551.827885322
     12578.189897768
     12604.075626354
      12629.48298857
     12654.409939351
     12678.854471129
     12702.814613864
     12726.288435055
     12749.274039721
     12771.769570356
     12793.773206842
     12815.283166325
     12836.297703037
      12856.81510806
      12876.83370902
      12896.35186969
     12915.367989493
     12933.880502875
     12951.887878525
     12969.388618398
     12986.381256499
      13002.86435737
     13018.836514198
      13034.29634644
     13049.242496837
     13063.673627638
      13077.58841579
     13090.985546774
      13103.86370665
     13116.221571684
     13128.057794714
     13139.370987009
     13150.159693865
     13160.422361314
     13170.157290039
     13179.362570462
     13188.035989555
     13196.174893984
     13203.775983761
     13210.834991063
     13217.346160305
      13223.30136306
     13228.688486352
     13233.488200823
     13237.666450391
     13241.157577376
      13243.98376485
     13246.886416128
     13250.606134467
     13255.303108651
     13261.244301641
      13269.25589315
