19
     2.9990840194312
     6.9954185504958
     10.988817256503
     14.979276891013
     18.966794195592
     22.951365899745
     26.932988720836
     30.911659364018
     34.887374522154
     38.860130875744
     42.829925092849
     46.796753829011
     50.760613727177
     54.721501417621
     58.679413517866
     62.634346632598
     66.586297353595
     70.535262259638
     74.481237916433
     78.424220876525
     82.364207679222
     86.301194850503
     90.235178902934
     94.166156335588
     98.094123633955
     102.01907726985
     105.94101370134
     109.85992937264
     113.77582071402
     117.68868414174
     121.59851605794
     125.50531285054
     129.40907089316
     133.30978654504
     137.20745615091
     141.10207604093
     144.99364253057
     148.88215192052
     152.76760049661
     156.64998452967
     160.52930027548
     164.40554397463
     168.27871185242
      172.1488001188
     176.01580496823
     179.87972257956
     183.74054911596
     187.59828072481
     191.45291353758
      195.3044436697
     199.15286722051
     202.99818027309
     206.84037889419
     210.67945913408
     214.51541702648
      218.3482485884
     222.17794982005
     226.00451670473
      229.8279452087
     233.64823128104
     237.46537085357
      241.2793598407
     245.09019413932
     248.89786962868
     252.70238217023
     256.50372760756
     260.30190176618
     264.09690045349
     267.88871945858
     271.67735455212
     275.46280148624
     279.24505599437
     283.02411379112
     286.79997057211
     290.57262201363
     294.34206377169
     298.10829147729
     301.87130071535
     305.63108693209
     309.38764505505
     313.14096803926
      316.8910417007
     320.63782773802
     324.38121239054
      328.1208644512
     331.85587907519
     335.58397785267
     339.29994859608
     342.99325960931
     346.64659753628
     350.24307388897
     353.79451379446
     357.36901389496
     361.05133263072
     364.87717482764
     368.83638018311
     372.90651498834
     377.06869669993
     381.30966463214
     385.62032892918
     389.99428424322
     394.42681851854
     398.91430958088
     403.45386106833
     408.04307830513
     412.67992599439
     417.36263473178
     422.08963748983
     426.85952508096
     431.67101401628
      436.5229227043
     441.41415341761
     446.34367835111
     451.31052865032
     456.31378564112
     461.35257372173
     466.42605453153
     471.53342211539
     476.67389887479
     481.84673214876
     487.05119130413
     492.28656524238
     497.55216024983
     502.84729813348
     508.17131459641
     513.52355781507
     518.90338718831
     524.31017223296
      529.7432916055
     535.20213223237
     540.68608853479
     546.19456173584
     551.72695923931
     557.28269407198
     562.86118438157
     568.46185298389
     574.08412695376
     579.72743725498
     585.39121840481
     591.07490816978
      596.7779472892
     602.49977922388
     608.23984992737
     613.99760763769
     619.77250268748
     625.56398733096
      631.3715155861
     637.19454309056
     643.03252697044
     648.88492572036
     654.75119909416
     660.63080800529
     666.52321443594
     672.42788135433
      678.3442726395
     684.27185301275
     690.21008797571
     696.15844375385
     702.11638724561
     708.08338597633
     714.05890805673
     720.04242214569
     726.03339741675
     732.03130352835
     738.03561059723
       744.045789175
     750.06131022744
     756.08164511642
     762.10626558424
     768.13464374014
     774.16625204885
     780.20056332096
     786.23705070507
     792.27518768141
     798.31444805695
     804.35430596168
     810.39423584628
     816.43371248047
     822.47221095272
     828.50920667038
     834.54417536085
     840.57659307313
     846.60593618003
     852.63168138078
     858.65330570392
     864.67028651053
     870.68210149752
      876.6882287011
     882.68814650015
     888.68133361951
     894.66726913318
      900.6454324671
     906.61530340173
     912.57636207412
     918.52808897944
       924.469964972
     930.40147126546
     936.32208943231
     942.23130140249
     948.12858946099
     954.01343624433
     959.88532473603
     965.74373826053
     971.58816047598
     977.41807536529
     983.23296722566
      989.0323206563
     994.81562054429
     1000.5823520483
     1006.3320005802
     1012.0640517842
     1017.7779915136
     1023.4733058048
     1029.1494808483
     1034.8060029566
     1040.4423585289
     1046.0580340122
     1051.6525158585
     1057.2252904782
     1062.7758441884
     1068.3036631577
     1073.8082333449
     1079.2890404328
     1084.7455697564
     1090.1773062245
     1095.5837342352
     1100.9643375836
     1106.3185993624
      1111.646001854
     1116.9460264139
     1122.2181533441
      1127.461861757
     1132.6766294268
     1137.8619326305
     1143.0172459744
     1148.1420422074
     1153.2357920184
     1158.2979638171
     1163.3280234972
     1168.3254341789
      1173.289655931
     1178.2201454681
     1183.1163558233
     1187.9777359918
     1192.8037305442
     1197.5937792046
     1202.3473163925
     1207.0637707224
     1211.7425644572
     1216.3831129116
     1220.9848237979
     1225.5470965099
     1230.0693213354
     1234.5508785904
     1238.9911376649
     1243.3894559688
     1247.7451777658
     1252.0576328793
     1256.3261352536
     1260.5499813505
     1264.7284483555
     1268.8607921675
     1272.9462451362
     1276.9840135093
     1280.9732745389
     1284.9131731906
     1288.8028183836
     1292.6412786752
     1296.4275772824
     1300.1606863085
     1303.8395200053
     1307.4629268622
     1311.0296802492
     1314.5384672627
     1317.9878753169
     1321.3763758673
      1324.702304444
     1327.9638358637
     1331.1589530406
     1334.2854071374
     1337.3406657544
     1340.3218441813
     1343.2256119784
     1346.0480623869
     1348.7845234096
     1351.4292726649
     1353.9750831288
     1356.4124462504
       1358.72811591
     1360.9022409427
     1362.9060688846
     1364.7348915645
     1366.5204193533
     1368.4501763408
     1370.5655916278
     1372.8403325769
      1375.251943776
     1377.7861770914
     1380.4335204358
     1383.1872642758
     1386.0425109087
     1388.9956181914
     1392.0438617512
     1395.1852176335
      1398.418216256
     1401.7418410411
     1405.1554563747
     1408.6587555998
     1412.2517231921
     1415.9346073134
     1419.7079002049
     1423.5723247043
     1427.5288257071
     1431.5785657702
     1435.7229243224
     1439.9635001412
     1444.3021169154
     1448.7408318341
     1453.2819472622
      1457.928025664
     1462.6819080492
     1467.5467363285
     1472.5259801048
     1477.6234685786
     1482.8434284441
       1488.19052889
     1493.6699351303
      1499.287372286
     1505.0492019671
     1510.9625145999
     1517.0352414924
     1523.2762919267
     1529.6957223715
     1536.3049474646
     1543.1170060978
      1550.146901347
     1557.4120411254
      1564.932818955
     1572.7333940739
     1580.8427624793
     1589.2962653793
     1598.1377785275
     1607.4230061938
      1617.224659355
     1627.6410537563
     1638.8114266119
      1650.945913897
     1664.3925918033
     1679.8219518244
     1698.9738260059
