5.1
      2.999934026778
     6.9996711469271
     10.999287474429
     15.001589900809
     19.041745168321
     23.291119518093
     28.063636248649
     33.577169173779
     39.887343748831
     46.990277300146
     54.874836517851
     63.532363890667
     72.956830343502
     83.143961050907
     94.090571859249
     105.79415245284
     118.25261085068
     131.46411474693
     145.42699072059
     160.13965862688
     175.60058788076
      191.8082676944
     208.76118641638
     226.45781693658
     244.89660621398
     264.07596765818
     283.99427551967
     304.64986071536
     326.04100769498
     348.16595207172
      371.0228788213
     394.60992090876
     418.92515824028
     443.96661686501
     469.73226837082
     496.22002943196
     523.42776147696
     551.35327045237
     579.99430666378
     609.34856467953
     639.41368328587
     670.18724548454
     701.66677852597
     733.84975397218
      766.7335877851
     800.31564043656
     834.59321703718
     869.56356748155
     905.22388660794
     941.57131437072
     978.60293602448
     1016.3157823184
     1054.7068297001
     1093.7730005284
     1133.5111632938
     1173.9181328469
     1214.9906706335
     1256.7254849365
     1299.1192311243
     1342.1685119049
     1385.8698775857
     1430.2198263397
     1475.2148044757
     1520.8512067149
     1567.1253764717
     1614.0336061403
     1661.5721373848
     1709.7371614353
     1758.5248193879
     1807.9312025093
     1857.9523525457
     1908.5842620365
     1959.8228746318
     2011.6640854142
     2064.1037412253
     2117.1376409954
     2170.7615360779
     2224.9711305878
     2279.7620817437
     2335.1300002138
     2391.0704504662
     2447.5789511225
     2504.6509753156
     2562.2819510509
     2620.4672615716
     2679.2022457272
     2738.4821983461
     2798.3023706116
     2858.6579704413
     2919.5441628703
     2980.9560704378
      3042.888773577
     3105.3373110088
     3168.2966801382
      3231.761837455
     3295.7276989369
     3360.1891404564
     3425.1409981911
     3490.5780690362
     3556.4951110217
     3622.8868437314
     3689.7479487258
     3757.0730699678
     3824.8568142511
     3893.0937516325
     3961.7784158658
     4030.9053048405
      4100.468881021
      4170.463571891
     4240.8837703992
     4311.7238354083
     4382.9780921465
     4454.6408326625
     4526.7063162817
     4599.1687700665
     4672.0223892783
     4745.2613378424
     4818.8797488154
     4892.8717248549
      4967.231338692
     5041.9526336057
     5117.0296238999
     5192.4562953831
     5268.2266058501
      5344.334485565
     5420.7738377486
     5497.5385390657
     5574.6224401161
     5652.0193659267
     5729.7231164462
     5807.7274670419
     5886.0261689978
     5964.6129500156
     6043.4815147165
     6122.6255451457
     6202.0387012789
     6281.7146215289
     6361.6469232565
      6441.829203281
     6522.2550383926
     6602.9179858682
     6683.8115839863
      6764.929352545
     6846.2647933809
     6927.8113908898
     7009.5626125488
     7091.5119094387
     7173.6527167691
      7255.978454405
     7338.4825273922
     7421.1583264869
     7503.9992286849
     7586.9985977514
     7670.1497847532
     7753.4461285914
     7836.8809565345
     7920.4475847532
     8004.1393188558
      8087.949454424
     8171.8712775507
     8255.8980653773
     8340.0230866322
     8424.2396021703
     8508.5408655126
     8592.9201233867
     8677.3706162676
     8761.8855789199
     8846.4582409384
      8931.081827292
      9015.749558865
     9100.4546530011
     9185.1903240464
     9269.9497838928
     9354.7262425223
     9439.5129085505
     9524.3029897705
     9609.0896936977
     9693.8662281129
     9778.6258016076
     9863.3616241268
     9948.0669075143
     10032.734866055
      10117.35871702
     10201.931681208
     10286.446983492
     10370.897853357
     10455.277525446
     10539.579240102
     10623.796243906
     10707.921790224
     10791.949139741
     10875.871561005
     10959.682330966
     11043.374735513
     11126.942070011
     11210.377639843
     11293.674760941
     11376.826760322
     11459.826976628
     11542.668760653
     11625.345475879
     11707.850499007
     11790.177220488
     11872.319045051
     11954.269392235
     12036.021696912
     12117.569409815
     12198.905998061
     12280.024945678
     12360.919754123
     12441.583942806
     12522.011049606
     12602.194631391
     12682.128264532
     12761.805545421
      12841.22009098
     12920.365539177
      12999.23554953
     13077.823803619
     13156.124005593
     13234.129882669
     13311.835185642
     13389.233689378
     13466.319193319
     13543.085521975
     13619.526525423
     13695.636079796
     13771.408087775
     13846.836479078
     13921.915210946
     13996.638268626
     14070.999665854
     14144.993445336
      14218.61367922
     14291.854469577
      14364.70994887
     14437.174280425
     14509.241658896
     14580.906310737
     14652.162494654
     14723.004502075
     14793.426657602
     14863.423319466
     14932.988879977
      15002.11776598
     15070.804439293
     15139.043397157
     15206.829172671
     15274.156335236
     15341.019490985
     15407.413283218
     15473.332392826
     15538.771538726
     15603.725478273
     15668.189007689
     15732.156962473
     15795.624217818
     15858.585689021
     15921.036331887
     15982.971143138
     16044.385160808
     16105.273464643
     16165.631176493
     16225.453460705
     16284.735524507
     16343.472618391
     16401.660036496
     16459.293116981
     16516.367242398
     16572.877840063
     16628.820382418
     16684.190387397
     16738.983418779
     16793.195086544
     16846.821047225
     16899.857004251
     16952.298708292
     17004.141957595
      17055.38259832
     17106.016524871
      17156.03968022
      17205.44805623
     17254.237693974
     17302.404684044
     17349.945166868
     17396.855333008
     17443.131423459
     17488.769729954
     17533.766595243
     17578.118413387
     17621.821630036
     17664.872742706
     17707.268301049
     17749.004907119
     17790.079215631
     17830.487934217
      17870.22782367
     17909.295698191
     17947.688425619
     17985.402927663
     18022.436180118
     18058.785213081
      18094.44711115
     18129.419013624
     18163.698114681
     18197.281663552
     18230.166964682
     18262.351377869
       18293.8323184
     18324.607257156
       18354.6737207
     18384.029291342
     18412.671607174
     18440.598362068
     18467.807305633
     18494.296243125
     18520.063035297
     18545.105598169
     18569.421902713
     18593.009974425
     18615.867892749
      18637.99379033
     18659.385852026
     18680.042313634
     18699.961460227
     18719.141623984
     18737.581181346
      18755.27854928
     18772.232180303
     18788.440555836
      18803.90217719
     18818.615553243
     18832.579183311
      18845.79153302
     18858.250999689
      18869.95586171
     18880.904202846
     18891.093796085
     18900.521920034
     18909.185058187
     18917.078384598
     18924.194835049
     18930.523304291
     18936.044769149
      18940.72251343
     18944.481788239
     18947.479093463
     18950.900286547
     18955.634331189
     18962.388250721
