12
     2.9996346951785
     6.9981732301676
     10.995542045706
       14.9917406278
     18.986768461705
     22.980625031917
     26.973309822178
     30.964822315471
     34.955161994016
     38.944328339271
     42.932320831932
     46.919138951926
     50.904782178411
      54.88924998978
     58.872541863647
     62.854657276857
     66.835595705476
     70.815356624797
     74.793939509328
       78.7713438328
     82.747569068156
     86.722614687561
     90.696480162414
     94.669164963742
     98.640668567001
     102.61099050401
     106.58013084196
     110.54809393983
     114.51491326154
     118.48078743168
     122.44668434315
     126.41641781319
     130.40170915389
     134.42928672718
     138.54200925488
     142.78618384947
     147.19448370603
     151.78062858583
     156.54528685759
     161.48342227443
     166.58859928357
     171.85471693014
     177.27648816588
     182.84945268157
     188.56985659924
     194.43451622381
     200.44069981587
     206.58603302983
      212.8684253459
     219.28601320442
     225.83711592387
     232.52020128609
     239.33385843046
      246.2767763041
     253.34772636912
     260.54554860204
     267.86914006287
     275.31744548904
     282.88944949908
     290.58417008709
     298.40065316082
     306.33796792961
     314.39520298958
     322.57146298473
     330.86586574642
     339.27753983291
     347.80562240497
     356.44925738548
     365.20759386013
     374.07978468353
     383.06498526156
     392.16235248487
     401.37104379324
       410.690216353
     420.11902633295
     429.65662826599
     439.30217448605
     449.05481463069
      458.9136952019
     468.87795917797
     478.94674567068
     489.11918962272
     499.39442154077
     509.77156726047
     520.24974773986
     530.82807887823
     541.50567135796
     552.28163050674
     563.15505617851
     574.12504265096
     585.19067853821
     596.35104671725
     607.60522426676
     618.95228241727
     630.39128651162
     641.92129597485
      653.5413642927
     665.25053899797
     677.04786166414
     688.93236790554
     700.90308738381
      712.9590438198
     725.09925501079
     737.32273285248
     749.62848336546
      762.0155067257
     774.48279729907
      787.0293436792
     799.65412872882
     812.35612962416
     825.13431790219
     837.98765951055
     850.91511486018
     863.91563888003
     876.98818107435
     890.13168558168
     903.34509123615
     916.62733163045
     929.97733518063
     943.39402519244
     956.87631992937
     970.42313268209
     984.03337183925
     997.70594095978
     1011.4397388462
     1025.2336596193
     1039.0865927938
     1052.9974233555
     1066.9650318388
     1080.9882944058
     1095.0660829258
     1109.1972650564
     1123.3807043247
     1137.6152602097
     1151.8997882255
     1166.2331400052
     1180.6141633854
     1195.0417024913
     1209.5145978228
     1224.0316863412
     1238.5918015557
     1253.1937736118
     1267.8364293792
     1282.5185925403
     1297.2390836801
     1311.9967203754
      1326.790317285
     1341.6186862408
     1356.4806363385
     1371.3749740288
     1386.3005032099
     1401.2560253192
     1416.2403394261
     1431.2522423246
     1446.2905286267
     1461.3539908562
     1476.4414195418
     1491.5516033116
     1506.6833289875
     1521.8353816795
     1537.0065448806
     1552.1956005617
     1567.4013292671
     1582.6225102094
     1597.8579213656
     1613.1063395723
     1628.3665406222
     1643.6372993596
     1658.9173897765
     1674.2055851093
      1689.500657935
     1704.8013802673
     1720.1065236536
     1735.4148592713
     1750.7251580245
     1766.0361906406
     1781.3467277674
     1796.6555400693
     1811.9613983243
     1827.2630735208
     1842.5593369542
     1857.8489603237
     1873.1307158288
     1888.4033762661
     1903.6657151254
      1918.916506687
     1934.1545261173
     1949.3785495652
     1964.5873542589
     1979.7797186011
     1994.9544222655
     2010.1102462923
     2025.2459731841
      2040.360387001
     2055.4522734561
     2070.5204200105
     2085.5636159683
     2100.5806525711
     2115.5703230924
     2130.5314229317
     2145.4627497088
     2160.3631033571
      2175.231286217
     2190.0661031287
     2204.8663615256
      2219.630871526
     2234.3584460256
     2249.0479007886
       2263.69805454
     2278.3077290554
     2292.8757492523
     2307.4009432795
     2321.8821426073
     2336.3181821164
     2350.7079001861
     2365.0501387833
     2379.3437435494
     2393.5875638875
     2407.7804530491
     2421.9212682196
     2436.0088706039
     2450.0421255106
     2464.0199024363
     2477.9410751483
     2491.8045217677
     2505.6091248504
     2519.3537714683
     2533.0373532894
     2546.6587666568
     2560.2169126668
     2573.7106972466
       2587.13903123
      2600.500830433
     2613.7950157278
     2627.0205131158
     2640.1762537989
     2653.2611742507
      2666.274216285
     2679.2143271239
     2692.0804594636
     2704.8715715395
     2717.5866271889
     2730.2245959124
     2742.7844529333
     2755.2651792552
     2767.6657617171
     2779.9851930472
     2792.2224719131
     2804.3766029708
     2816.4465969105
     2828.4314704995
     2840.3302466221
      2852.141954317
     2863.8656288105
     2875.5003115463
      2887.045050212
     2898.4988987603
     2909.8609174268
     2921.1301727428
     2932.3057375419
     2943.3866909626
     2954.3721184436
     2965.2611117136
     2976.0527687731
      2986.746193869
     2997.3404974614
     3007.8347961804
     3018.2282127743
     3028.5198760458
     3038.7089207778
     3048.7944876456
     3058.7757231159
     3068.6517793296
     3078.4218139692
     3088.0849901063
       3097.64047603
     3107.0874450523
     3116.4250752891
     3125.6525494139
     3134.7690543807
     3143.7737811138
     3152.6659241602
     3161.4446812998
     3170.1092531093
     3178.6588424739
     3187.0926540404
     3195.4098936048
     3203.6097674254
     3211.6914814528
     3219.6542404644
     3227.4972470925
     3235.2197007294
     3242.8207962927
     3250.2997228319
     3257.6556619506
      3264.887786018
     3271.9952561356
     3278.9772198209
     3285.8328083604
     3292.5611337766
       3299.16128534
     3305.6323255453
     3311.9732854496
     3318.1831592509
     3324.2608979508
     3330.2054019134
     3336.0155120756
     3341.6899995044
     3347.2275529049
     3352.6267635668
     3357.8861070722
     3363.0039208651
     3367.9783764559
      3372.807444577
     3377.4888509131
     3382.0200189945
      3386.397995221
     3390.6193483742
     3394.6800316196
     3398.5751873744
     3402.2988613606
      3405.843564464
     3409.1995617252
     3412.3536262842
     3415.2866096438
     3417.9682143068
     3420.3531909825
      3422.471622345
     3424.6350651426
     3427.1021910378
     3429.8736709286
     3432.9131016884
     3436.2008833401
      3439.728094348
      3443.492276061
     3447.4956235809
     3451.7442333389
     3456.2479118011
     3461.0203715492
     3466.0797807848
      3471.449723089
     3477.1607205808
     3483.2526207719
     3489.7784202691
      3496.810667394
     3504.4529044839
     3512.8620751538
     3522.2985967259
     3533.2639317156
     3547.0564730338
