6.6
     2.9998895054302
     6.9994475046809
     10.998651853352
     14.997502510922
     18.995999842297
     22.994158635481
     26.992292000536
      30.99428967946
     35.027412823863
      39.19106003072
     43.659748534766
     48.575882395956
     53.991070203417
     59.906386624912
     66.310882993163
     73.194107921209
     80.548058274503
     88.366798633375
     96.645858042744
     105.38176678908
     114.57173978549
     124.21346447753
       134.304957733
     144.84446774467
     155.83040557468
     167.26129653292
     179.13574506567
     191.45240901094
     204.20998045806
     217.40717133695
     231.04270244413
     245.11529499938
     259.62366408902
     274.56651353171
     289.94253182814
     305.75038894489
     321.98873374591
     338.65619193141
     355.75136437728
     373.27282579306
     391.21912363548
     409.58877722778
     428.38027704648
     447.59208414486
     467.22262968873
     487.27031458532
      507.7335091894
     528.61055307398
     549.89975485555
     571.59939206517
     593.70771105866
      616.2229269602
     639.14322363457
     662.46675368418
     686.19163846759
     710.31596813674
     734.83780169076
      759.7551670441
     785.06606110773
     810.76844988163
     836.86026855765
     863.33942163165
      890.2037830239
      917.4511962072
       945.079474342
     973.08640041783
     1001.4697274007
     1030.2271783861
      1059.356446757
     1088.8551963464
     1118.7210616052
     1148.9516477736
     1179.5445310564
      1210.497258803
     1241.8073496903
     1273.4722939095
     1305.4895533558
     1337.8565618221
     1370.5707251951
      1403.629421655
     1437.0300018774
     1470.7697892389
     1504.8460800249
     1539.2561436403
     1573.9972228227
     1609.0665338583
     1644.4612668004
     1680.1785856898
     1716.2156287784
     1752.5695087548
     1789.2373129718
     1826.2161036771
     1863.5029182454
     1901.0947694128
     1938.9886455143
     1977.1815107219
      2015.670305286
     2054.4519457784
     2093.5233253374
     2132.8813139149
     2172.5227585254
     2212.4444834969
     2252.6432907241
     2293.1159599232
     2333.8592488881
     2374.8698937494
     2416.1446092344
     2457.6800889296
     2499.4730055441
     2541.5200111751
     2583.8177375758
     2626.3627964237
     2669.1517795916
     2712.1812594195
     2755.4477889891
     2798.9479023982
     2842.6781150387
     2886.6349238745
     2930.8148077216
       2975.21422753
     3019.8296266661
     3064.6574311973
     3109.6940501781
     3154.9358759368
     3200.3792843645
     3246.0206352045
     3291.8562723442
     3337.8825241068
     3384.0957035456
     3430.4921087387
     3477.0680230854
     3523.8197156036
     3570.7434412281
     3617.8354411106
     3665.0919429204
     3712.5091611462
     3760.0832973994
     3807.8105407177
     3855.6870678705
     3903.7090436648
     3951.8726212521
     4000.1739424364
     4048.6091379832
     4097.1743279291
     4145.8656218924
     4194.6791193848
     4243.6109101232
     4292.6570743434
     4341.8136831133
     4391.0767986481
     4440.4424746249
     4489.9067564994
      4539.465681822
     4589.1152805555
     4638.8515753926
     4688.6705820747
     4738.5683097106
     4788.5407610968
     4838.5839330365
     4888.6938166613
     4938.8663977515
     4989.0976570579
     5039.3835706235
     5089.7201101059
     5140.1032430999
     5190.5289334602
     5240.9931416254
     5291.4918249403
     5342.0209379809
     5392.5764328775
     5443.1542596396
     5493.7503664799
     5544.3607001387
     5594.9812062088
       5645.60782946
     5696.2365141646
     5746.8632044212
     5797.4838444802
     5848.0943790686
     5898.6907537147
     5949.2689150732
     5999.8248112493
     6050.3543921235
     6100.8536096763
     6151.3184183121
     6201.7447751836
     6252.1286405149
     6302.4659779262
     6352.7527547563
     6402.9849423857
     6453.1585165598
     6503.2694577105
     6553.3137512791
     6603.2873880373
      6653.186364408
      6703.006682787
     6752.7443518623
     6802.3953869345
     6851.9558102354
     6901.4216512471
     6950.7889470198
     7000.0537424893
     7049.2120907939
     7098.2600535906
     7147.1937013702
     7196.0091137722
     7244.7023798996
     7293.2695986308
     7341.7068789332
     7390.0103401742
     7438.1761124327
     7486.2003368081
     7534.0791657303
     7581.8087632676
     7629.3853054335
     7676.8049804937
     7724.0639892708
     7771.1585454488
     7818.0848758764
     7864.8392208689
     7911.4178345098
     7957.8169849501
     8004.0329547079
      8050.062040965
     8095.9005558649
     8141.5448268067
     8186.9911967397
     8232.2360244567
      8277.275684884
     8322.1065693737
     8366.7250859906
     8411.1276598009
      8455.310733158
     8499.2707659869
     8543.0042360683
     8586.5076393194
     8629.7774900751
     8672.8103213662
     8715.6026851973
     8758.1511528223
     8800.4523150184
     8842.5027823591
     8884.2991854847
     8925.8381753727
     8967.1164236032
     9008.1306226274
     9048.8774860303
     9089.3537487935
     9129.5561675556
     9169.4815208722
     9209.1266094713
     9248.4882565097
     9287.5633078258
     9326.3486321913
     9364.8411215601
     9403.0376913168
     9440.9352805207
     9478.5308521509
     9515.8213933465
     9552.8039156464
     9589.4754552265
     9625.8330731347
     9661.8738555236
     9697.5949138813
     9732.9933852597
     9768.0664325004
     9802.8112444589
     9837.2250362248
     9871.3050493417
     9905.0485520236
     9938.4528393676
     9971.5152335663
     10004.233084115
      10036.60376802
     10068.624689998
     10100.293282679
     10131.607006801
     10162.563351407
     10193.159834035
     10223.394000901
     10253.263427091
     10282.765716734
     10311.898503182
     10340.659449186
     10369.046247057
     10397.056618838
     10424.688316458
     10451.939121889
     10478.806847296
     10505.289335181
     10531.384458518
     10557.090120888
     10582.404256597
     10607.324830801
     10631.849839605
     10655.977310165
     10679.705300776
     10703.031900944
     10725.955231454
     10748.473444413
     10770.584723282
     10792.287282891
     10813.579369423
     10834.459260385
      10854.92526454
      10874.97572181
     10894.609003141
     10913.823510318
     10932.617675729
     10950.989962067
     10968.938861947
     10986.462897445
     11003.560619518
     11020.230607294
     11036.471467209
     11052.281831936
     11067.660359083
     11082.605729595
      11097.11664578
      11111.19182888
     11124.830016056
     11138.029956638
     11150.790407425
     11163.110126775
     11174.987867098
     11186.422365271
      11197.41233029
     11207.956427195
     11218.053255962
     11227.701323425
     11236.899005481
     11245.644495446
     11253.935732331
      11261.77029935
     11269.145277074
     11276.057025394
     11282.500849339
      11288.47046625
     11293.957111876
     11298.947933871
     11303.422805277
     11307.346991005
     11310.655849052
     11313.373455826
     11316.165363086
     11319.667586095
     11323.975612873
     11329.207105422
     11335.677252663
     11344.268131921
