6.3
     2.9998993224524
     6.9994965936132
     10.998771641564
     14.997724567391
     18.996362338849
     22.994875315751
      26.99615103707
     31.023952696757
      35.17666084217
      39.64386691887
     44.589753505659
     50.076182467716
     56.106082661918
     62.668438832323
     69.752678558063
     77.350803598774
     85.456951206211
      94.06674388023
       103.176802995
     112.78442247586
     122.88735341874
     133.48366058321
     144.57162511314
     156.14967733364
     168.21634946032
     180.77024174286
     193.80999784081
     207.33428665572
     221.34178875177
     235.83118608637
     250.80115416183
     266.25035597006
     282.17743728131
     298.58102295099
     315.45971400576
     332.81208533167
     350.63668383154
     368.93202695118
      387.6966014978
     406.92886269157
      426.6272334048
     446.79010355267
     467.41582960771
     488.50273421561
     510.04910589466
     532.05319880457
     554.51323257337
     577.42739217284
     600.79382783523
      624.6106550048
     648.87595431932
     673.58777161724
     698.74411796696
     724.34296971558
     750.38226855438
      776.8599215992
     803.77380148407
     831.12174646634
     858.90156054247
      887.1110135732
     915.74784141721
     944.80974607261
     974.29439582559
     1004.1994254056
     1034.5224361464
     1065.2609961535
     1096.4126404756
     1127.9748712824
      1159.945158046
     1192.3209377273
     1225.0996149665
     1258.2785622775
     1291.8551202463
     1325.8265977328
     1360.1902720768
     1394.9433893064
     1430.0831643512
     1465.6067812566
     1501.5113934037
     1537.7941237302
     1574.4520649556
     1611.4822798083
     1648.8818012565
     1686.6476327412
     1724.7767484118
     1763.2660933654
     1802.1125838875
     1841.3131076957
     1880.8645241865
     1920.7636646838
       1961.00733269
     2001.5923041402
     2042.5153276576
     2083.7731248125
     2125.3623903826
     2167.2797926161
      2209.521973497
     2252.0855490125
     2294.9671094225
     2338.1632195316
     2381.6704189628
     2425.4852224337
     2469.6041200342
     2514.0235775071
       2558.74003653
      2603.749914999
     2649.0496073157
     2694.6354846743
     2740.5038953519
     2786.6511650002
     2833.0735969394
     2879.7674724531
     2926.7290510862
     2973.9545709434
     3021.4402489903
     3069.1822813559
     3117.1768436365
      3165.420091202
     3213.9081595031
     3262.6371643806
     3311.6032023761
      3360.802351044
     3410.2306692659
     3459.8841975654
     3509.7589584254
     3559.8509566058
     3610.1561794638
     3660.6705972747
     3711.3901635546
     3762.3108153842
     3813.4284737337
       3864.73904379
     3916.2384152836
     3967.9224628183
     4019.7870462014
     4071.8280107745
     4124.0411877469
     4176.4223945288
     4228.9674350666
     4281.6721001783
     4334.5321678909
     4387.5434037783
     4440.7015613006
     4494.0023821437
     4547.4415965604
     4601.0149237126
     4654.7180720136
      4708.546739472
     4762.4966140362
     4816.5633739399
     4870.7426880475
     4925.0302162017
     4979.4216095709
     5033.9125109968
     5088.4985553443
     5143.1753698505
      5197.938574475
     5252.7837822508
     5307.7065996354
     5362.7026268631
     5417.7674582966
     5472.8966827812
     5528.0858839963
     5583.3306408106
     5638.6265276357
       5693.96911478
     5749.3539688047
     5804.7766528778
     5860.2327271299
     5915.7177490099
     5971.2272736406
      6026.756854175
     6082.3020421523
      6137.858387854
      6193.421440661
     6248.9867494094
     6304.5498627473
     6360.1063294915
     6415.6516989839
     6471.1815214479
      6526.691348345
     6582.1767327311
     6637.6332296127
     6693.0563963031
     6748.4417927781
     6803.7849820315
     6859.0815304311
     6914.3270080733
     6969.5169891381
     7024.6470522438
     7079.7127808012
     7134.7097633668
     7189.6335939975
     7244.4798726019
     7299.2442052938
     7353.9222047442
     7408.5094905325
     7463.0016894969
     7517.3944360861
     7571.6833727073
     7625.8641500767
     7679.9324275673
     7733.8838735563
      7787.714165773
     7841.4189916439
     7894.9940486391
     7948.4350446167
     8001.7376981662
     8054.8977389523
     8107.9109080559
     8160.7729583163
     8213.4796546706
     8266.0267744939
     8318.4101079363
     8370.6254582608
       8422.66864218
     8474.5354901898
      8526.221846905
     8577.7235713906
     8629.0365374946
     8680.1566341778
     8731.0797658438
     8781.8018526656
     8832.3188309144
     8882.6266532832
     8932.7212892121
     8982.5987252104
     9032.2549651781
     9081.6860307268
     9130.8879614965
     9179.8568154746
     9228.5886693102
     9277.0796186286
     9325.3257783444
     9373.3232829716
     9421.0682869336
     9468.5569648712
      9515.785511948
      9562.750144156
     9609.4470986172
     9655.8726338855
     9702.0230302462
     9747.8945900127
     9793.4836378232
     9838.7865209342
     9883.7996095123
     9928.5192969251
     9972.9420000294
     10017.064159457
       10060.8822399
     10104.392730393
     10147.592144592
     10190.477021056
     10233.043923519
     10275.289441171
     10317.210188921
     10358.802807675
       10400.0639646
     10440.990353389
     10481.578694528
     10521.825735551
     10561.728251305
     10601.283044204
     10640.486944481
     10679.336810443
     10717.829528718
     10755.962014502
     10793.731211803
     10831.134093685
     10868.167662503
     10904.828950142
     10941.115018252
     10977.022958472
     11012.549892669
     11047.692973151
       11082.4493829
     11116.816335784
     11150.791076774
     11184.370882161
     11217.553059761
     11250.334949124
     11282.713921733
     11314.687381208
     11346.252763498
     11377.407537072
     11408.149203109
     11438.475295676
      11468.38338191
     11497.871062193
     11526.935970312
     11555.575773633
     11583.788173249
     11611.570904134
     11638.921735287
     11665.838469869
     11692.318945326
     11718.361033517
     11743.962640816
     11769.121708214
     11793.836211404
     11818.104160856
      11841.92360187
     11865.292614618
     11888.209314164
     11910.671850458
     11932.678408306
     11954.227207312
     11975.316501775
     11995.944580554
     12016.109766873
     12035.810418076
     12055.044925305
     12073.811713092
     12092.109238857
      12109.93599227
     12127.290494468
     12144.171297089
     12160.576981065
     12176.506155141
     12191.957454026
     12206.929536103
     12221.421080556
     12235.430783771
     12248.957354793
     12261.999509548
     12274.555963454
     12286.625421889
      12298.20656778
      12309.29804529
     12319.898438134
       12330.0062404
     12339.619816741
     12348.737347215
     12357.356749506
     12365.475566995
     12373.090803831
     12380.198674982
     12386.794214192
     12392.870631971
     12398.418203325
     12403.422185554
     12407.858447861
     12411.682719507
     12414.823611559
     12417.509840604
     12420.631253358
     12424.598421285
     12429.516147992
     12435.673326168
     12443.919904725
