15
     2.9994291689644
     6.9971452445689
     10.993032842774
     14.987090706383
     18.979317575316
     22.969712186596
     26.958273274339
     30.944999569743
     34.929889801077
      38.91294269367
     42.894156969899
     46.873531349177
     50.851064547945
     54.826755279658
     58.800602254771
     62.772604180735
     66.742759761977
     70.711067699892
     74.677526692836
     78.642135436105
     82.604892621928
     86.565796939457
     90.524847074752
     94.482041710767
     98.437379527349
     102.39085920121
     106.34247940592
      110.2922388119
     114.24013608642
     118.18616989355
     122.13033889419
     126.07264174602
     130.01307710352
     133.95164361794
     137.88833993728
     141.82316470631
     145.75611656651
     149.68719415609
     153.61639610997
     157.54372105977
     161.46916763379
     165.39273445712
     169.31442015238
     173.23422334581
     177.15214270924
     181.06817722219
     184.98232763806
     188.89460379304
       192.805056785
       196.713902478
      200.6219261808
       204.531575012
      208.4492319561
     212.38837530185
     216.37117352344
     220.42503459987
     224.57475024771
     228.83621087131
     233.21570982191
     237.71299123281
     242.32460566514
     247.04607027228
     251.87291074687
     256.80105247207
     261.82691035531
     266.94736130714
     272.15968116572
     277.46147827446
     282.85063455176
     288.32525643971
     293.88363511217
     299.52421447748
     305.24556546295
     311.04636527182
     316.92538055472
     322.88145366446
     328.91349134978
      335.0204553893
     341.20135477956
     347.45523917647
     353.78119335518
     360.17833250291
     366.64579819791
     373.18275495726
     379.78838725904
     386.46189696254
     393.20250106439
     400.00942973942
     406.88192462433
     413.81923730927
     420.82062800818
     427.88536438363
     435.01272050556
     442.20197592665
     449.45241485943
     456.76332544279
     464.13399908683
     471.56372988706
     479.05181409972
     486.59754967153
     494.20023581761
     501.85917264262
     509.57366080025
     517.34300118731
     525.16649466862
     533.04344183002
     540.97314275616
     548.95489683125
     556.98800256017
     565.07175740826
     573.20545765803
      581.3883982812
     589.61987282476
     597.89917330989
     606.22559014248
     614.59841203439
     623.01692593457
     631.48041696909
     639.98816838952
     648.53946152894
     657.13357576493
     665.76978848903
     674.44737508222
     683.16560889599
     691.92376123837
     700.72110136487
     709.55689647379
     718.43041170553
     727.34091014584
     736.28765283253
     745.26989876548
     754.28690491972
     763.33792626143
     772.42221576659
     781.53902444209
     790.68760134919
     799.86719362925
     809.07704653142
     818.31640344226
     827.58450591719
     836.88059371365
     846.20390482578
      855.5536755206
     864.92914037568
     874.32953231793
      883.7540826639
     893.20202116092
     902.67257602965
     912.16497400739
      921.6784403925
     931.21219908975
     940.76547265633
     950.33748234898
     959.92744817158
     969.53458892357
      979.1581222491
     988.79726468664
     998.45123171937
      1008.119237826
     1017.8004965319
     1027.4942204616
     1037.1996213901
     1046.9159102964
     1056.6422974161
     1066.3779922954
     1076.1222038442
     1085.8741403906
     1095.6330097353
     1105.3980192061
     1115.1683757128
     1124.9432858023
     1134.7219557141
     1144.5035914352
     1154.2873987562
     1164.0725833268
     1173.8583507118
     1183.6439064464
     1193.4284560932
     1203.2112052973
     1212.9913598428
     1222.7681257087
     1232.5407091249
     1242.3083166286
     1252.0701551197
      1261.825431917
      1271.573354814
     1281.3131321346
     1291.0439727887
     1300.7650863275
     1310.4756829988
     1320.1749738023
     1329.8621705444
     1339.5364858924
     1349.1971334298
     1358.8433277096
     1368.4742843087
     1378.0892198812
     1387.6873522116
     1397.2679002678
     1406.8300842535
     1416.3731256602
      1425.896247319
     1435.3986734514
     1444.8796297205
     1454.3383432807
     1463.7740428273
     1473.1859586461
      1482.573322661
     1491.9353684823
     1501.2713314534
     1510.5804486976
      1519.861959163
      1529.115103668
     1538.3391249445
     1547.5332676813
      1556.696778566
     1565.8289063261
      1574.928901769
     1583.9960178205
      1593.029509563
     1602.0286342716
     1610.9926514491
     1619.9208228601
     1628.8124125628
     1637.6666869397
     1646.4829147271
     1655.2603670418
     1663.9983174068
     1672.6960417746
      1681.352818549
     1689.9679286038
     1698.5406552998
     1707.0702844994
      1715.556104578
     1723.9974064333
     1732.3934834908
      1740.743631707
     1749.0471495687
     1757.3033380886
     1765.5115007974
     1773.6709437316
     1781.7809754171
     1789.8409068475
     1797.8500514585
     1805.8077250954
     1813.7132459765
     1821.5659346487
     1829.3651139377
     1837.1101088901
     1844.8002467086
     1852.4348566781
     1860.0132700833
     1867.5348201165
     1874.9988417752
     1882.4046717474
     1889.7516482861
      1897.039111069
     1904.2664010446
     1911.4328602625
      1918.537831686
     1925.5806589867
     1932.5606863183
     1939.4772580676
     1946.3297185822
     1953.1174118704
     1959.8396812718
     1966.4958690958
     1973.0853162239
     1979.6073616728
     1986.0613421138
     1992.4465913435
     1998.7624397012
     2005.0082134257
     2011.1832339459
     2017.2868170965
     2023.3182722497
     2029.2769013534
     2035.1619978626
     2040.9728455517
     2046.7087171903
     2052.3688730652
     2057.9525593259
     2063.4590061286
     2068.8874255483
     2074.2370092241
     2079.5069256937
     2084.6963173688
     2089.8042970879
     2094.8299441739
     2099.7722999058
     2104.6303622932
     2109.4030800172
     2114.0893453658
     2118.6879859475
     2123.1977549097
     2127.6173193075
     2131.9452461659
      2136.179985629
     2140.3198503886
     2144.3629902957
     2148.3073606399
     2152.1506819601
     2155.8903883108
     2159.5235594323
     2163.0468298978
     2166.4562643096
     2169.7471805965
     2172.9138904236
     2175.9492998196
     2178.8442570773
     2181.5863995828
     2184.1578887035
     2186.5308502832
     2188.6686645204
     2190.6145198453
     2192.6190071098
     2194.8611196157
     2197.3341261412
     2200.0052591281
     2202.8542116914
     2205.8687791272
     2209.0413541869
     2212.3672473993
      2215.843811732
     2219.4699484381
     2223.2458159881
      2227.172658377
     2231.2527102166
     2235.4891559827
     2239.8861314927
     2244.4487620619
     2249.1832361239
     2254.0969166056
     2259.1984957705
       2264.49820321
     2270.0080818515
     2275.7423542193
     2281.7179122217
     2287.9549809887
     2294.4780353009
     2301.3170944824
     2308.5096051849
     2316.1032766375
     2324.1605389867
     2332.7659453402
     2342.0393531891
     2352.1617090388
     2363.4326757536
     2376.4290824937
     2392.6459089686
