21
     2.9988809501657
     6.9944024414253
     10.986335972145
     14.974676688669
       18.9594197154
     22.940560154635
     26.918093086399
     30.892013568278
     34.862316635247
     38.828997299504
     42.792050550294
     46.751471353732
     50.707254652631
     54.659395366323
     58.607888390473
     62.552728596903
     66.493910833408
     70.431429923562
     74.365280666542
     78.295457836922
     82.221956184497
     86.144770434078
       90.0638952853
     93.979325412419
     97.891055464114
     101.79908006329
     105.70339380685
     109.60399126553
     113.50086698365
     117.39401547889
     121.28343124214
     125.16910873723
      129.0510424007
     132.92922664163
     136.80365584138
     140.67432435336
     144.54122650283
     148.40435658661
     152.26370887292
     156.11927760109
     159.97105698133
     163.81904119452
     167.66322439189
     171.50360069484
     175.34016419468
     179.17290895234
     183.00182899813
      186.8269183315
     190.64817092074
     194.46558070273
     198.27914158269
     202.08884743388
      205.8946920973
     209.69666938148
     213.49477306214
     217.28899688193
      221.0793345501
     224.86577974228
     228.64832610009
     232.42696723093
     236.20169670761
     239.97250806805
     243.73939481501
     247.50235041573
     251.26136830163
     255.01644186795
      258.7675644735
     262.51472944023
     266.25793005298
     269.99715955907
     273.73241116802
     277.46367805112
     281.19095334116
       284.914230132
     288.63350147827
     292.34876039493
     296.05999985697
     299.76721279898
     303.47039211479
     307.16953065708
     310.86462123697
     314.55565662364
     318.24262954394
     321.92553268193
     325.60435867852
     329.27910013102
     332.94974959271
     336.61629957244
     340.27874253415
     343.93707089644
     347.59127703217
     351.24135326793
     354.88729188357
     358.52908511173
     362.16672513698
     365.80020409353
     369.42951405542
     373.05464698814
     376.67559449876
     380.29234645804
     383.90488209748
     387.51307822674
     390.60473284505
     391.12085105314
     394.71866303606
     398.31517749957
     401.90870833633
     405.50036431037
      409.0923026954
     412.68814434065
     416.29329710739
     419.91485075649
     423.56083959085
     427.23903041819
     430.95574247179
     434.71518926802
      438.5194702013
     442.36899586164
     446.26304335903
     450.20024060379
      454.1789100105
      458.1972811176
     462.25360810704
     466.34622717213
     470.47357918532
     474.63421382222
     478.82678458815
     483.05003995625
     487.30281334433
     491.58401327135
     495.89261428977
     500.22764890339
     504.58820048989
     508.97339715995
      513.3824064518
     517.81443075293
     522.26870334694
     526.74448499366
     531.24106096312
      535.7577384554
     540.29384434907
     544.84872322952
     549.42173565703
     554.01225664016
     558.61967428589
     563.24338860234
     567.88281043369
     572.53736050996
     577.20646859698
     581.88957273399
     586.58611854815
     591.29555863681
      596.0173520095
     600.75096358288
     605.49586372266
     610.25152782733
     615.01743594917
     619.79307244861
     624.57792567853
     629.37148769525
     634.17325399381
      638.9827232649
     643.79939717143
     648.62278014292
     653.45237918582
      658.2877037085
     663.12826535947
     667.97357787748
     672.82315695261
     677.67652009727
      682.5331865262
     687.39267704469
     692.25451394428
     697.11822090525
     701.98332290523
     706.84934613351
     711.71581791039
     716.58226661111
     721.44822159398
     726.31321313218
     731.17677234905
     736.03843115623
     740.89772219452
     745.75417877702
     750.60733483445
     755.45672486196
     760.30188386764
     765.14234732208
     769.97765110895
      774.8073314762
     779.63092498785
      784.4479684758
      789.2579989918
      794.0605537591
     798.85517012361
     803.64138550436
     808.41873734306
     813.18676305239
     817.94499996301
     822.69298526875
        827.43025597
      832.1563488149
     836.87080023799
     841.57314629631
     846.26292260224
     850.93966425324
     855.60290575769
     860.25218095692
      864.8870229427
     869.50696397001
     874.11153536465
     878.70026742511
     883.27268931838
     887.82832896908
      892.3667129413
     896.88736631281
     901.38981254054
     905.87357331708
     910.33816841699
     914.78311553248
     919.20793009719
     923.61212509726
     927.99521086845
     932.35669487824
     936.69608149124
     941.01287171691
     945.30656293742
      949.5766486141
     953.82261797044
      958.0439556492
     962.24014134138
      966.4106493838
     970.55494832254
     974.67250043831
        978.76276123
     982.82517885157
     986.85919349733
     990.86423672969
     994.83973074247
     998.78508755244
     1002.6997081101
     1006.5829813193
     1010.4342829549
     1014.2529744634
     1018.0384016321
     1021.7898931077
     1025.5067587422
     1029.1882877413
     1032.8337465836
     1036.4423766754
     1040.0133916961
     1043.5459745833
     1047.0392740911
     1050.4924008451
     1053.9044227967
     1057.2743599562
      1060.601178254
     1063.8837823401
     1067.1210070761
     1070.3116074062
     1073.4542461927
     1076.5474794681
     1079.5897383665
     1082.5793067198
     1085.5142929108
     1088.3925939653
     1091.2118489462
     1093.9693772335
     1096.6620948435
     1099.2863977607
     1101.8379936966
     1104.3116491529
     1106.7007885105
     1108.9968131572
     1111.1878401594
     1113.2562725332
     1115.1767655411
     1116.9409380627
     1118.6505581807
     1120.4739310777
     1122.4617832805
     1124.5929676324
     1126.8458979611
     1129.2065521876
     1131.6655125511
     1134.2160650346
     1136.8532195093
     1139.5731637862
     1142.3729338952
     1145.2502023409
     1148.2031355819
     1151.2302945097
     1154.3305628933
     1157.5030947188
     1160.7472747157
     1164.0626883516
     1167.4490987956
     1170.9064291343
     1174.4347486306
     1178.0342621634
     1181.7053022194
     1185.4483229807
     1189.2638961691
     1193.1527083988
     1197.1155598577
     1201.1533641861
     1205.2671494684
     1209.4580602816
     1213.7273607782
     1218.0764388052
     1222.5068110847
     1227.0201295059
      1231.618188602
     1236.3029343125
     1241.0764741563
     1245.9410889776
     1250.8992464578
     1255.9536166365
       1261.10708973
     1266.3627966047
     1271.7241323377
     1277.1947833902
     1282.7787590457
     1288.4804279083
     1294.3045604541
     1300.2563788724
      1306.341615754
     1312.5665836012
     1318.9382576887
     1325.4643755445
     1332.1535573239
     1339.0154527291
     1346.0609220482
     1353.3022616094
     1360.7534878706
     1368.4307001347
     1376.3525505479
     1384.5408633925
     1393.0214668179
     1401.8253346977
     1410.9901948251
     1420.5628631417
     1430.6027560289
     1441.1874123612
     1452.4216638316
     1464.4539737196
      1477.508420248
      1491.956238484
     1508.5127219608
     1529.0346588819
