6.5
     2.9998928285126
     6.9994641214252
     10.998692401757
     14.997577643734
     18.996120892249
     22.994357944729
     26.992970459101
     30.999413056026
     35.058064927685
     39.301002556485
     43.912267052205
     49.009150423118
     54.622103925819
     60.745630269825
     67.368302486766
     74.480448102571
     82.074840482992
      90.14612610377
     98.690245394752
      107.7040171413
     117.18485942614
     127.13060340006
     137.53936750931
     148.40947106814
     159.73937377301
     171.52763262104
     183.77287071929
     196.47375436328
     209.62897596204
     223.23724116133
     237.29725902429
     251.80773446831
     266.76736238699
     282.17482304491
     298.02877844365
      314.3278694364
     331.07071342453
     348.25590251056
     365.88200201192
     383.94754926201
     402.45105264178
     421.39099079744
     440.76581200948
     460.57393368558
     480.81374195532
     501.48359134929
      522.5818045485
     544.10667219258
     566.05645273752
      588.4293723554
     611.22362486979
     634.43737172179
     658.06874196232
     682.11583226722
     706.57670697216
     731.44939812482
     756.73190555247
      782.4221969428
     808.51820793698
     835.01784223326
     861.91897170028
     889.21943649913
      916.9170452132
     945.00957498547
     973.49477166217
     1002.3703499428
     1031.6339935356
     1061.2833553188
     1091.3160575061
     1121.7296918171
     1152.5218196529
     1183.6899722744
     1215.2316509856
     1247.1443273205
     1279.4254432336
     1312.0724112934
       1345.08261488
     1378.4534083855
     1412.1821174175
     1446.2660390056
     1480.7024418111
     1515.4885663393
     1550.6216251547
     1586.0988030989
     1621.9172575112
     1658.0741184515
     1694.5664889261
      1731.391445116
     1768.5460366072
     1806.0272866242
     1843.8321922648
      1881.957724738
     1920.4008296042
     1959.1584270171
      1998.227411968
     2037.6046545329
     2077.2870001207
     2117.2712697243
     2157.5542601735
     2198.1327443897
     2239.0034716432
      2280.163167812
      2321.608535643
     2363.3362550143
     2405.3429832004
      2447.625355139
     2490.1799836989
     2533.0034599508
     2576.0923534397
     2619.4432124581
     2663.0525643221
     2706.9169156487
      2751.032752635
     2795.3965413388
     2840.0047279611
     2884.8537391301
     2929.9399821871
     2975.2598454732
     3020.8096986186
     3066.5858928325
     3112.5847611951
     3158.8026189509
     3205.2357638032
     3251.8804762104
     3298.7330196837
     3345.7896410857
      3393.046570931
     3440.5000236873
      3488.146198079
     3535.9812773908
     3584.0014297734
     3632.2028085501
     3680.5815525246
       3729.13378629
     3777.8556205392
     3826.7431523761
     3875.7924656277
      3924.999631158
     3974.3607071823
      4023.871739583
     4073.5287622256
     4123.3277972768
     4173.2648555226
     4223.3359366878
     4273.5370297563
     4323.8641132922
     4374.3131557618
     4424.8801158561
     4475.5609428152
     4526.3515767516
     4577.2479489761
     4628.2459823231
     4679.3415914773
     4730.5306833009
     4781.8091571612
     4833.1729052591
     4884.6178129579
     4936.1397591131
     4987.7346164022
     5039.3982516549
     5091.1265261851
     5142.9152961212
      5194.760412739
      5246.657722793
     5298.6030688497
     5350.5922896206
     5402.6212202946
     5454.6856928729
     5506.7815365018
     5558.9045778072
     5611.0506412286
     5663.2155493538
     5715.3951232535
     5767.5851828157
     5819.7815470808
     5871.9800345764
     5924.1764636524
     5976.3666528155
     6028.5464210646
     6080.7115882253
     6132.8579752853
     6184.9814047284
     6237.0777008696
     6289.1426901897
     6341.1722016692
     6393.1620671228
     6445.1081215328
     6497.0062033833
     6548.8521549931
      6600.641822849
     6652.3710579384
     6704.0357160817
     6755.6316582643
     6807.1547509682
     6858.6008665028
      6909.965883336
     6961.2456864239
      7012.436167541
     7063.5332256087
     7114.5327670242
     7165.4307059882
     7216.2229648325
     7266.9054743462
      7317.474174102
     7367.9250127815
     7418.2539484991
     7468.4569491268
     7518.5299926165
     7568.4690673221
      7618.270172321
     7667.9293177348
     7717.4425250489
     7766.8058274306
     7816.0152700474
     7865.0669103836
      7913.956818556
     7962.6810776288
     8011.2357839272
       8059.61704735
     8107.8209916815
     8155.8437549015
     8203.6814894947
     8251.3303627592
     8298.7865571128
     8346.0462703992
     8393.1057161922
     8439.9611240991
     8486.6087400623
     8533.0448266601
     8579.2656634056
     8625.2675470455
     8671.0467918551
     8716.5997299342
     8761.9227115007
     8807.0121051828
      8851.864298309
     8896.4756971975
     8940.8427274441
     8984.9618342078
     9028.8294824952
     9072.4421574434
     9115.7963646007
     9158.8886302069
     9201.7155014699
     9244.2735468428
     9286.5593562973
     9328.5695415967
     9370.3007365666
     9411.7495973633
     9452.9128027413
     9493.7870543186
     9534.3690768388
      9574.655618434
      9614.643450883
      9654.329369869
     9693.7101952349
     9732.7827712367
     9771.5439667947
     9809.9906757425
     9848.1198170739
     9885.9283351881
     9923.4132001318
     9960.5714078397
      9997.399980373
     10033.895966155
     10070.056440204
     10105.878504364
     10141.359287536
     10176.495945901
     10211.285663144
     10245.725650678
     10279.813147857
     10313.545422198
     10346.919769588
       10379.9335145
     10412.584010193
     10444.868638923
     10476.784812141
      10508.32997069
     10539.501585001
     10570.297155285
     10600.714211719
      10630.75031463
     10660.403054675
      10689.67005302
     10718.548961508
     10747.037462827
     10775.133270673
     10802.834129908
     10830.137816712
     10857.042138725
     10883.544935192
     10909.644077094
     10935.337467271
     10960.623040544
     10985.498763817
      11009.96263618
     11034.012688995
      11057.64698597
     11080.863623221
     11103.660729316
     11126.036465302
     11147.989024715
     11169.516633562
     11190.617550275
     11211.290065644
     11231.532502699
     11251.343216562
     11270.720594243
     11289.663054378
     11308.169046898
     11326.237052612
     11343.865582692
     11361.053178038
     11377.798408489
     11394.099871859
     11409.956192755
     11425.366021114
      11440.32803041
     11454.840915426
     11468.903389499
     11482.514181085
     11495.672029448
     11508.375679237
     11520.623873598
     11532.415345369
     11543.748805738
     11554.622929476
     11565.036335538
     11574.987561281
     11584.475027746
     11593.496992266
     11602.051482711
     11610.136204554
     11617.748406716
     11624.884682942
     11631.540668669
     11637.710560725
     11643.386318814
     11648.556250136
     11653.202262652
     11657.293750621
     11660.772958622
     11663.607975953
     11666.326420386
     11669.702259101
     11673.900315343
     11679.029274758
     11685.396455785
     11693.873601846
