2.99968
6.99841
10.9961
14.9928
18.9885
22.9832
26.9768
30.9694
34.961
38.9516
42.9413
46.9309
50.9267
54.9573
59.0998
63.4693
68.1564
73.1968
78.5913
84.3305
90.404
96.8032
103.521
110.553
117.894
125.54
133.488
141.735
150.279
159.117
168.248
177.668
187.376
197.37
207.647
218.207
229.046
240.163
251.557
263.224
275.163
287.373
299.85
312.593
325.6
338.869
352.397
366.182
380.222
394.516
409.059
423.851
438.889
454.17
469.692
485.453
501.45
517.68
534.142
550.832
567.747
584.886
602.245
619.821
637.613
655.616
673.829
692.248
710.871
729.694
748.715
767.93
787.337
806.933
826.714
846.677
866.82
887.139
907.63
928.292
949.119
970.11
991.261
1012.57
1034.03
1055.64
1077.4
1099.3
1121.34
1143.51
1165.82
1188.26
1210.82
1233.51
1256.31
1279.23
1302.26
1325.4
1348.65
1371.99
1395.43
1418.96
1442.59
1466.3
1490.09
1513.96
1537.9
1561.92
1586
1610.15
1634.35
1658.61
1682.93
1707.29
1731.69
1756.14
1780.62
1805.14
1829.69
1854.26
1878.85
1903.46
1928.08
1952.71
1977.35
2001.99
2026.63
2051.26
2075.89
2100.5
2125.09
2149.66
2174.21
2198.73
2223.22
2247.66
2272.07
2296.44
2320.76
2345.02
2369.23
2393.38
2417.47
2441.49
2465.44
2489.31
2513.11
2536.82
2560.45
2583.99
2607.44
2630.79
2654.04
2677.19
2700.23
2723.15
2745.96
2768.66
2791.23
2813.68
2835.99
2858.18
2880.23
2902.14
2923.9
2945.52
2966.99
2988.31
3009.47
3030.47
3051.31
3071.98
3092.48
3112.81
3132.97
3152.94
3172.73
3192.34
3211.76
3230.98
3250.01
3268.85
3287.48
3305.91
3324.14
3342.15
3359.95
3377.54
3394.91
3412.06
3428.99
3445.69
3462.16
3478.4
3494.41
3510.18
3525.72
3541.01
3556.06
3570.86
3585.42
3599.72
3613.77
3627.57
3641.11
3654.39
3667.4
3680.16
3692.65
3704.87
3716.82
3728.49
3739.9
3751.03
3761.88
3772.45
3782.74
3792.75
3802.47
3811.9
3821.05
3829.9
3838.46
3846.73
3854.7
3862.37
3869.73
3876.8
3883.56
3890.01
3896.14
3901.96
3907.45
3912.62
3917.45
3921.93
3926.05
3929.78
3933.08
3935.89
3938.33
3940.99
3944.2
3947.95
3952.25
3957.16
3962.77
3969.28
3977.08
3987.17
