0.00875567 0.29703
0.0167166 0.594059
0.0232122 0.891089
0.0284929 1.18812
0.0327976 1.48515
0.0363014 1.78218
0.0391314 2.07921
0.0413822 2.37624
0.0431261 2.67327
0.04442 2.9703
0.0453095 3.26733
0.0458318 3.56436
0.0460178 3.86139
0.0458933 4.15842
0.0454801 4.45545
0.0447969 4.75248
0.0438592 5.0495
0.0426803 5.34653
0.0412711 5.64356
0.0396402 5.94059
0.0377941 6.23762
0.0357363 6.53465
0.0334676 6.83168
0.0309847 7.12871
0.0282795 7.42574
0.0253374 7.72277
0.0221164 8.0198
0.0181395 8.31683
0.0106493 8.61386
0.00222866 8.91089
0.000144889 9.20792
5.29284e-06 9.50495
1.44012e-07 9.80198
3.14188e-09 10.099
5.67231e-11 10.396
8.64306e-13 10.6931
1.12743e-14 10.9901
1.27295e-16 11.2871
1.25515e-18 11.5842
1.08883e-20 11.8812
8.36253e-23 12.1782
5.7181e-25 12.4752
3.49221e-27 12.7723
1.9498e-29 13.0693
9.55326e-32 13.3663
2.47378e-34 13.6634
1.95257e-33 13.9604
7.26262e-36 14.2574
1.9971e-33 14.5545
9.76297e-34 14.8515
1.20126e-33 15.1485
1.67802e-33 15.4455
1.36788e-33 15.7426
1.19182e-33 16.0396
3.08456e-33 16.3366
2.2577e-35 16.6337
2.83186e-33 16.9307
5.34554e-33 17.2277
3.57475e-33 17.5248
1.31923e-33 17.8218
3.16843e-34 18.1188
5.35995e-35 18.4158
6.7519e-36 18.7129
6.5438e-37 19.0099
5.01414e-38 19.3069
3.09884e-39 19.604
1.57297e-40 19.901
6.64997e-42 20.198
2.35954e-43 20.495
7.12e-45 20.7921
1.83931e-46 21.0891
4.10245e-48 21.3861
7.94721e-50 21.6832
1.34491e-51 21.9802
2.00325e-53 22.2772
2.63251e-55 22.5743
3.06955e-57 22.8713
3.20325e-59 23.1683
0 23.4653
0 23.7624
0 24.0594
0 24.3564
0 24.6535
0 24.9505
0 25.2475
0 25.5446
0 25.8416
0 26.1386
0 26.4356
0 26.7327
0 27.0297
0 27.3267
0 27.6238
0 27.9208
0 28.2178
0 28.5149
0 28.8119
0 29.1089
0 29.4059
0 29.703
