6.45424e-05 0.0996678
0.000141064 0.199336
0.000215345 0.299003
0.000285003 0.398671
0.000350046 0.498339
0.000410949 0.598007
0.000468226 0.697674
0.000522333 0.797342
0.000573654 0.89701
0.000622509 0.996678
0.000669164 1.09635
0.000713844 1.19601
0.000756736 1.29568
0.000798001 1.39535
0.000837777 1.49502
0.000876184 1.59468
0.000913325 1.69435
0.000949291 1.79402
0.000984164 1.89369
0.00101801 1.99336
0.00105091 2.09302
0.00108289 2.19269
0.00111403 2.29236
0.00114437 2.39203
0.00117394 2.49169
0.00120279 2.59136
0.00123095 2.69103
0.00125846 2.7907
0.00128534 2.89037
0.00131162 2.99003
0.00133733 3.0897
0.00136249 3.18937
0.00138712 3.28904
0.00141124 3.3887
0.00143487 3.48837
0.00145803 3.58804
0.00148074 3.68771
0.00150301 3.78738
0.00152485 3.88704
0.00154628 3.98671
0.00156732 4.08638
0.00158797 4.18605
0.00160824 4.28571
0.00162815 4.38538
0.00164771 4.48505
0.00166693 4.58472
0.00168581 4.68439
0.00170439 4.78405
0.00172269 4.88372
0.0017409 4.98339
0.0017595 5.08306
0.00177977 5.18272
0.00180438 5.28239
0.00183741 5.38206
0.00188261 5.48173
0.00194088 5.5814
0.00200943 5.68106
0.00208388 5.78073
0.00216055 5.8804
0.0022373 5.98007
0.00231323 6.07973
0.00238808 6.1794
0.00246189 6.27907
0.0025348 6.37874
0.00260699 6.47841
0.00267858 6.57807
0.0027497 6.67774
0.00282043 6.77741
0.00289086 6.87708
0.00296102 6.97674
0.00303097 7.07641
0.00310072 7.17608
0.0031703 7.27575
0.00323971 7.37542
0.00330897 7.47508
0.00337806 7.57475
0.00344699 7.67442
0.00351575 7.77409
0.00358432 7.87375
0.00365269 7.97342
0.00372085 8.07309
0.00378878 8.17276
0.00385646 8.27243
0.00392386 8.37209
0.00399098 8.47176
0.00405778 8.57143
0.00412425 8.6711
0.00419035 8.77076
0.00425608 8.87043
0.0043214 8.9701
0.00438628 9.06977
0.00445072 9.16944
0.00451467 9.2691
0.00457811 9.36877
0.00464102 9.46844
0.00470338 9.56811
0.00476515 9.66777
0.00482631 9.76744
0.00488685 9.86711
0.00494672 9.96678
0.00500591 10.0664
0.00506439 10.1661
0.00512214 10.2658
0.00517913 10.3654
0.00523534 10.4651
0.00529074 10.5648
0.00534531 10.6645
0.00539902 10.7641
0.00545186 10.8638
0.00550379 10.9635
0.0055548 11.0631
0.00560487 11.1628
0.00565396 11.2625
0.00570207 11.3621
0.00574916 11.4618
0.00579522 11.5615
0.00584022 11.6611
0.00588416 11.7608
0.00592699 11.8605
0.00596872 11.9601
0.00600931 12.0598
0.00604875 12.1595
0.00608702 12.2591
0.00612411 12.3588
0.00615999 12.4585
0.00619465 12.5581
0.00622808 12.6578
0.00626025 12.7575
0.00629116 12.8571
0.00632079 12.9568
0.00634913 13.0565
0.00637615 13.1561
0.00640186 13.2558
0.00642623 13.3555
0.00644926 13.4551
0.00647093 13.5548
0.00649124 13.6545
0.00651017 13.7542
0.00652771 13.8538
0.00654386 13.9535
0.0065586 14.0532
0.00657194 14.1528
0.00658386 14.2525
0.00659435 14.3522
0.00660342 14.4518
0.00661105 14.5515
0.00661724 14.6512
0.00662199 14.7508
0.00662529 14.8505
0.00662714 14.9502
0.00662755 15.0498
0.00662649 15.1495
0.00662399 15.2492
0.00662003 15.3488
0.00661462 15.4485
0.00660775 15.5482
0.00659944 15.6478
0.00658967 15.7475
0.00657846 15.8472
0.00656581 15.9468
0.00655172 16.0465
0.0065362 16.1462
0.00651925 16.2458
0.00650087 16.3455
0.00648108 16.4452
0.00645989 16.5449
0.00643729 16.6445
0.0064133 16.7442
0.00638792 16.8439
0.00636117 16.9435
0.00633306 17.0432
0.00630359 17.1429
0.00627278 17.2425
0.00624064 17.3422
0.00620718 17.4419
0.00617242 17.5415
0.00613637 17.6412
0.00609903 17.7409
0.00606044 17.8405
0.00602059 17.9402
0.00597952 18.0399
0.00593722 18.1395
0.00589373 18.2392
0.00584905 18.3389
0.0058032 18.4385
0.00575621 18.5382
0.00570809 18.6379
0.00565886 18.7375
0.00560854 18.8372
0.00555715 18.9369
0.0055047 19.0365
0.00545123 19.1362
0.00539674 19.2359
0.00534127 19.3355
0.00528483 19.4352
0.00522745 19.5349
0.00516915 19.6346
0.00510995 19.7342
0.00504987 19.8339
0.00498895 19.9336
0.00492719 20.0332
0.00486464 20.1329
0.0048013 20.2326
0.00473721 20.3322
0.00467239 20.4319
0.00460687 20.5316
0.00454067 20.6312
0.00447381 20.7309
0.00440633 20.8306
0.00433825 20.9302
0.0042696 21.0299
0.0042004 21.1296
0.00413067 21.2292
0.00406046 21.3289
0.00398977 21.4286
0.00391865 21.5282
0.00384711 21.6279
0.00377518 21.7276
0.0037029 21.8272
0.00363028 21.9269
0.00355736 22.0266
0.00348416 22.1262
0.00341071 22.2259
0.00333703 22.3256
0.00326315 22.4252
0.00318911 22.5249
0.00311492 22.6246
0.00304061 22.7243
0.0029662 22.8239
0.00289174 22.9236
0.00281723 23.0233
0.0027427 23.1229
0.00266818 23.2226
0.0025937 23.3223
0.00251927 23.4219
0.00244492 23.5216
0.00237068 23.6213
0.00229656 23.7209
0.00222258 23.8206
0.00214878 23.9203
0.00207515 24.0199
0.00200174 24.1196
0.00192854 24.2193
0.00185559 24.3189
0.00178288 24.4186
0.00171044 24.5183
0.00163827 24.6179
0.00156639 24.7176
0.00149479 24.8173
0.00142348 24.9169
0.00135246 25.0166
0.00128172 25.1163
0.00121125 25.2159
0.00114102 25.3156
0.00107101 25.4153
0.00100119 25.515
0.000931493 25.6146
0.000861869 25.7143
0.000792243 25.814
0.000722555 25.9136
0.000652837 26.0133
0.000583635 26.113
0.000517761 26.2126
0.000452923 26.3123
0.000261826 26.412
3.35772e-05 26.5116
1.10249e-06 26.6113
2.21563e-08 26.711
3.30935e-10 26.8106
3.80068e-12 26.9103
3.40826e-14 27.01
2.40929e-16 27.1096
1.35055e-18 27.2093
6.02371e-21 27.309
2.14056e-23 27.4086
6.05727e-26 27.5083
1.35356e-28 27.608
2.31562e-31 27.7076
2.07495e-33 27.8073
1.65913e-33 27.907
8.80735e-34 28.0066
1.84951e-34 28.1063
3.27266e-35 28.206
2.74918e-36 28.3056
1.81614e-37 28.4053
6.43592e-39 28.505
1.64408e-40 28.6047
2.37079e-42 28.7043
3.02493e-44 28.804
1.59225e-46 28.9037
1.18925e-48 29.0033
2.57464e-51 29.103
4.6491e-54 29.2027
3.96597e-57 29.3023
2.72455e-60 29.402
0 29.5017
0 29.6013
0 29.701
0 29.8007
0 29.9003
