1.1226e-06 0.0990099
1.10019e-05 0.19802
4.16928e-05 0.29703
0.00010225 0.39604
0.000197541 0.49505
0.000329768 0.594059
0.000499678 0.693069
0.000707214 0.792079
0.000951828 0.891089
0.00123265 0.990099
0.00154856 1.08911
0.00189825 1.18812
0.00228026 1.28713
0.00269297 1.38614
0.00313464 1.48515
0.00360343 1.58416
0.00409738 1.68317
0.00461443 1.78218
0.00515245 1.88119
0.00570923 1.9802
0.0062825 2.07921
0.00686993 2.17822
0.00746913 2.27723
0.0080777 2.37624
0.00869318 2.47525
0.00931312 2.57426
0.00993505 2.67327
0.0105565 2.77228
0.011175 2.87129
0.0117881 2.9703
0.0123934 3.06931
0.0129885 3.16832
0.0135711 3.26733
0.0141389 3.36634
0.0146898 3.46535
0.0152215 3.56436
0.015732 3.66337
0.0162194 3.76238
0.0166818 3.86139
0.0171173 3.9604
0.0175244 4.05941
0.0179015 4.15842
0.0182472 4.25743
0.0185601 4.35644
0.0188391 4.45545
0.0190831 4.55446
0.0192913 4.65347
0.0194629 4.75248
0.0195973 4.85149
0.0196939 4.9505
0.0197526 5.0495
0.019773 5.14851
0.0197553 5.24752
0.0196995 5.34653
0.0196058 5.44554
0.0194747 5.54455
0.0193068 5.64356
0.0191027 5.74257
0.0188633 5.84158
0.0185896 5.94059
0.0182826 6.0396
0.0179436 6.13861
0.017574 6.23762
0.0171752 6.33663
0.0167487 6.43564
0.0162963 6.53465
0.0158197 6.63366
0.0153208 6.73267
0.0148015 6.83168
0.0142639 6.93069
0.0137099 7.0297
0.0131419 7.12871
0.0125618 7.22772
0.011972 7.32673
0.0113748 7.42574
0.0107723 7.52475
0.0101669 7.62376
0.0095609 7.72277
0.00895656 7.82178
0.00835616 7.92079
0.00776196 8.0198
0.00717617 8.11881
0.00660097 8.21782
0.0060385 8.31683
0.00549082 8.41584
0.00495995 8.51485
0.00444781 8.61386
0.00395625 8.71287
0.00348704 8.81188
0.00304185 8.91089
0.00262222 9.0099
0.00222962 9.10891
0.00186536 9.20792
0.00153062 9.30693
0.00122639 9.40594
0.000953386 9.50495
0.000711746 9.60396
0.000499675 9.70297
0.00030505 9.80198
0.000450676 9.90099
