0.0330322 0.29703
0.0563247 0.594059
0.0720332 0.891089
0.0823663 1.18812
0.0886241 1.48515
0.0916199 1.78218
0.0918986 2.07921
0.0898424 2.37624
0.0857245 2.67327
0.0797339 2.9703
0.071978 3.26733
0.0624418 3.56436
0.0506127 3.86139
0.0330583 4.15842
0.00989302 4.45545
0.000791127 4.75248
2.47291e-05 5.0495
4.721e-07 5.34653
6.36938e-09 5.64356
6.43877e-11 5.94059
5.0473e-13 6.23762
3.14226e-15 6.53465
1.58204e-17 6.83168
6.53537e-20 7.12871
2.24181e-22 7.42574
6.4512e-25 7.72277
1.57132e-27 8.0198
3.23633e-30 8.31683
4.5758e-33 8.61386
2.99994e-36 8.91089
2.39379e-36 9.20792
1.93812e-37 9.50495
1.07102e-38 9.80198
2.76895e-40 10.099
6.79862e-42 10.396
8.51259e-44 10.6931
9.39324e-46 10.9901
5.43267e-48 11.2871
2.72558e-50 11.5842
1.10782e-52 11.8812
4.42593e-56 12.1782
1.14536e-57 12.4752
7.60682e-59 12.7723
2.05926e-61 13.0693
1.59936e-63 13.3663
2.62181e-65 13.6634
1.20252e-64 13.9604
2.04988e-64 14.2574
5.00503e-67 14.5545
1.00195e-63 14.8515
5.18962e-64 15.1485
2.21175e-63 15.4455
9.21683e-64 15.7426
1.40387e-64 16.0396
1.08829e-65 16.3366
5.0226e-67 16.6337
1.51436e-68 16.9307
3.17391e-70 17.2277
4.83498e-72 17.5248
5.53724e-74 17.8218
4.89563e-76 18.1188
3.41391e-78 18.4158
1.91128e-80 18.7129
8.71984e-83 19.0099
3.28362e-85 19.3069
1.03196e-87 19.604
2.73305e-90 19.901
0 20.198
0 20.495
0 20.7921
0 21.0891
0 21.3861
0 21.6832
0 21.9802
0 22.2772
0 22.5743
0 22.8713
0 23.1683
0 23.4653
0 23.7624
0 24.0594
0 24.3564
0 24.6535
0 24.9505
0 25.2475
0 25.5446
0 25.8416
0 26.1386
0 26.4356
0 26.7327
0 27.0297
0 27.3267
0 27.6238
0 27.9208
0 28.2178
0 28.5149
0 28.8119
0 29.1089
0 29.4059
0 29.703
