0.434874 0.29703
0.407055 0.594059
0.148919 0.891089
0.00906132 1.18812
9.10838e-05 1.48515
3.02556e-07 1.78218
4.53011e-10 2.07921
3.54669e-13 2.37624
1.5972e-16 2.67327
4.43266e-20 2.9703
7.99357e-24 3.26733
9.77069e-28 3.56436
8.37973e-32 3.86139
5.19027e-36 4.15842
2.37924e-40 4.45545
8.24358e-45 4.75248
2.1987e-49 5.0495
4.58727e-54 5.34653
7.59352e-59 5.64356
1.01e-63 5.94059
1.09171e-68 6.23762
9.68779e-74 6.53465
9.22032e-79 6.83168
2.94067e-78 7.12871
1.7509e-76 7.42574
1.99624e-76 7.72277
1.3382e-78 8.0198
2.16595e-81 8.31683
1.44514e-84 8.61386
4.99591e-88 8.91089
1.01725e-91 9.20792
1.3249e-95 9.50495
1.16955e-99 9.80198
0 10.099
0 10.396
0 10.6931
0 10.9901
0 11.2871
0 11.5842
0 11.8812
0 12.1782
0 12.4752
0 12.7723
0 13.0693
0 13.3663
0 13.6634
0 13.9604
0 14.2574
0 14.5545
0 14.8515
0 15.1485
0 15.4455
0 15.7426
0 16.0396
0 16.3366
0 16.6337
0 16.9307
0 17.2277
0 17.5248
0 17.8218
0 18.1188
0 18.4158
0 18.7129
0 19.0099
0 19.3069
0 19.604
0 19.901
0 20.198
0 20.495
0 20.7921
0 21.0891
0 21.3861
0 21.6832
0 21.9802
0 22.2772
0 22.5743
0 22.8713
0 23.1683
0 23.4653
0 23.7624
0 24.0594
0 24.3564
0 24.6535
0 24.9505
0 25.2475
0 25.5446
0 25.8416
0 26.1386
0 26.4356
0 26.7327
0 27.0297
0 27.3267
0 27.6238
0 27.9208
0 28.2178
0 28.5149
0 28.8119
0 29.1089
0 29.4059
0 29.703
