0.000212548 0.29703
0.000544076 0.594059
0.000918153 0.891089
0.0013005 1.18812
0.00167663 1.48515
0.00204047 1.78218
0.00238972 2.07921
0.00272376 2.37624
0.00304276 2.67327
0.00334725 2.9703
0.00363791 3.26733
0.00391548 3.56436
0.00418066 3.86139
0.00443414 4.15842
0.00467658 4.45545
0.00490861 4.75248
0.0051311 5.0495
0.00534648 5.34653
0.00556388 5.64356
0.00580985 5.94059
0.00613144 6.23762
0.00656466 6.53465
0.00709745 6.83168
0.00768728 7.12871
0.00829949 7.42574
0.00891718 7.72277
0.00953397 8.0198
0.0101475 8.31683
0.0107565 8.61386
0.0113598 8.91089
0.0119558 9.20792
0.0125431 9.50495
0.0131198 9.80198
0.0136841 10.099
0.014234 10.396
0.0147675 10.6931
0.0152828 10.9901
0.0157778 11.2871
0.0162507 11.5842
0.0166997 11.8812
0.017123 12.1782
0.017519 12.4752
0.0178861 12.7723
0.0182228 13.0693
0.0185278 13.3663
0.0187999 13.6634
0.019038 13.9604
0.019241 14.2574
0.0194082 14.5545
0.0195389 14.8515
0.0196324 15.1485
0.0196885 15.4455
0.0197067 15.7426
0.019687 16.0396
0.0196294 16.3366
0.0195341 16.6337
0.0194013 16.9307
0.0192314 17.2277
0.0190252 17.5248
0.0187831 17.8218
0.0185062 18.1188
0.0181953 18.4158
0.0178516 18.7129
0.0174762 19.0099
0.0170704 19.3069
0.0166357 19.604
0.0161735 19.901
0.0156854 20.198
0.0151731 20.495
0.0146384 20.7921
0.0140829 21.0891
0.0135086 21.3861
0.0129174 21.6832
0.0123112 21.9802
0.0116918 22.2772
0.0110613 22.5743
0.0104217 22.8713
0.0097748 23.1683
0.00912266 23.4653
0.00846729 23.7624
0.00781087 24.0594
0.00715602 24.3564
0.00650659 24.6535
0.00587169 24.9505
0.005317 25.2475
0.00552551 25.5446
0.00459645 25.8416
0.000213777 26.1386
1.39607e-06 26.4356
6.08954e-09 26.7327
1.67717e-11 27.0297
2.75909e-14 27.3267
2.57858e-17 27.6238
1.2857e-20 27.9208
3.13497e-24 28.2178
3.29352e-28 28.5149
1.2267e-32 28.8119
1.16025e-37 29.1089
1.29923e-43 29.4059
8.51144e-51 29.703
