2.87007e-05 0.29703
8.58886e-05 0.594059
0.000162082 0.891089
0.000249483 1.18812
0.000343011 1.48515
0.000439522 1.78218
0.000537252 2.07921
0.000636872 2.37624
0.000747555 2.67327
0.000892458 2.9703
0.00109008 3.26733
0.00133648 3.56436
0.00162111 3.86139
0.00193864 4.15842
0.00228719 4.45545
0.00266579 4.75248
0.00307346 5.0495
0.00350899 5.34653
0.00397088 5.64356
0.00445747 5.94059
0.00496687 6.23762
0.00549704 6.53465
0.00604584 6.83168
0.00661099 7.12871
0.00719014 7.42574
0.00778087 7.72277
0.00838071 8.0198
0.00898715 8.31683
0.00959766 8.61386
0.0102097 8.91089
0.0108207 9.20792
0.0114283 9.50495
0.0120298 9.80198
0.0126228 10.099
0.0132049 10.396
0.0137738 10.6931
0.0143271 10.9901
0.0148627 11.2871
0.0153784 11.5842
0.0158722 11.8812
0.0163422 12.1782
0.0167865 12.4752
0.0172034 12.7723
0.0175914 13.0693
0.0179488 13.3663
0.0182745 13.6634
0.0185671 13.9604
0.0188256 14.2574
0.0190491 14.5545
0.0192368 14.8515
0.0193881 15.1485
0.0195023 15.4455
0.0195793 15.7426
0.0196187 16.0396
0.0196206 16.3366
0.019585 16.6337
0.0195122 16.9307
0.0194025 17.2277
0.0192565 17.5248
0.0190749 17.8218
0.0188583 18.1188
0.0186079 18.4158
0.0183245 18.7129
0.0180094 19.0099
0.0176639 19.3069
0.0172893 19.604
0.0168872 19.901
0.0164592 20.198
0.016007 20.495
0.0155322 20.7921
0.0150368 21.0891
0.0145227 21.3861
0.0139919 21.6832
0.0134463 21.9802
0.012888 22.2772
0.0123191 22.5743
0.0117417 22.8713
0.011158 23.1683
0.01057 23.4653
0.00997996 23.7624
0.00938992 24.0594
0.00880199 24.3564
0.0082182 24.6535
0.00764055 24.9505
0.00707097 25.2475
0.00651126 25.5446
0.0059631 25.8416
0.00542788 26.1386
0.00490645 26.4356
0.00439834 26.7327
0.00389848 27.0297
0.00337682 27.3267
0.00272461 27.6238
0.0038767 27.9208
0.00447149 28.2178
3.66854e-06 28.5149
1.65574e-09 28.8119
2.89458e-13 29.1089
9.11394e-18 29.4059
1.28642e-23 29.703
