0.0020061 0.29703
0.00430094 0.594059
0.00644674 0.891089
0.00838149 1.18812
0.0101149 1.48515
0.0116689 1.78218
0.0130648 2.07921
0.0143209 2.37624
0.0154526 2.67327
0.0164725 2.9703
0.0173912 3.26733
0.0182178 3.56436
0.0189597 3.86139
0.0196234 4.15842
0.0202146 4.45545
0.0207382 4.75248
0.0211984 5.0495
0.0215991 5.34653
0.0219437 5.64356
0.022235 5.94059
0.022476 6.23762
0.022669 6.53465
0.0228162 6.83168
0.0229197 7.12871
0.0229813 7.42574
0.0230027 7.72277
0.0229855 8.0198
0.022931 8.31683
0.0228405 8.61386
0.0227154 8.91089
0.0225566 9.20792
0.0223653 9.50495
0.0221423 9.80198
0.0218885 10.099
0.0216048 10.396
0.0212917 10.6931
0.02095 10.9901
0.0205803 11.2871
0.020183 11.5842
0.0197586 11.8812
0.0193075 12.1782
0.0188299 12.4752
0.0183261 12.7723
0.0177962 13.0693
0.0172401 13.3663
0.0166578 13.6634
0.016049 13.9604
0.0154134 14.2574
0.0147504 14.5545
0.0140592 14.8515
0.0133389 15.1485
0.0125887 15.4455
0.0118078 15.7426
0.0109976 16.0396
0.0101681 16.3366
0.00935984 16.6337
0.00859499 16.9307
0.00659136 17.2277
0.00194667 17.5248
0.000159034 17.8218
7.48123e-06 18.1188
2.8836e-07 18.4158
9.64714e-09 18.7129
2.84818e-10 19.0099
7.49805e-12 19.3069
1.77414e-13 19.604
3.79646e-15 19.901
7.3809e-17 20.198
1.30716e-18 20.495
2.10895e-20 20.7921
3.08903e-22 21.0891
4.0761e-24 21.3861
4.78924e-26 21.6832
4.9456e-28 21.9802
4.39781e-30 22.2772
2.66877e-32 22.5743
2.08143e-34 22.8713
8.06828e-34 23.1683
4.14761e-34 23.4653
1.58285e-34 23.7624
2.83255e-35 24.0594
4.53508e-36 24.3564
4.90655e-37 24.6535
4.48282e-38 24.9505
1.9739e-39 25.2475
1.15702e-40 25.5446
3.74533e-42 25.8416
9.55366e-44 26.1386
9.19083e-46 26.4356
2.30449e-47 26.7327
1.97827e-49 27.0297
9.37777e-52 27.3267
3.28997e-54 27.6238
7.43083e-57 27.9208
8.12196e-60 28.2178
0 28.5149
0 28.8119
0 29.1089
0 29.4059
0 29.703
