2.3 -1.39865 0.643787 77.4375 1.68242
2.30005 -1.39192 0.631263 76.796 1.70487
2.3001 -1.39808 0.647304 78.6432 1.63939
2.30015 -1.39149 0.635543 77.3501 1.67181
2.3002 -1.39809 0.64633 79.6998 1.65859
2.30025 -1.39778 0.645026 78.4016 1.66325
2.3003 -1.39467 0.639832 78.5892 1.66884
2.30035 -1.39769 0.646107 79.7585 1.66563
2.3004 -1.3933 0.636195 78.1034 1.66588
2.30045 -1.39612 0.642818 78.7528 1.63591
2.3005 -1.39173 0.629717 76.215 1.72231
2.30055 -1.39794 0.641299 77.3344 1.63298
2.3006 -1.3794 0.610974 72.9061 1.72513
2.30065 -1.39106 0.633829 76.8782 1.64565
2.3007 -1.39446 0.638034 78.2781 1.67773
2.30075 -1.3929 0.636469 78.1041 1.6683
2.3008 -1.39102 0.631454 74.0243 1.71228
2.30085 -1.39672 0.647015 74.6917 1.64565
2.3009 -1.3993 0.652799 80.4922 1.62132
2.30095 -1.39159 0.633134 76.64 1.67793
2.301 -1.38316 0.61752 73.6677 1.67664
2.30105 -1.3938 0.635722 78.0134 1.68852
2.3011 -1.39552 0.642272 74.9248 1.64894
2.30115 -1.38902 0.626566 76.281 1.70431
2.3012 -1.39946 0.649301 80.172 1.63114
2.30125 -1.39439 0.640206 78.6684 1.68151
2.3013 -1.39247 0.634382 77.6942 1.67514
2.30135 -1.39216 0.635889 74.4698 1.62024
2.3014 -1.39036 0.633847 76.7413 1.67455
2.30145 -1.39394 0.642521 78.6022 1.67106
2.3015 -1.39124 0.631945 76.9449 1.6545
2.30155 -1.39263 0.64094 72.8155 1.62949
2.3016 -1.38454 0.621082 70.5709 1.71883
2.30165 -1.39462 0.639849 78.4425 1.66797
2.3017 -1.38983 0.63242 76.4782 1.67335
2.30175 -1.39373 0.636838 76.1175 1.67283
2.3018 -1.3889 0.63038 76.7515 1.65939
2.30185 -1.39387 0.642287 77.3263 1.64419
2.3019 -1.38994 0.629765 76.069 1.67835
2.30195 -1.38529 0.624397 71.84 1.7205
2.302 -1.38599 0.621961 75.1026 1.72158
2.30205 -1.39166 0.634514 77.74 1.69523
2.3021 -1.39561 0.643122 78.3549 1.62626
2.30215 -1.38959 0.631778 76.5594 1.6702
2.3022 -1.39401 0.640675 76.8851 1.6654
2.30225 -1.39074 0.635165 77.4056 1.67282
2.3023 -1.38665 0.625004 75.6892 1.69816
2.30235 -1.38559 0.624799 74.6589 1.66552
2.3024 -1.39611 0.645305 76.5325 1.6414
2.30245 -1.3969 0.646473 79.7529 1.62503
2.3025 -1.39028 0.63102 76.4953 1.65149
2.30255 -1.39286 0.639217 78.3804 1.64266
2.3026 -1.38948 0.631756 76.9049 1.69821
2.30265 -1.38401 0.622963 75.3478 1.6704
2.3027 -1.39048 0.637974 77.9636 1.65882
2.30275 -1.39158 0.636376 78.0948 1.70535
2.3028 -1.38841 0.631722 76.8178 1.65102
2.30285 -1.39105 0.63498 77.012 1.66672
2.3029 -1.39751 0.649934 73.6779 1.634
2.30295 -1.39244 0.640364 78.3356 1.63536
2.303 -1.39603 0.645579 79.5278 1.67465
2.30305 -1.39152 0.636849 77.9084 1.6814
2.3031 -1.39577 0.645915 79.5895 1.66687
2.30315 -1.38103 0.616426 74.4095 1.6921
2.3032 -1.39533 0.643226 77.7031 1.63063
2.30325 -1.40061 0.65536 80.9953 1.61585
2.3033 -1.38939 0.633689 77.1905 1.64389
2.30335 -1.39486 0.647343 78.6065 1.62318
2.3034 -1.38817 0.629629 76.4711 1.63898
2.30345 -1.39183 0.637768 68.0678 1.66327
2.3035 -1.38911 0.63294 77.1292 1.67699
2.30355 -1.38905 0.627374 76.3849 1.70715
2.3036 -1.3914 0.634645 77.4157 1.64496
2.30365 -1.38425 0.62815 75.9255 1.66577
2.3037 -1.39578 0.643786 74.6293 1.64259
2.30375 -1.38512 0.627259 71.9966 1.69302
2.3038 -1.39142 0.634824 69.6683 1.66868
2.30385 -1.38621 0.628637 75.4138 1.70811
2.3039 -1.38496 0.627494 74.3101 1.66385
2.30395 -1.3846 0.624344 75.0237 1.65725
2.304 -1.39503 0.644496 79.3641 1.6598
2.30405 -1.3864 0.627739 72.4327 1.69964
2.3041 -1.37911 0.614426 73.7773 1.71368
2.30415 -1.39197 0.640251 73.1248 1.63347
2.3042 -1.39042 0.637764 76.5616 1.6722
2.30425 -1.38295 0.622458 75.118 1.67789
2.3043 -1.38539 0.624144 75.425 1.68656
2.30435 -1.37931 0.616066 68.6834 1.72243
2.3044 -1.386 0.626622 73.1035 1.68467
2.30445 -1.38839 0.633365 73.586 1.68268
2.3045 -1.39404 0.639683 78.4922 1.69116
2.30455 -1.39192 0.639428 77.8342 1.63368
2.3046 -1.39168 0.639478 78.1429 1.66031
2.30465 -1.39098 0.638542 70.2974 1.65431
2.3047 -1.38416 0.624421 75.6578 1.67692
2.30475 -1.38394 0.623789 72.7476 1.65928
2.3048 -1.3949 0.646713 79.4465 1.61625
2.30485 -1.38252 0.623542 75.2424 1.68535
2.3049 -1.39166 0.637628 76.2634 1.6507
2.30495 -1.38784 0.630684 76.6124 1.66581
2.305 -1.38842 0.63374 76.554 1.65866
2.30505 -1.38795 0.631878 76.6645 1.68361
2.3051 -1.39036 0.638519 71.945 1.64784
2.30515 -1.38163 0.61821 74.5919 1.7218
2.3052 -1.38852 0.639407 78.0145 1.63345
2.30525 -1.38329 0.626301 74.1388 1.68722
2.3053 -1.38957 0.636119 76.703 1.65036
2.30535 -1.39241 0.645531 78.7919 1.5932
2.3054 -1.37628 0.609695 72.9331 1.70274
2.30545 -1.39173 0.641193 74.8477 1.63806
2.3055 -1.38704 0.629404 76.3697 1.6629
2.30555 -1.38767 0.636438 77.5031 1.66939
2.3056 -1.38125 0.623575 74.8505 1.65313
2.30565 -1.38375 0.626253 75.8164 1.66788
2.3057 -1.38428 0.629696 75.5466 1.65146
2.30575 -1.38105 0.622448 74.9721 1.68551
2.3058 -1.38829 0.635834 77.4404 1.65934
2.30585 -1.38146 0.620957 71.5946 1.69172
2.3059 -1.38713 0.633357 74.9512 1.63545
2.30595 -1.38206 0.624337 74.8321 1.67141
2.306 -1.38776 0.633672 74.7398 1.63934
2.30605 -1.38508 0.630461 68.7924 1.65491
2.3061 -1.39033 0.636001 77.5791 1.63525
2.30615 -1.39127 0.637814 75.1603 1.66279
2.3062 -1.38843 0.637378 72.4665 1.64353
2.30625 -1.38675 0.630958 75.6433 1.66903
2.3063 -1.38903 0.636143 77.385 1.68704
2.30635 -1.38541 0.631345 74.8052 1.63606
2.3064 -1.38136 0.620612 74.7979 1.66951
2.30645 -1.38593 0.631877 76.6998 1.67272
2.3065 -1.38242 0.625102 75.358 1.66761
2.30655 -1.3914 0.643289 78.1754 1.63003
2.3066 -1.3834 0.626533 74.9371 1.64698
2.30665 -1.3871 0.634362 75.5056 1.66332
2.3067 -1.38057 0.622682 75.0029 1.66077
2.30675 -1.38687 0.630091 74.1871 1.68445
2.3068 -1.39019 0.640941 73.7482 1.63071
2.30685 -1.38692 0.633657 76.8971 1.65756
2.3069 -1.377 0.613195 73.184 1.64607
2.30695 -1.387 0.634171 76.7194 1.63202
2.307 -1.38864 0.638356 78.0653 1.69135
2.30705 -1.38113 0.623272 74.3671 1.66625
2.3071 -1.37949 0.622905 74.4128 1.68407
2.30715 -1.38533 0.627727 73.6372 1.68251
2.3072 -1.38333 0.627214 75.4652 1.64431
2.30725 -1.37978 0.618106 74.317 1.65319
2.3073 -1.38028 0.622905 74.9736 1.67488
2.30735 -1.38245 0.626201 75.549 1.65462
2.3074 -1.38181 0.623527 73.6202 1.72
2.30745 -1.38215 0.62703 74.5767 1.69127
2.3075 -1.37784 0.616498 72.3676 1.69957
2.30755 -1.38258 0.627036 75.755 1.66454
2.3076 -1.3859 0.631931 69.4066 1.64651
2.30765 -1.3801 0.621171 74.6071 1.64633
2.3077 -1.376 0.61302 72.627 1.70155
2.30775 -1.38354 0.626591 75.7989 1.66732
2.3078 -1.3749 0.612442 73.0966 1.70435
2.30785 -1.37943 0.617332 72.8553 1.70695
2.3079 -1.38174 0.625052 73.4518 1.685
2.30795 -1.38207 0.625446 75.1817 1.64815
2.308 -1.37978 0.622629 75.1089 1.68332
2.30805 -1.37905 0.618761 73.3283 1.71107
2.3081 -1.38233 0.626799 74.2335 1.6804
2.30815 -1.38352 0.629006 73.7776 1.66161
2.3082 -1.37939 0.62277 74.803 1.68621
2.30825 -1.38348 0.627044 75.7748 1.66177
2.3083 -1.3827 0.630014 75.4937 1.65389
2.30835 -1.37414 0.609895 72.1053 1.7181
2.3084 -1.37623 0.616022 73.4575 1.70775
2.30845 -1.383 0.629912 74.0828 1.66575
2.3085 -1.37904 0.617298 70.5769 1.68822
2.30855 -1.38184 0.62762 74.8505 1.63038
2.3086 -1.37667 0.615031 71.3744 1.68909
2.30865 -1.37994 0.621374 74.8743 1.67176
2.3087 -1.38348 0.628173 72.7476 1.67831
2.30875 -1.38375 0.629965 75.8767 1.6773
2.3088 -1.38193 0.626745 73.1934 1.65893
2.30885 -1.38095 0.623044 75.0139 1.67445
2.3089 -1.38364 0.631364 76.6438 1.66091
2.30895 -1.37818 0.619211 74.2664 1.68685
2.309 -1.37986 0.623948 68.7775 1.6033
2.30905 -1.37823 0.620383 73.6913 1.68395
2.3091 -1.38234 0.626416 75.0612 1.66476
2.30915 -1.37664 0.618004 73.7787 1.68066
2.3092 -1.3735 0.612734 73.1032 1.65782
2.30925 -1.37938 0.62141 74.7722 1.64997
2.3093 -1.37611 0.616947 70.6017 1.69066
2.30935 -1.37945 0.622891 75.161 1.67185
2.3094 -1.3819 0.625076 73.8185 1.68479
2.30945 -1.38585 0.632023 76.2297 1.66901
2.3095 -1.3794 0.624868 73.3408 1.67631
2.30955 -1.37671 0.619452 72.4504 1.66758
2.3096 -1.38019 0.620034 72.7821 1.6745
2.30965 -1.37782 0.620398 73.7487 1.67616
2.3097 -1.3844 0.63184 75.5919 1.65618
2.30975 -1.37566 0.615172 71.1682 1.68598
2.3098 -1.37832 0.618284 73.3544 1.67183
2.30985 -1.37545 0.617561 69.2754 1.66261
2.3099 -1.38447 0.632941 76.7517 1.65183
2.30995 -1.38155 0.628409 75.7059 1.61288
2.31 -1.37657 0.618104 73.3054 1.68511
2.31005 -1.3768 0.617097 72.6718 1.65437
2.3101 -1.38692 0.638626 77.4072 1.60041
2.31015 -1.3803 0.625288 74.3944 1.65032
2.3102 -1.3787 0.621909 74.0708 1.60905
2.31025 -1.3828 0.63199 76.0416 1.66379
2.3103 -1.37859 0.620953 74.385 1.6739
2.31035 -1.37412 0.614658 69.6808 1.66892
2.3104 -1.37678 0.618227 74.0413 1.68513
2.31045 -1.37305 0.60793 72.456 1.72935
2.3105 -1.37465 0.617623 73.8407 1.6738
2.31055 -1.37725 0.617593 73.9726 1.67008
2.3106 -1.38264 0.629747 75.8596 1.64071
2.31065 -1.3728 0.613863 73.1317 1.62686
2.3107 -1.37592 0.6146 67.4408 1.67053
2.31075 -1.38439 0.634196 74.8499 1.62578
2.3108 -1.3753 0.6136 71.7491 1.69603
2.31085 -1.38139 0.629009 71.7416 1.65999
2.3109 -1.36879 0.60533 71.1642 1.65374
2.31095 -1.37772 0.623751 74.9188 1.65431
2.311 -1.37158 0.610362 71.8745 1.66705
2.31105 -1.36974 0.608144 71.8603 1.68665
2.3111 -1.37735 0.616367 74.0735 1.69177
2.31115 -1.38008 0.62854 74.3588 1.6585
2.3112 -1.37765 0.61834 73.9262 1.67302
2.31125 -1.37426 0.615339 71.2822 1.70414
2.3113 -1.37507 0.615118 73.5924 1.67656
2.31135 -1.37269 0.60916 72.74 1.70167
2.3114 -1.37756 0.621922 74.4438 1.65837
2.31145 -1.38059 0.629775 76.0355 1.66007
2.3115 -1.37981 0.62935 75.5966 1.60465
2.31155 -1.37834 0.621074 66.4907 1.68354
2.3116 -1.3859 0.637713 76.7509 1.62288
2.31165 -1.36916 0.604245 69.9779 1.70665
2.3117 -1.3789 0.624111 71.2955 1.6826
2.31175 -1.37335 0.613042 71.8116 1.67009
2.3118 -1.37156 0.609607 71.1531 1.70355
2.31185 -1.36917 0.603121 69.8609 1.68788
2.3119 -1.37629 0.620107 70.7139 1.66007
2.31195 -1.37288 0.61247 73.0089 1.64759
2.312 -1.37748 0.621864 71.4465 1.64388
2.31205 -1.37657 0.620043 74.4074 1.6741
2.3121 -1.37389 0.617657 72.6254 1.66363
2.31215 -1.37602 0.616409 73.3625 1.67446
2.3122 -1.37341 0.614545 69.5672 1.65719
2.31225 -1.37539 0.619906 74.3615 1.68444
2.3123 -1.377 0.624315 73.6967 1.66135
2.31235 -1.37832 0.62396 74.52 1.64078
2.3124 -1.37286 0.614832 73.3245 1.68671
2.31245 -1.37398 0.616227 73.4663 1.66814
2.3125 -1.37399 0.614909 73.2164 1.67105
2.31255 -1.37897 0.624329 74.7451 1.64711
2.3126 -1.3787 0.628683 74.7698 1.61849
2.31265 -1.37199 0.610456 70.6939 1.71234
2.3127 -1.37347 0.616646 71.3528 1.6504
2.31275 -1.3688 0.605258 71.5056 1.66281
2.3128 -1.37383 0.616583 72.0095 1.67479
2.31285 -1.3788 0.624785 75.1065 1.63139
2.3129 -1.38003 0.628416 75.4453 1.62888
2.31295 -1.37313 0.612285 72.7699 1.66119
2.313 -1.37168 0.612323 72.1464 1.68619
2.31305 -1.37234 0.613519 72.6957 1.68006
2.3131 -1.37621 0.624084 72.7479 1.64368
2.31315 -1.36953 0.60691 69.6822 1.70611
2.3132 -1.37947 0.622901 74.5352 1.66375
2.31325 -1.37233 0.613567 72.4018 1.66012
2.3133 -1.36996 0.608305 68.33 1.68943
2.31335 -1.3747 0.619805 72.8913 1.64373
2.3134 -1.37218 0.608698 64.4814 1.69621
2.31345 -1.37167 0.610261 71.7767 1.67236
2.3135 -1.37188 0.613854 72.873 1.66773
2.31355 -1.37092 0.609921 72.4333 1.68826
2.3136 -1.37106 0.612125 72.2609 1.65557
2.31365 -1.37539 0.619975 69.2176 1.66345
2.3137 -1.37496 0.61911 74.0899 1.65942
2.31375 -1.36773 0.604544 71.5636 1.69393
2.3138 -1.37406 0.617206 59.8416 1.64716
2.31385 -1.36769 0.604526 68.3129 1.71421
2.3139 -1.37555 0.62205 73.5621 1.64907
2.31395 -1.3681 0.605266 71.6857 1.69104
2.314 -1.36645 0.602171 70.9358 1.67016
2.31405 -1.37282 0.614421 72.6253 1.69346
2.3141 -1.37027 0.609932 72.7028 1.71151
2.31415 -1.37354 0.617076 71.1648 1.65966
2.3142 -1.37082 0.611256 68.9284 1.67574
2.31425 -1.37968 0.62775 75.2264 1.64651
2.3143 -1.37759 0.622672 73.5321 1.61771
2.31435 -1.3664 0.600758 68.8923 1.67362
2.3144 -1.37264 0.618714 72.4471 1.65078
2.31445 -1.36915 0.609731 72.0389 1.66998
2.3145 -1.37282 0.614262 72.3047 1.70548
2.31455 -1.37122 0.612233 72.6723 1.67951
2.3146 -1.37317 0.615984 72.712 1.64508
2.31465 -1.37588 0.621644 74.5686 1.67486
2.3147 -1.36784 0.607323 71.1224 1.67543
2.31475 -1.37151 0.609739 70.9932 1.67144
2.3148 -1.37115 0.612485 71.6904 1.64577
2.31485 -1.37435 0.621463 73.6734 1.611
2.3149 -1.36569 0.602162 67.4746 1.66068
2.31495 -1.36886 0.609975 68.7721 1.68994
2.315 -1.36962 0.609866 72.4194 1.69441
2.31505 -1.37105 0.613539 70.7869 1.64732
2.3151 -1.37635 0.621786 74.2502 1.62079
2.31515 -1.37108 0.614785 73.0115 1.65948
2.3152 -1.37111 0.613295 72.3147 1.68648
2.31525 -1.37499 0.62511 72.3116 1.659
2.3153 -1.36838 0.608457 70.5878 1.65445
2.31535 -1.36835 0.612252 70.399 1.63222
2.3154 -1.37002 0.61005 71.3006 1.69397
2.31545 -1.36886 0.610013 72.1822 1.64983
2.3155 -1.37196 0.615312 71.818 1.625
2.31555 -1.37516 0.62351 73.6597 1.63827
2.3156 -1.37093 0.615655 72.8878 1.63504
2.31565 -1.37864 0.628971 73.7803 1.63126
2.3157 -1.36238 0.600704 70.4312 1.66904
2.31575 -1.36854 0.60877 71.1807 1.67958
2.3158 -1.37487 0.618652 74.0607 1.66983
2.31585 -1.36739 0.605442 60.4959 1.67144
2.3159 -1.36659 0.606456 71.676 1.67648
2.31595 -1.36705 0.605144 70.3242 1.69722
2.316 -1.36671 0.608472 71.2606 1.70205
2.31605 -1.36622 0.605153 71.3183 1.63724
2.3161 -1.36664 0.608425 72.0499 1.67772
2.31615 -1.36584 0.605368 71.3168 1.64333
2.3162 -1.37091 0.615431 72.3165 1.6625
2.31625 -1.36599 0.606017 71.2635 1.68385
2.3163 -1.36466 0.605311 71.264 1.66538
2.31635 -1.36636 0.609554 71.2873 1.63959
2.3164 -1.35937 0.595183 66.7973 1.6626
2.31645 -1.3686 0.609958 70.2662 1.70501
2.3165 -1.3731 0.61897 73.6421 1.64009
2.31655 -1.36283 0.600645 69.1388 1.66905
2.3166 -1.37054 0.614058 72.6419 1.65191
2.31665 -1.36923 0.610163 72.214 1.68914
2.3167 -1.36746 0.607574 69.7629 1.67777
2.31675 -1.36601 0.60286 71.2435 1.70775
2.3168 -1.36383 0.604035 68.0483 1.65515
2.31685 -1.36271 0.599931 69.1971 1.69184
2.3169 -1.36293 0.603987 68.0401 1.68619
2.31695 -1.3652 0.605432 70.366 1.64191
2.317 -1.36368 0.601716 70.4453 1.68363
2.31705 -1.36245 0.594565 69.8959 1.68248
2.3171 -1.36805 0.610194 71.3081 1.65645
2.31715 -1.36731 0.609013 67.6176 1.6511
2.3172 -1.36893 0.611549 72.2988 1.67772
2.31725 -1.3664 0.607233 71.7231 1.67525
2.3173 -1.3624 0.602552 70.6538 1.64453
2.31735 -1.36915 0.614209 73.0495 1.68281
2.3174 -1.3648 0.606606 71.244 1.69249
2.31745 -1.36154 0.597697 70.1701 1.67173
2.3175 -1.36663 0.61125 69.37 1.62629
2.31755 -1.35925 0.59292 69.3437 1.67742
2.3176 -1.36366 0.605231 70.5684 1.63125
2.31765 -1.3651 0.603965 71.365 1.70353
2.3177 -1.37243 0.621611 69.3648 1.63712
2.31775 -1.36563 0.605415 71.1103 1.65074
2.3178 -1.3666 0.613507 69.761 1.64317
2.31785 -1.36123 0.597038 69.8629 1.68143
2.3179 -1.35881 0.592508 68.9951 1.67525
2.31795 -1.36334 0.601178 67.194 1.6917
2.318 -1.3673 0.61107 71.343 1.61941
2.31805 -1.36438 0.602569 70.1622 1.68443
2.3181 -1.37157 0.618485 73.0717 1.64958
2.31815 -1.35721 0.587205 67.4808 1.67269
2.3182 -1.36827 0.611182 72.3963 1.65202
2.31825 -1.36374 0.603334 70.8851 1.63749
2.3183 -1.36343 0.60431 70.1217 1.64256
2.31835 -1.36511 0.606782 70.8823 1.64055
2.3184 -1.37264 0.621423 72.2301 1.62758
2.31845 -1.36966 0.614218 71.9793 1.62317
2.3185 -1.36311 0.604025 70.9836 1.66946
2.31855 -1.36444 0.606887 71.5139 1.66293
2.3186 -1.37095 0.61888 71.8856 1.65667
2.31865 -1.36612 0.606534 70.8313 1.65378
2.3187 -1.36607 0.609216 68.6444 1.65846
2.31875 -1.36369 0.602199 67.1977 1.66877
2.3188 -1.36466 0.608315 71.4207 1.61677
2.31885 -1.36381 0.605578 71.0917 1.64403
2.3189 -1.37113 0.615364 72.8759 1.65248
2.31895 -1.36795 0.611098 71.4855 1.63729
2.319 -1.36017 0.596866 68.4086 1.67777
2.31905 -1.35903 0.594375 69.4023 1.65481
2.3191 -1.3731 0.624607 74.4349 1.60775
2.31915 -1.37105 0.614576 72.6898 1.64385
2.3192 -1.36469 0.608988 69.8919 1.63556
2.31925 -1.3613 0.600818 69.9981 1.66438
2.3193 -1.36499 0.609186 71.161 1.64793
2.31935 -1.36732 0.615236 72.5273 1.61128
2.3194 -1.35879 0.594609 69.4886 1.6726
2.31945 -1.36166 0.599484 69.5302 1.68517
2.3195 -1.36031 0.594678 68.1445 1.68345
2.31955 -1.35709 0.592687 69.1082 1.67647
2.3196 -1.36697 0.610899 69.8924 1.63139
2.31965 -1.36751 0.611094 71.5892 1.65438
2.3197 -1.36244 0.604618 67.4071 1.66592
2.31975 -1.37024 0.616405 73.1386 1.61418
2.3198 -1.36229 0.602442 70.7546 1.65936
2.31985 -1.36203 0.599896 69.5019 1.68027
2.3199 -1.35757 0.596419 69.4537 1.67755
2.31995 -1.35909 0.599091 69.7113 1.66142
2.32 -1.36115 0.600571 69.5695 1.64056
2.32005 -1.35942 0.594204 69.24 1.69317
2.3201 -1.36901 0.613061 72.7756 1.65491
2.32015 -1.36238 0.60539 70.7132 1.66367
2.3202 -1.36709 0.610733 68.7939 1.65711
2.32025 -1.3588 0.595807 69.3346 1.69535
2.3203 -1.35694 0.589624 67.7508 1.69168
2.32035 -1.3612 0.602773 70.3446 1.62722
2.3204 -1.36717 0.610813 69.8107 1.69429
2.32045 -1.36026 0.598197 69.7811 1.67285
2.3205 -1.36876 0.616909 70.4328 1.66527
2.32055 -1.35193 0.581752 62.4074 1.688
2.3206 -1.36542 0.607363 71.6801 1.64052
2.32065 -1.35904 0.596623 67.9592 1.66886
2.3207 -1.36561 0.613798 72.4289 1.61438
2.32075 -1.35526 0.590144 67.9367 1.64246
2.3208 -1.3615 0.601431 70.1563 1.66144
2.32085 -1.3567 0.590901 68.734 1.66186
2.3209 -1.36134 0.602075 67.9124 1.65836
2.32095 -1.36168 0.603934 70.7599 1.64225
2.321 -1.36196 0.60498 70.8751 1.66503
2.32105 -1.36029 0.600231 69.5871 1.67635
2.3211 -1.3608 0.603292 68.9839 1.61751
2.32115 -1.36588 0.61154 72.1112 1.64311
2.3212 -1.36163 0.600073 69.8909 1.6756
2.32125 -1.36031 0.59991 70.3063 1.68199
2.3213 -1.36149 0.600986 68.1618 1.70357
2.32135 -1.35781 0.595798 68.9049 1.66473
2.3214 -1.35544 0.591756 68.4448 1.68517
2.32145 -1.36755 0.614856 67.38 1.62119
2.3215 -1.36204 0.603064 70.5665 1.67108
2.32155 -1.35919 0.59684 69.7184 1.65789
2.3216 -1.3644 0.607529 68.1076 1.62518
2.32165 -1.35592 0.592633 68.6965 1.6907
2.3217 -1.36215 0.601415 68.2586 1.68139
2.32175 -1.35651 0.592671 64.8398 1.69081
2.3218 -1.35272 0.582883 67.6029 1.71506
2.32185 -1.35804 0.598344 66.2341 1.63969
2.3219 -1.36237 0.603824 70.7021 1.65281
2.32195 -1.35494 0.588414 68.3874 1.71756
2.322 -1.35954 0.597045 69.8707 1.66675
2.32205 -1.35328 0.589374 68.1578 1.67028
2.3221 -1.35863 0.597291 63.0369 1.68489
2.32215 -1.36098 0.600273 70.3214 1.66726
2.3222 -1.3648 0.610282 71.9771 1.68538
2.32225 -1.35942 0.598719 70.0293 1.65341
2.3223 -1.36043 0.604192 69.9596 1.63538
2.32235 -1.35808 0.597077 69.7319 1.68032
2.3224 -1.35593 0.592775 62.4087 1.65866
2.32245 -1.35627 0.595928 69.508 1.6633
2.3225 -1.35724 0.599544 62.3244 1.67622
2.32255 -1.35808 0.595887 68.7059 1.67467
2.3226 -1.35486 0.59055 66.0546 1.70596
2.32265 -1.36261 0.605528 71.0028 1.6062
2.3227 -1.36001 0.60088 69.6811 1.69219
2.32275 -1.35564 0.59414 69.0585 1.66542
2.3228 -1.35588 0.597291 69.316 1.62068
2.32285 -1.35743 0.596268 69.4953 1.68186
2.3229 -1.35862 0.598052 68.9119 1.65388
2.32295 -1.36235 0.608131 69.8953 1.60949
2.323 -1.35711 0.594495 66.9831 1.66646
2.32305 -1.35496 0.590758 68.6715 1.6499
2.3231 -1.35675 0.597531 68.6199 1.6297
2.32315 -1.36334 0.61023 69.7449 1.6547
2.3232 -1.35815 0.595231 67.6259 1.69189
2.32325 -1.35616 0.594068 69.1632 1.64335
2.3233 -1.35878 0.601659 69.5495 1.64794
2.32335 -1.35744 0.594549 68.9591 1.66713
2.3234 -1.35869 0.597205 62.9773 1.66723
2.32345 -1.35796 0.598455 69.4687 1.61051
2.3235 -1.35786 0.595733 68.9593 1.67068
2.32355 -1.36391 0.609647 68.7778 1.63249
2.3236 -1.35721 0.597145 69.6111 1.64918
2.32365 -1.35739 0.596397 69.0224 1.72473
2.3237 -1.35246 0.589492 68.0862 1.63771
2.32375 -1.35106 0.585621 66.9349 1.69102
2.3238 -1.35171 0.588373 68.0808 1.66946
2.32385 -1.36098 0.608204 70.8248 1.61728
2.3239 -1.35289 0.588473 67.4614 1.71116
2.32395 -1.35258 0.591422 65.6017 1.69921
2.324 -1.35169 0.586617 67.9874 1.70444
2.32405 -1.34932 0.583044 63.7302 1.67382
2.3241 -1.35544 0.592397 67.4383 1.66033
2.32415 -1.35157 0.585804 66.8338 1.69208
2.3242 -1.35548 0.5977 69.4848 1.62185
2.32425 -1.35845 0.6028 67.6815 1.64412
2.3243 -1.35869 0.602375 70.5852 1.66028
2.32435 -1.35265 0.593191 68.4122 1.63551
2.3244 -1.35542 0.596199 69.3369 1.65761
2.32445 -1.3568 0.60042 66.9121 1.61974
2.3245 -1.3548 0.594985 66.9813 1.65433
2.32455 -1.35554 0.59359 65.8531 1.64283
2.3246 -1.35361 0.588575 65.4869 1.70053
2.32465 -1.35565 0.596796 67.6494 1.67784
2.3247 -1.36008 0.602532 68.4564 1.66456
2.32475 -1.3549 0.594437 68.8781 1.69163
2.3248 -1.34985 0.584368 67.2115 1.66589
2.32485 -1.35076 0.587505 67.5232 1.63597
2.3249 -1.35691 0.597455 69.3016 1.65096
2.32495 -1.34804 0.577476 66.3156 1.65272
2.325 -1.35907 0.601819 70.0557 1.64215
2.32505 -1.35348 0.590205 68.4149 1.69135
2.3251 -1.34924 0.585593 64.7078 1.6412
2.32515 -1.35829 0.600692 70.0177 1.62932
2.3252 -1.34722 0.581298 66.8797 1.69245
2.32525 -1.34926 0.587052 65.2609 1.66909
2.3253 -1.35566 0.598588 69.478 1.65556
2.32535 -1.35447 0.592323 67.31 1.65801
2.3254 -1.35278 0.590242 68.494 1.69853
2.32545 -1.34908 0.585177 66.6915 1.67169
2.3255 -1.3544 0.593677 68.8209 1.67241
2.32555 -1.34802 0.581968 66.4544 1.67489
2.3256 -1.35476 0.596633 68.6128 1.63659
2.32565 -1.34394 0.574256 64.3202 1.70389
2.3257 -1.34923 0.583589 64.6335 1.68091
2.32575 -1.36339 0.614916 72.4371 1.62125
2.3258 -1.35569 0.599106 69.4443 1.64053
2.32585 -1.3551 0.596803 69.3743 1.66003
2.3259 -1.35235 0.590751 67.3274 1.63257
2.32595 -1.34656 0.580008 66.5169 1.65718
2.326 -1.35314 0.596565 69.0501 1.6142
2.32605 -1.35258 0.592102 68.2711 1.66099
2.3261 -1.35369 0.593173 68.8746 1.65943
2.32615 -1.35375 0.594738 68.7104 1.65285
2.3262 -1.34912 0.585892 67.335 1.66718
2.32625 -1.3554 0.594209 68.8279 1.66755
2.3263 -1.35209 0.589459 65.6716 1.68164
2.32635 -1.3524 0.590962 68.6628 1.68032
2.3264 -1.35138 0.587064 66.0223 1.67253
2.32645 -1.35503 0.597353 67.0363 1.66776
2.3265 -1.34967 0.585201 66.2841 1.65507
2.32655 -1.3512 0.59042 66.3695 1.63288
2.3266 -1.35112 0.588124 67.1912 1.63576
2.32665 -1.35161 0.590889 67.3948 1.63011
2.3267 -1.34788 0.581811 66.3474 1.69668
2.32675 -1.35316 0.590733 68.5175 1.65169
2.3268 -1.3494 0.584513 67.21 1.65362
2.32685 -1.34366 0.575975 65.654 1.66191
2.3269 -1.34883 0.587142 64.3067 1.64811
2.32695 -1.3464 0.57969 66.1161 1.65782
2.327 -1.34882 0.586364 66.7189 1.65292
2.32705 -1.34339 0.576809 65.4491 1.67133
2.3271 -1.35699 0.600278 69.8472 1.68609
2.32715 -1.35448 0.599486 69.6705 1.65899
2.3272 -1.35695 0.600133 65.7986 1.67261
2.32725 -1.35295 0.594645 65.5921 1.63053
2.3273 -1.34562 0.580862 65.3261 1.63832
2.32735 -1.35359 0.597326 68.7146 1.65863
2.3274 -1.35137 0.589802 67.8266 1.66515
2.32745 -1.34689 0.583708 66.9384 1.66814
2.3275 -1.34794 0.585751 67.5732 1.68915
2.32755 -1.348 0.583904 67.006 1.62541
2.3276 -1.34536 0.581308 65.8113 1.66104
2.32765 -1.35699 0.601971 70.2616 1.65065
2.3277 -1.34746 0.585292 66.9242 1.64175
2.32775 -1.34076 0.570294 64.9383 1.68043
2.3278 -1.34801 0.586621 66.5179 1.64737
2.32785 -1.35257 0.591949 65.356 1.67394
2.3279 -1.35208 0.591328 68.5701 1.65835
2.32795 -1.34821 0.58442 66.0968 1.67043
2.328 -1.3471 0.582633 67.016 1.63421
2.32805 -1.34385 0.573952 65.4367 1.67679
2.3281 -1.34512 0.579212 65.8155 1.6444
2.32815 -1.34633 0.581622 65.579 1.63552
2.3282 -1.35016 0.590787 66.3996 1.6394
2.32825 -1.34997 0.589726 68.0896 1.63826
2.3283 -1.34274 0.576918 65.4541 1.64784
2.32835 -1.35019 0.589548 67.7929 1.63946
2.3284 -1.34004 0.568524 64.3337 1.66469
2.32845 -1.34455 0.58081 63.8378 1.64909
2.3285 -1.34799 0.586998 67.6178 1.64238
2.32855 -1.34856 0.586469 67.4425 1.62665
2.3286 -1.35085 0.591598 68.0635 1.60446
2.32865 -1.34767 0.584048 67.2619 1.69312
2.3287 -1.34785 0.586128 67.3451 1.65733
2.32875 -1.34563 0.578563 66.3297 1.67644
2.3288 -1.35151 0.590353 67.9895 1.63449
2.32885 -1.34808 0.58814 67.217 1.67514
2.3289 -1.34619 0.583949 66.475 1.6125
2.32895 -1.33956 0.569834 64.7001 1.6538
2.329 -1.34836 0.588768 67.5565 1.63305
2.32905 -1.34828 0.586967 67.4062 1.65816
2.3291 -1.35533 0.60094 68.943 1.67459
2.32915 -1.35259 0.596233 67.1165 1.63504
2.3292 -1.34435 0.580965 66.4723 1.65209
2.32925 -1.34224 0.576122 64.1057 1.67064
2.3293 -1.34149 0.571543 65.0487 1.65852
2.32935 -1.34999 0.589002 67.9699 1.70113
2.3294 -1.34108 0.57188 65.0115 1.67594
2.32945 -1.34591 0.581197 66.87 1.68941
2.3295 -1.34594 0.580499 66.661 1.66878
2.32955 -1.34412 0.578203 65.7506 1.65016
2.3296 -1.35123 0.592433 67.598 1.68494
2.32965 -1.34652 0.584249 66.6314 1.63756
2.3297 -1.33974 0.567902 64.5004 1.6935
2.32975 -1.34256 0.577059 65.6592 1.67818
2.3298 -1.35195 0.595102 67.6417 1.65054
2.32985 -1.34142 0.572724 62.7676 1.66421
2.3299 -1.34556 0.5844 67.0168 1.65148
2.32995 -1.34552 0.58475 65.8915 1.66288
2.33 -1.34323 0.58171 61.4483 1.57446
2.33005 -1.34075 0.572414 65.0928 1.64627
2.3301 -1.34546 0.581992 66.282 1.64591
2.33015 -1.34822 0.587515 67.6129 1.63271
2.3302 -1.34069 0.574079 65.3386 1.64951
2.33025 -1.34296 0.577741 64.7486 1.67361
2.3303 -1.34519 0.582958 64.7081 1.65435
2.33035 -1.35007 0.594665 68.6388 1.63305
2.3304 -1.34951 0.594236 68.0618 1.64145
2.33045 -1.3482 0.588619 62.0358 1.65125
2.3305 -1.35024 0.592953 67.7404 1.61416
2.33055 -1.3477 0.586119 66.5029 1.63883
2.3306 -1.34196 0.57548 64.7734 1.65339
2.33065 -1.34393 0.583303 66.1825 1.64943
2.3307 -1.34684 0.586703 66.338 1.67964
2.33075 -1.34557 0.579692 65.8475 1.66432
2.3308 -1.34393 0.581789 66.2314 1.65549
2.33085 -1.3407 0.57559 65.6783 1.69276
2.3309 -1.34258 0.577242 65.6951 1.70248
2.33095 -1.34309 0.584175 64.5522 1.59977
2.331 -1.34296 0.579905 65.9639 1.61464
2.33105 -1.34283 0.581378 64.2604 1.60372
2.3311 -1.34583 0.584777 67.1847 1.67149
2.33115 -1.3441 0.580414 66.2119 1.64306
2.3312 -1.34231 0.577359 65.8603 1.66328
2.33125 -1.3494 0.59593 67.2616 1.60851
2.3313 -1.34455 0.580361 65.633 1.62875
2.33135 -1.34311 0.582622 66.4057 1.65916
2.3314 -1.34358 0.5818 66.489 1.65767
2.33145 -1.34423 0.579873 65.709 1.66156
2.3315 -1.33984 0.578081 64.9992 1.62584
2.33155 -1.3457 0.585415 67.1065 1.6485
2.3316 -1.34148 0.578324 65.7558 1.64801
2.33165 -1.33949 0.575933 65.314 1.66174
2.3317 -1.34316 0.581847 66.4927 1.64211
2.33175 -1.34254 0.584195 65.0526 1.65768
2.3318 -1.34045 0.576478 65.3294 1.59541
2.33185 -1.34158 0.579514 65.3437 1.65635
2.3319 -1.33953 0.574656 64.4315 1.6529
2.33195 -1.34045 0.576032 65.0979 1.66267
2.332 -1.34372 0.581437 65.5232 1.63476
2.33205 -1.33656 0.569136 64.4851 1.66457
2.3321 -1.34377 0.581438 60.9481 1.65016
2.33215 -1.34104 0.575757 65.4979 1.65013
2.3322 -1.34742 0.589383 67.608 1.59487
2.33225 -1.33807 0.571513 64.9299 1.67417
2.3323 -1.33896 0.57412 64.5112 1.62953
2.33235 -1.34702 0.588291 67.0614 1.64789
2.3324 -1.34015 0.574295 63.5229 1.65451
2.33245 -1.33851 0.571464 64.3853 1.64023
2.3325 -1.33428 0.561934 62.0004 1.63411
2.33255 -1.34053 0.575714 64.4829 1.65271
2.3326 -1.34383 0.581359 66.3419 1.66417
2.33265 -1.33398 0.565966 63.1583 1.62696
2.3327 -1.34419 0.583757 66.5568 1.65846
2.33275 -1.34467 0.584164 66.9933 1.64409
2.3328 -1.34504 0.586864 67.2487 1.65983
2.33285 -1.34374 0.582217 65.9504 1.66219
2.3329 -1.34209 0.578227 65.8412 1.63847
2.33295 -1.3484 0.590912 66.9894 1.63368
2.333 -1.33851 0.575922 63.0928 1.63915
2.33305 -1.33553 0.570097 64.1352 1.6034
2.3331 -1.33841 0.575024 64.711 1.65308
2.33315 -1.34119 0.579204 65.4632 1.62053
2.3332 -1.34737 0.593749 68.167 1.62835
2.33325 -1.34459 0.584712 67.053 1.64852
2.3333 -1.33648 0.569147 63.9581 1.64538
2.33335 -1.34539 0.585954 66.7277 1.63281
2.3334 -1.33628 0.568945 64.1886 1.6669
2.33345 -1.33595 0.568779 64.1378 1.65589
2.3335 -1.34803 0.593755 64.4981 1.58513
2.33355 -1.33483 0.566566 63.8748 1.63934
2.3336 -1.34791 0.590756 68.0899 1.61689
2.33365 -1.34195 0.578498 65.8824 1.67909
2.3337 -1.33651 0.566883 62.8283 1.64034
2.33375 -1.33905 0.575008 61.5503 1.6639
2.3338 -1.3405 0.579333 65.9056 1.636
2.33385 -1.34439 0.590606 67.5488 1.61807
2.3339 -1.33761 0.571982 64.5513 1.65051
2.33395 -1.33507 0.56543 63.7066 1.62722
2.334 -1.33733 0.570767 64.7208 1.65434
2.33405 -1.34227 0.58066 64.9288 1.63549
2.3341 -1.34136 0.582739 66.3749 1.64079
2.33415 -1.33892 0.580175 65.6907 1.60059
2.3342 -1.33918 0.57724 64.7919 1.63367
2.33425 -1.33367 0.566189 63.6776 1.64928
2.3343 -1.33301 0.567612 61.4086 1.65395
2.33435 -1.33695 0.572064 64.2271 1.6592
2.3344 -1.33859 0.576021 65.4893 1.68375
2.33445 -1.33404 0.5687 63.7864 1.62266
2.3345 -1.33454 0.568481 64.0955 1.64317
2.33455 -1.33551 0.571858 58.6447 1.60928
2.3346 -1.34373 0.585451 65.5473 1.63921
2.33465 -1.33609 0.571736 63.0402 1.67184
2.3347 -1.34094 0.580332 64.387 1.60897
2.33475 -1.33741 0.577399 64.8583 1.61701
2.3348 -1.33807 0.573501 64.5948 1.63496
2.33485 -1.3361 0.571452 64.7071 1.65595
2.3349 -1.34077 0.580143 65.6345 1.60462
2.33495 -1.3429 0.587066 63.6265 1.6085
2.335 -1.33996 0.580255 65.1515 1.61434
2.33505 -1.33663 0.572671 64.6971 1.64653
2.3351 -1.33799 0.576166 64.889 1.62079
2.33515 -1.32771 0.555696 61.486 1.62584
2.3352 -1.33818 0.576663 63.499 1.64662
2.33525 -1.33891 0.574474 65.2589 1.66028
2.3353 -1.33751 0.573761 64.3898 1.60462
2.33535 -1.34292 0.582552 66.6191 1.63559
2.3354 -1.34071 0.578879 65.1096 1.67612
2.33545 -1.33094 0.561956 62.3876 1.62842
2.3355 -1.33513 0.570035 63.5935 1.66623
2.33555 -1.3297 0.556347 61.4874 1.65376
2.3356 -1.33152 0.565385 63.626 1.67437
2.33565 -1.33151 0.561251 62.6129 1.65068
2.3357 -1.34027 0.587256 65.3948 1.60462
2.33575 -1.3356 0.572345 63.9907 1.64766
2.3358 -1.33683 0.570995 64.3489 1.62642
2.33585 -1.33804 0.57752 61.1146 1.65722
2.3359 -1.3375 0.573719 59.665 1.66757
2.33595 -1.33594 0.575082 64.8441 1.62273
2.336 -1.3348 0.57331 62.5943 1.62161
2.33605 -1.33353 0.569391 63.9142 1.63936
2.3361 -1.33643 0.570297 64.1735 1.62022
2.33615 -1.33573 0.572799 63.1911 1.64367
2.3362 -1.33599 0.574768 64.6252 1.60395
2.33625 -1.33581 0.571413 63.1017 1.64442
2.3363 -1.33572 0.574196 64.8884 1.67726
2.33635 -1.33435 0.572037 63.7082 1.60787
2.3364 -1.32568 0.552973 61.5459 1.66669
2.33645 -1.33258 0.563212 62.1006 1.63237
2.3365 -1.33386 0.567488 62.4821 1.6513
2.33655 -1.33302 0.565534 63.2369 1.64309
2.3366 -1.33547 0.570398 64.2604 1.63881
2.33665 -1.33411 0.56814 64.1092 1.6511
2.3367 -1.32925 0.557687 62.0265 1.65002
2.33675 -1.33446 0.572976 64.4487 1.67165
2.3368 -1.33664 0.574586 63.1127 1.63408
2.33685 -1.33079 0.565714 63.3688 1.58776
2.3369 -1.33592 0.572018 63.2509 1.66545
2.33695 -1.33106 0.559799 61.7037 1.6709
2.337 -1.3383 0.580327 65.7409 1.61201
2.33705 -1.3355 0.56796 64.1044 1.67995
2.3371 -1.3289 0.560791 62.5844 1.63319
2.33715 -1.34027 0.583594 65.2391 1.60382
2.3372 -1.33598 0.576237 64.6936 1.58909
2.33725 -1.33802 0.578411 65.6015 1.63339
2.3373 -1.33384 0.567475 63.1784 1.63405
2.33735 -1.32922 0.559232 58.4761 1.64405
2.3374 -1.33681 0.577389 63.7739 1.64482
2.33745 -1.33596 0.572405 63.8507 1.63608
2.3375 -1.3317 0.568666 63.6256 1.63626
2.33755 -1.34004 0.581794 64.4628 1.62076
2.3376 -1.3318 0.566523 63.1537 1.64171
2.33765 -1.33299 0.570904 63.7391 1.59502
2.3377 -1.33667 0.577002 65.2412 1.63313
2.33775 -1.32582 0.555372 61.4455 1.62409
2.3378 -1.33764 0.581515 64.5849 1.62537
2.33785 -1.33103 0.563309 62.0599 1.61251
2.3379 -1.32823 0.559459 62.3141 1.63617
2.33795 -1.32897 0.561589 62.7655 1.62834
2.338 -1.32216 0.547168 60.4559 1.65117
2.33805 -1.32733 0.554342 61.4534 1.63215
2.3381 -1.32939 0.561636 62.7874 1.64645
2.33815 -1.33122 0.564948 62.9333 1.67554
2.3382 -1.33127 0.564504 63.4753 1.67493
2.33825 -1.33201 0.56981 64.0686 1.63336
2.3383 -1.32627 0.55738 61.4161 1.6203
2.33835 -1.33271 0.568964 63.392 1.64372
2.3384 -1.33138 0.565692 62.752 1.64044
2.33845 -1.33006 0.562827 62.3976 1.64608
2.3385 -1.32348 0.554571 61.1234 1.56258
2.33855 -1.329 0.558032 62.3747 1.66975
2.3386 -1.33728 0.577063 63.4374 1.64039
2.33865 -1.32902 0.563511 62.7663 1.61124
2.3387 -1.33778 0.582838 66.0004 1.60509
2.33875 -1.33595 0.576864 64.9474 1.61044
2.3388 -1.32694 0.557727 61.0304 1.63162
2.33885 -1.326 0.556935 61.6315 1.63206
2.3389 -1.32836 0.56069 60.8271 1.61999
2.33895 -1.32395 0.551442 59.8426 1.63384
2.339 -1.3252 0.554025 61.1973 1.63173
2.33905 -1.33635 0.5773 63.3522 1.60675
2.3391 -1.33044 0.564678 63.1263 1.65022
2.33915 -1.32871 0.563484 63.228 1.64929
2.3392 -1.33476 0.572121 64.5451 1.63335
2.33925 -1.32431 0.553097 61.021 1.65916
2.3393 -1.32429 0.551837 59.5106 1.65536
2.33935 -1.32788 0.558467 62.0955 1.62113
2.3394 -1.32253 0.55125 54.6231 1.65994
2.33945 -1.32787 0.562166 58.0483 1.64669
2.3395 -1.32323 0.550169 60.8616 1.65011
2.33955 -1.33368 0.57284 63.7409 1.59664
2.3396 -1.32656 0.562804 60.2336 1.61535
2.33965 -1.32598 0.56034 61.5398 1.63723
2.3397 -1.33432 0.576333 59.5898 1.62437
2.33975 -1.32832 0.561218 61.0857 1.63913
2.3398 -1.33008 0.568384 61.257 1.60565
2.33985 -1.32802 0.561573 61.1223 1.62973
2.3399 -1.32895 0.561352 60.0471 1.62738
2.33995 -1.32213 0.549141 60.14 1.66233
2.34 -1.33192 0.571219 62.8392 1.60623
2.34005 -1.32694 0.561604 60.6089 1.63671
2.3401 -1.33313 0.572535 64.2351 1.63432
2.34015 -1.32633 0.558292 61.2713 1.66898
2.3402 -1.33073 0.565872 63.1819 1.62548
2.34025 -1.33206 0.57297 63.9833 1.62685
2.3403 -1.33207 0.571225 64.03 1.6238
2.34035 -1.32919 0.5646 62.5518 1.65933
2.3404 -1.32926 0.56305 60.5905 1.64481
2.34045 -1.32675 0.559384 61.8632 1.60767
2.3405 -1.32512 0.555434 61.6753 1.65077
2.34055 -1.33136 0.568641 63.7788 1.67932
2.3406 -1.33306 0.570812 64.2457 1.62987
2.34065 -1.32822 0.559323 62.2217 1.63662
2.3407 -1.32737 0.557929 62.2191 1.6088
2.34075 -1.32504 0.556177 61.8276 1.63869
2.3408 -1.32764 0.557436 61.8744 1.64992
2.34085 -1.31921 0.546504 59.9667 1.63731
2.3409 -1.3294 0.568558 63.5408 1.6071
2.34095 -1.32769 0.564417 62.8234 1.62167
2.341 -1.31926 0.543579 59.967 1.66593
2.34105 -1.32485 0.558087 61.9077 1.65316
2.3411 -1.33106 0.569814 62.3493 1.61888
2.34115 -1.32907 0.566307 62.3204 1.61653
2.3412 -1.32203 0.549078 57.5881 1.65236
2.34125 -1.33145 0.569388 63.4975 1.60917
2.3413 -1.32717 0.559788 62.2797 1.61985
2.34135 -1.33512 0.57585 63.9847 1.62034
2.3414 -1.32213 0.549404 60.6401 1.62236
2.34145 -1.32801 0.560956 62.3896 1.65582
2.3415 -1.32574 0.557821 60.405 1.59373
2.34155 -1.33007 0.566272 63.4261 1.63176
2.3416 -1.32553 0.560431 61.8131 1.63004
2.34165 -1.32889 0.565239 62.7455 1.5555
2.3417 -1.32528 0.556858 61.5536 1.61152
2.34175 -1.32244 0.553048 60.9018 1.64068
2.3418 -1.32611 0.560852 62.4594 1.61772
2.34185 -1.33016 0.570327 64.0329 1.63748
2.3419 -1.32541 0.557132 61.4194 1.63815
2.34195 -1.32779 0.560486 62.4565 1.61235
2.342 -1.3294 0.56875 63.3434 1.63627
2.34205 -1.32545 0.561785 62.1575 1.66195
2.3421 -1.32647 0.561472 61.8062 1.64514
2.34215 -1.32718 0.558932 59.8059 1.67063
2.3422 -1.32245 0.553753 61.2789 1.64301
2.34225 -1.32744 0.563739 62.8348 1.61007
2.3423 -1.3253 0.558248 61.9768 1.64508
2.34235 -1.32354 0.556399 61.3487 1.61543
2.3424 -1.3232 0.555612 60.4739 1.61696
2.34245 -1.32215 0.552484 61.1781 1.62973
2.3425 -1.32333 0.555643 61.0426 1.60842
2.34255 -1.32441 0.558591 61.0711 1.6296
2.3426 -1.32614 0.560511 62.2901 1.60339
2.34265 -1.32134 0.550977 60.3582 1.61124
2.3427 -1.32724 0.568641 61.3014 1.58504
2.34275 -1.32101 0.549283 60.6852 1.63618
2.3428 -1.32334 0.554919 61.3213 1.60244
2.34285 -1.3201 0.549396 60.2036 1.60725
2.3429 -1.32257 0.557299 61.0038 1.64286
2.34295 -1.32108 0.548558 60.6198 1.64545
2.343 -1.32496 0.561325 62.4396 1.60027
2.34305 -1.31799 0.545961 60.0127 1.63418
2.3431 -1.32032 0.553064 60.8756 1.62445
2.34315 -1.32894 0.569542 57.4843 1.62616
2.3432 -1.32397 0.556957 61.9657 1.64802
2.34325 -1.3256 0.560809 61.2186 1.61998
2.3433 -1.32601 0.562313 61.8245 1.59663
2.34335 -1.32169 0.550567 60.3994 1.63105
2.3434 -1.31596 0.54071 58.6987 1.6407
2.34345 -1.33001 0.570392 62.3443 1.58344
2.3435 -1.31851 0.547059 60.0518 1.631
2.34355 -1.32254 0.557389 60.9933 1.60009
2.3436 -1.32513 0.561331 61.8613 1.62003
2.34365 -1.3248 0.559952 60.9547 1.63289
2.3437 -1.32316 0.557677 60.8236 1.57769
2.34375 -1.32593 0.560113 61.0228 1.62127
2.3438 -1.3225 0.556863 59.7807 1.6408
2.34385 -1.33366 0.573884 64.5898 1.61278
2.3439 -1.31703 0.544825 59.063 1.61955
2.34395 -1.32789 0.565331 62.9348 1.60833
2.344 -1.31463 0.539744 58.2999 1.61556
2.34405 -1.31854 0.550091 60.3166 1.59088
2.3441 -1.32369 0.559437 59.1557 1.6122
2.34415 -1.32075 0.552752 60.6688 1.65852
2.3442 -1.32354 0.558181 61.6298 1.63141
2.34425 -1.32509 0.56259 62.1756 1.61036
2.3443 -1.32281 0.557275 61.8618 1.62295
2.34435 -1.32327 0.557532 61.957 1.65119
2.3444 -1.32217 0.555174 61.3239 1.62178
2.34445 -1.32716 0.563876 59.1932 1.6623
2.3445 -1.32115 0.55167 60.6338 1.60229
2.34455 -1.3246 0.564207 62.4784 1.59203
2.3446 -1.32438 0.565989 62.8276 1.59593
2.34465 -1.32694 0.566158 61.0661 1.62065
2.3447 -1.31988 0.549302 58.353 1.62517
2.34475 -1.31597 0.543006 57.3194 1.66048
2.3448 -1.32045 0.550291 60.5778 1.59428
2.34485 -1.31808 0.546952 59.3889 1.60431
2.3449 -1.31865 0.550116 59.7369 1.62015
2.34495 -1.32208 0.55548 59.6535 1.623
2.345 -1.3197 0.553305 60.8774 1.58775
2.34505 -1.32041 0.551167 60.6638 1.601
2.3451 -1.31217 0.53503 56.0539 1.6202
2.34515 -1.32466 0.562294 62.3253 1.59719
2.3452 -1.32194 0.553729 61.2974 1.65152
2.34525 -1.31891 0.550693 60.2145 1.60231
2.3453 -1.32027 0.557599 61.248 1.58941
2.34535 -1.31999 0.553224 60.8889 1.60978
2.3454 -1.32298 0.557833 61.8927 1.63699
2.34545 -1.31704 0.543448 59.5681 1.62706
2.3455 -1.31917 0.552799 60.0975 1.62533
2.34555 -1.31741 0.548726 59.1303 1.67568
2.3456 -1.32052 0.554346 61.0475 1.61175
2.34565 -1.31889 0.549803 60.376 1.64332
2.3457 -1.32038 0.551091 60.8615 1.6257
2.34575 -1.31796 0.545916 57.8174 1.65452
2.3458 -1.32489 0.564504 62.7545 1.61704
2.34585 -1.31978 0.554897 60.0002 1.63674
2.3459 -1.32376 0.558137 61.7222 1.61108
2.34595 -1.32176 0.553716 58.83 1.63449
2.346 -1.31381 0.536774 58.6995 1.66762
2.34605 -1.31917 0.555109 59.5725 1.59277
2.3461 -1.32176 0.555795 61.1986 1.62175
2.34615 -1.32138 0.55854 61.1753 1.57373
2.3462 -1.32278 0.561095 62.2518 1.61564
2.34625 -1.32189 0.55701 61.212 1.62148
2.3463 -1.32708 0.570728 63.6521 1.61824
2.34635 -1.3193 0.554271 59.8651 1.58916
2.3464 -1.32331 0.561847 62.497 1.63012
2.34645 -1.32098 0.55626 61.2851 1.61077
2.3465 -1.31916 0.552579 60.7988 1.63688
2.34655 -1.31705 0.544609 59.6916 1.61788
2.3466 -1.32561 0.566655 62.9656 1.60266
2.34665 -1.32152 0.56303 61.4221 1.58348
2.3467 -1.31936 0.552921 60.7232 1.57814
2.34675 -1.31492 0.542314 58.9655 1.62788
2.3468 -1.32182 0.558448 61.9821 1.65228
2.34685 -1.32136 0.556463 61.458 1.66509
2.3469 -1.31576 0.543884 59.4912 1.63765
2.34695 -1.3218 0.560035 61.5797 1.60336
2.347 -1.31018 0.536149 57.4397 1.62288
2.34705 -1.31699 0.547901 60.1392 1.64563
2.3471 -1.31722 0.547401 59.7514 1.63082
2.34715 -1.32077 0.556958 60.8924 1.57734
2.3472 -1.31792 0.547537 60.118 1.60699
2.34725 -1.31983 0.553678 60.8154 1.58516
2.3473 -1.32732 0.569013 63.38 1.61025
2.34735 -1.31855 0.553828 59.3955 1.60686
2.3474 -1.31101 0.53791 58.0039 1.60046
2.34745 -1.31503 0.546061 59.5645 1.62076
2.3475 -1.3162 0.548041 60.1498 1.6436
2.34755 -1.31798 0.553682 60.8117 1.62375
2.3476 -1.32208 0.55981 61.432 1.59171
2.34765 -1.31358 0.539469 58.7627 1.66481
2.3477 -1.31028 0.531999 56.522 1.6398
2.34775 -1.31161 0.539852 58.1629 1.58776
2.3478 -1.31767 0.550738 60.3424 1.58066
2.34785 -1.31065 0.538055 57.9643 1.61046
2.3479 -1.31282 0.545801 59.5783 1.60746
2.34795 -1.31369 0.546137 58.9628 1.60363
2.348 -1.31442 0.548568 60.0151 1.60046
2.34805 -1.31526 0.54783 59.597 1.63321
2.3481 -1.31697 0.54788 59.2925 1.61013
2.34815 -1.31831 0.549793 55.9684 1.60597
2.3482 -1.31407 0.546219 59.3754 1.59643
2.34825 -1.31827 0.550866 60.6728 1.62672
2.3483 -1.3172 0.549663 59.5997 1.62578
2.34835 -1.31161 0.538666 58.5541 1.60472
2.3484 -1.31204 0.536161 57.5093 1.64636
2.34845 -1.31786 0.560643 61.4404 1.57968
2.3485 -1.31508 0.547439 59.88 1.61661
2.34855 -1.31183 0.542883 58.5212 1.5964
2.3486 -1.32059 0.557856 61.373 1.59944
2.34865 -1.31266 0.53965 57.8109 1.61845
2.3487 -1.31707 0.553761 60.2094 1.57865
2.34875 -1.32126 0.559835 61.7723 1.60422
2.3488 -1.31317 0.540179 58.3891 1.60331
2.34885 -1.31038 0.538034 58.3025 1.61617
2.3489 -1.30956 0.536108 58.0702 1.59341
2.34895 -1.32385 0.565975 62.7928 1.58921
2.349 -1.31746 0.551069 59.9328 1.58629
2.34905 -1.31474 0.545078 59.3236 1.62569
2.3491 -1.31814 0.556263 61.2258 1.59481
2.34915 -1.30446 0.527795 56.428 1.62117
2.3492 -1.31523 0.550174 59.5784 1.60681
2.34925 -1.31775 0.557077 59.4289 1.58504
2.3493 -1.314 0.548437 58.5204 1.60487
2.34935 -1.3113 0.543958 58.2611 1.62282
2.3494 -1.319 0.556214 61.0547 1.59642
2.34945 -1.31031 0.542656 58.5311 1.53817
2.3495 -1.3136 0.54313 59.1104 1.59138
2.34955 -1.30846 0.535466 58.0045 1.63697
2.3496 -1.31415 0.548309 59.8284 1.5827
2.34965 -1.31346 0.544845 59.4592 1.59476
2.3497 -1.31375 0.549986 59.9715 1.58582
2.34975 -1.31024 0.53727 56.6795 1.62523
2.3498 -1.31478 0.545509 59.6575 1.63666
2.34985 -1.31538 0.548034 59.322 1.56622
2.3499 -1.31326 0.544343 59.3779 1.63843
2.34995 -1.30861 0.535404 57.8759 1.60724
