2.1 -1.65956 0.865646 1.24837 0.997119
2.10005 -1.66502 0.871924 0.770036 0.929002
2.1001 -1.66212 0.868353 115.999 0.953967
2.10015 -1.6609 0.86828 0.898883 0.965912
2.1002 -1.66183 0.869594 0.85268 0.94725
2.10025 -1.66117 0.865776 143.985 1.02602
2.1003 -1.6622 0.869593 0.837105 0.934448
2.10035 -1.66148 0.868682 0.921564 0.95679
2.1004 -1.66085 0.866364 1.20698 0.996805
2.10045 -1.66168 0.869078 0.887658 0.956916
2.1005 -1.6605 0.868128 117.725 0.969725
2.10055 -1.66063 0.867956 109.038 0.96347
2.1006 -1.65949 0.866353 104.371 0.984064
2.10065 -1.66138 0.868249 0.977498 0.965867
2.1007 -1.66137 0.867054 76.2421 0.976571
2.10075 -1.66046 0.866984 1.17191 0.988365
2.1008 -1.66074 0.868074 0.980269 0.965821
2.10085 -1.65964 0.866985 0.945712 0.981236
2.1009 -1.65795 0.864276 100.169 0.998569
2.10095 -1.65928 0.867238 0.916384 0.977745
2.101 -1.66066 0.868782 0.868514 0.950053
2.10105 -1.66086 0.868409 0.842295 0.947577
2.1011 -1.66015 0.868581 0.815337 0.95538
2.10115 -1.66135 0.868539 0.867937 0.959715
2.1012 -1.66206 0.870622 0.751479 0.925565
2.10125 -1.65981 0.867327 0.93475 0.975537
2.1013 -1.66219 0.869227 0.932634 0.972334
2.10135 -1.66064 0.86752 1.0898 0.944397
2.1014 -1.66042 0.867867 130.873 0.952022
2.10145 -1.65815 0.866621 0.933274 0.97957
2.1015 -1.65782 0.864479 143.498 1.03107
2.10155 -1.6613 0.868846 0.84885 0.966769
2.1016 -1.65843 0.865768 0.973415 0.97522
2.10165 -1.66046 0.868681 0.888009 0.950347
2.1017 -1.65993 0.868378 132.61 0.948512
2.10175 -1.66014 0.867805 0.885906 0.953499
2.1018 -1.65997 0.868004 0.916517 0.969291
2.10185 -1.65762 0.865524 1.03704 0.98734
2.1019 -1.66009 0.867547 0.980609 0.958125
2.10195 -1.65849 0.865541 116.366 0.99247
2.102 -1.66073 0.867871 0.948795 0.982843
2.10205 -1.65742 0.864106 98.0381 0.989514
2.1021 -1.65861 0.866245 1.06402 0.976789
2.10215 -1.65911 0.866433 1.0095 0.972085
2.1022 -1.66032 0.868074 1.20013 0.95121
2.10225 -1.65842 0.867179 0.853661 0.951631
2.1023 -1.66125 0.868676 0.866629 0.946536
2.10235 -1.66032 0.868645 0.851897 0.962422
2.1024 -1.66178 0.869402 0.876975 0.945216
2.10245 -1.65795 0.865997 117.526 0.990531
2.1025 -1.66002 0.867845 0.920624 0.968389
2.10255 -1.65786 0.865236 1.09936 0.984837
2.1026 -1.65849 0.866411 7.47057 0.980687
2.10265 -1.65816 0.866048 0.973857 0.975894
2.1027 -1.65926 0.867946 0.867163 0.957443
2.10275 -1.65964 0.86777 0.893669 0.955335
2.1028 -1.6595 0.866622 1.10181 0.977624
2.10285 -1.66005 0.868745 0.830097 0.951132
2.1029 -1.65875 0.866441 140.757 0.965513
2.10295 -1.6584 0.866926 127.887 0.972284
2.103 -1.65775 0.865219 1.09319 0.984645
2.10305 -1.65845 0.865862 1.01337 0.976417
2.1031 -1.65897 0.866886 143.973 0.972915
2.10315 -1.65832 0.866535 0.915327 0.953316
2.1032 -1.6575 0.865018 1.14934 0.993027
2.10325 -1.65716 0.865689 0.938005 0.979544
2.1033 -1.65808 0.864338 71.668 1.00202
2.10335 -1.66009 0.86941 0.791832 0.930221
2.1034 -1.65832 0.867498 0.866931 0.961373
2.10345 -1.65633 0.864894 0.992005 0.993873
2.1035 -1.65745 0.866382 0.948422 0.980294
2.10355 -1.65786 0.865336 137.056 0.984327
2.1036 -1.65579 0.863784 58.4087 1.00145
2.10365 -1.65992 0.868038 99.1396 0.951222
2.1037 -1.65624 0.864117 114.519 0.997155
2.10375 -1.65722 0.865602 1.03577 0.980472
2.1038 -1.65702 0.864061 143.19 1.02594
2.10385 -1.65745 0.866566 0.962304 0.986979
2.1039 -1.65973 0.869026 0.782322 0.936557
2.10395 -1.65755 0.863922 84.0759 1.00498
2.104 -1.6586 0.86815 0.819072 0.962337
2.10405 -1.65684 0.86516 1.04503 0.988555
2.1041 -1.65933 0.86861 0.828838 0.957462
2.10415 -1.65634 0.86411 98.3728 1.00085
2.1042 -1.6566 0.86443 96.9235 1.00192
2.10425 -1.65875 0.866659 1.02529 0.98273
2.1043 -1.65773 0.865994 141.426 0.983004
2.10435 -1.65718 0.86573 1.12558 0.965305
2.1044 -1.65551 0.864643 1.02468 0.984376
2.10445 -1.65586 0.86431 24.8741 1.00185
2.1045 -1.65849 0.868198 0.769915 0.932858
2.10455 -1.6574 0.866034 0.93472 0.975367
2.1046 -1.65698 0.864685 1.11995 0.996367
2.10465 -1.65823 0.867294 0.881203 0.964939
2.1047 -1.65682 0.866284 0.889141 0.965465
2.10475 -1.65685 0.865865 1.08877 0.971716
2.1048 -1.65739 0.866782 0.881736 0.975643
2.10485 -1.65825 0.867881 139.166 0.958052
2.1049 -1.65599 0.865034 1.01 0.978494
2.10495 -1.65827 0.867867 0.808557 0.937167
2.105 -1.6555 0.864455 1.0192 0.994765
2.10505 -1.6556 0.865009 1.04156 0.979686
2.1051 -1.65545 0.8631 141.441 1.02153
2.10515 -1.6559 0.865151 48.5124 0.981228
2.1052 -1.65554 0.864349 123.432 0.992846
2.10525 -1.65511 0.863016 114.082 1.011
2.1053 -1.65666 0.866855 0.840558 0.962402
2.10535 -1.65692 0.864869 1.16934 0.9934
2.1054 -1.65782 0.866801 111.721 0.961736
2.10545 -1.65527 0.864567 0.996699 1.00083
2.1055 -1.65629 0.865148 1.00962 0.979743
2.10555 -1.65716 0.866306 0.951155 0.974485
2.1056 -1.65639 0.86422 68.7779 1.01066
2.10565 -1.65738 0.866447 62.2475 0.979567
2.1057 -1.65297 0.860485 107.358 1.04631
2.10575 -1.65692 0.866585 0.878831 0.965015
2.1058 -1.65479 0.864418 1.01299 0.984466
2.10585 -1.65777 0.866426 1.05041 0.987533
2.1059 -1.65623 0.864985 1.02964 0.985753
2.10595 -1.65564 0.864998 0.999262 0.973433
2.106 -1.65546 0.863737 120.595 1.01594
2.10605 -1.65685 0.866678 0.876154 0.96894
2.1061 -1.65502 0.863808 1.16153 0.992755
2.10615 -1.65827 0.867724 0.903072 0.963598
2.1062 -1.65569 0.863742 71.5986 0.988135
2.10625 -1.65482 0.864329 0.989831 0.993316
2.1063 -1.65551 0.865366 0.924429 0.973449
2.10635 -1.65522 0.863682 104.744 1.00982
2.1064 -1.65607 0.866679 0.862929 0.954365
2.10645 -1.65568 0.864704 1.07206 0.982905
2.1065 -1.65378 0.862867 114.104 1.00022
2.10655 -1.65027 0.859883 61.6675 1.02993
2.1066 -1.65561 0.864395 120.926 0.991351
2.10665 -1.65619 0.865958 0.909275 0.955966
2.1067 -1.65433 0.863931 1.07843 1.00192
2.10675 -1.65465 0.863245 113.534 1.00076
2.1068 -1.65623 0.865901 0.902139 0.956201
2.10685 -1.65511 0.86426 1.17974 1.00503
2.1069 -1.65668 0.866646 0.84873 0.957895
2.10695 -1.65448 0.863278 119.279 1.00148
2.107 -1.65506 0.864536 130.336 0.97954
2.10705 -1.65506 0.865411 0.927586 0.967802
2.1071 -1.65394 0.864509 129.335 0.984703
2.10715 -1.6544 0.864663 115.483 0.986094
2.1072 -1.65691 0.866358 0.898857 0.974296
2.10725 -1.65352 0.863726 0.959085 0.980967
2.1073 -1.65404 0.863205 1.08782 0.994498
2.10735 -1.65494 0.865348 0.926541 0.980531
2.1074 -1.65469 0.86481 0.925746 0.975185
2.10745 -1.65389 0.863948 116.491 0.984856
2.1075 -1.65363 0.862581 1.27631 1.00834
2.10755 -1.65003 0.859863 1.31348 1.01532
2.1076 -1.65616 0.866344 0.885546 0.953402
2.10765 -1.65546 0.864856 1.01362 0.994831
2.1077 -1.65432 0.864507 142.155 0.996324
2.10775 -1.65517 0.865108 0.995286 0.982065
2.1078 -1.65229 0.860857 103.283 1.03157
2.10785 -1.65463 0.864095 1.08421 0.976842
2.1079 -1.65458 0.865564 0.867524 0.969296
2.10795 -1.65493 0.864825 108.224 0.982836
2.108 -1.65583 0.865819 0.868416 0.950706
2.10805 -1.65436 0.863519 130.463 0.996334
2.1081 -1.65269 0.862804 1.11294 1.00986
2.10815 -1.65336 0.863019 140.398 0.999485
2.1082 -1.65208 0.862548 1.06714 0.998743
2.10825 -1.65309 0.864244 0.946904 0.978359
2.1083 -1.65196 0.861872 1.10656 1.01745
2.10835 -1.65296 0.862931 1.05211 0.999693
2.1084 -1.65406 0.862796 119.519 0.982778
2.10845 -1.65345 0.864029 1.13362 0.996275
2.1085 -1.65331 0.863962 0.959123 0.971161
2.10855 -1.65264 0.862885 125.183 0.991787
2.1086 -1.6501 0.859743 1.45746 1.0222
2.10865 -1.65194 0.86287 0.944262 1.00423
2.1087 -1.65425 0.864263 60.4953 0.978639
2.10875 -1.65667 0.867567 0.805961 0.959735
2.1088 -1.6539 0.864138 0.94354 0.976249
2.10885 -1.65382 0.864722 0.891816 0.954422
2.1089 -1.65319 0.863836 141.588 0.985801
2.10895 -1.65188 0.861951 63.9324 1.01696
2.109 -1.65244 0.861451 1.33572 1.01363
2.10905 -1.65269 0.863335 0.970199 0.990327
2.1091 -1.65331 0.863949 0.976874 0.986083
2.10915 -1.65213 0.862993 70.0712 0.991953
2.1092 -1.65127 0.861503 79.7915 1.00397
2.10925 -1.651 0.862585 1.02442 0.986349
2.1093 -1.6511 0.862054 1.01561 0.979231
2.10935 -1.65363 0.864158 0.990357 0.987178
2.1094 -1.6531 0.863057 124.933 0.998059
2.10945 -1.65186 0.862875 1.08429 0.990033
2.1095 -1.65149 0.86114 1.426 1.02936
2.10955 -1.6527 0.861348 101.984 1.01259
2.1096 -1.65064 0.861258 1.12093 1.00649
2.10965 -1.65184 0.862746 140.7 0.984551
2.1097 -1.65089 0.861533 130.463 1.01533
2.10975 -1.65104 0.86114 1.22786 1.03383
2.1098 -1.6523 0.863921 0.93354 0.974296
2.10985 -1.65393 0.864533 0.951587 0.970675
2.1099 -1.65165 0.862182 1.08328 1.01416
2.10995 -1.65162 0.862404 1.08095 1.01751
2.11 -1.6539 0.86528 20.7 0.951121
2.11005 -1.65249 0.863209 1.0239 0.983753
2.1101 -1.65134 0.862303 1.05195 0.991784
2.11015 -1.6543 0.865714 0.846503 0.951815
2.1102 -1.65094 0.861208 78.7324 1.02166
2.11025 -1.65361 0.865604 0.891566 0.970478
2.1103 -1.65328 0.864135 0.983824 0.986917
2.11035 -1.65386 0.865064 0.892264 0.958658
2.1104 -1.65112 0.861311 1.24038 1.01106
2.11045 -1.65125 0.862282 1.00758 0.995659
2.1105 -1.65055 0.861556 1.10857 1.01629
2.11055 -1.65175 0.861307 1.33592 1.00845
2.1106 -1.65153 0.863186 141.636 0.983377
2.11065 -1.65055 0.860049 85.8247 1.03122
2.1107 -1.65164 0.862556 1.2303 0.995355
2.11075 -1.65146 0.863918 0.880579 0.973621
2.1108 -1.65264 0.864236 1.01911 0.992204
2.11085 -1.65227 0.864127 0.910546 0.966474
2.1109 -1.65038 0.862235 0.952359 0.987419
2.11095 -1.65017 0.862033 136.084 1.00425
2.111 -1.65056 0.861398 1.13796 1.00963
2.11105 -1.64949 0.860434 1.2005 1.02452
2.1111 -1.65139 0.86358 140.95 0.986036
2.11115 -1.65204 0.863685 0.995101 0.972333
2.1112 -1.651 0.861372 112.524 1.02288
2.11125 -1.64937 0.861323 34.1222 0.986132
2.1113 -1.64743 0.859013 76.2533 1.02499
2.11135 -1.64902 0.859426 1.2478 1.02371
2.1114 -1.6507 0.861183 1.28997 1.00723
2.11145 -1.64895 0.86055 3.50584 1.0127
2.1115 -1.64917 0.860599 128.602 1.0078
2.11155 -1.65083 0.86187 1.02924 0.983674
2.1116 -1.65032 0.860294 53.4318 1.01513
2.11165 -1.6496 0.860832 140.687 1.01274
2.1117 -1.64836 0.85842 97.3348 1.03648
2.11175 -1.6488 0.859755 58.1918 1.01674
2.1118 -1.64936 0.861822 1.00516 0.996391
2.11185 -1.65012 0.862169 1.06007 1.00907
2.1119 -1.65058 0.863178 0.918413 0.970023
2.11195 -1.64772 0.857759 48.0658 1.05067
2.112 -1.6506 0.861663 115.718 0.991679
2.11205 -1.65174 0.864036 0.906353 0.974436
2.1121 -1.65183 0.862922 1.15987 0.983162
2.11215 -1.64736 0.858527 67.4584 1.02653
2.1122 -1.65091 0.863751 0.89814 0.986751
2.11225 -1.65042 0.862373 111.715 0.990093
2.1123 -1.6496 0.860576 1.23187 1.01637
2.11235 -1.64713 0.858131 138.752 1.04136
2.1124 -1.64868 0.860742 1.08711 1.01546
2.11245 -1.649 0.859402 136.287 1.01223
2.1125 -1.6509 0.864023 0.85921 0.966489
2.11255 -1.64963 0.861438 70.7972 1.01266
2.1126 -1.64938 0.862511 0.917277 0.988247
2.11265 -1.64905 0.860993 1.08365 1.00284
2.1127 -1.6512 0.86349 0.912841 0.981416
2.11275 -1.64865 0.859406 104.522 1.0171
2.1128 -1.64747 0.858148 1.42925 1.02707
2.11285 -1.64895 0.861103 1.03621 0.987862
2.1129 -1.64942 0.861014 1.08113 1
2.11295 -1.64595 0.856005 119.477 1.04144
2.113 -1.64872 0.858962 116.846 1.03034
2.11305 -1.64907 0.862217 0.948037 0.99203
2.1131 -1.64884 0.861256 1.02989 0.986985
2.11315 -1.64961 0.860797 1.34267 1.01341
2.1132 -1.64944 0.861756 1.03117 0.98513
2.11325 -1.64796 0.860641 1.03551 1.00615
2.1133 -1.64856 0.861285 1.00084 0.998012
2.11335 -1.64842 0.861485 1.01998 0.991325
2.1134 -1.64807 0.85969 122.594 1.02601
2.11345 -1.6502 0.861627 64.1975 1.01415
2.1135 -1.64699 0.859867 1.07856 1.02293
2.11355 -1.6461 0.857945 127.155 1.01752
2.1136 -1.64641 0.857031 102.119 1.05857
2.11365 -1.64519 0.856358 1.57907 1.043
2.1137 -1.64793 0.859488 137.315 1.01526
2.11375 -1.64892 0.861925 52.2782 0.980233
2.1138 -1.64803 0.860987 1.03389 0.993678
2.11385 -1.64753 0.85967 1.18655 1.00895
2.1139 -1.64662 0.859998 0.994336 1.00898
2.11395 -1.64596 0.859424 1.06689 1.0268
2.114 -1.64762 0.860624 0.996762 0.985228
2.11405 -1.64652 0.859084 1.16907 1.02462
2.1141 -1.64839 0.86101 65.4091 1.00839
2.11415 -1.64616 0.859369 1.09153 1.00792
2.1142 -1.64823 0.861138 1.05022 1.00276
2.11425 -1.64614 0.855205 1.77126 1.07202
2.1143 -1.64867 0.861999 0.951012 0.969789
2.11435 -1.64773 0.860383 107.954 1.02497
2.1144 -1.6459 0.858665 1.15425 1.0235
2.11445 -1.6478 0.860368 1.04509 1.02135
2.1145 -1.64623 0.859623 1.04042 1.01829
2.11455 -1.64766 0.861282 0.940702 0.986185
2.1146 -1.64519 0.858829 120.906 1.01746
2.11465 -1.64736 0.860413 1.05015 0.999646
2.1147 -1.64651 0.859088 1.17024 1.02337
2.11475 -1.64655 0.858861 1.1717 1.02546
2.1148 -1.64654 0.859657 1.08042 1.02844
2.11485 -1.64723 0.8595 116.968 1.00882
2.1149 -1.64513 0.85727 131.06 1.05135
2.11495 -1.64743 0.860185 41.9735 1.00529
2.115 -1.64794 0.861953 0.91035 0.971454
2.11505 -1.64675 0.859406 1.13924 1.00258
2.1151 -1.64755 0.859763 1.21679 1.0356
2.11515 -1.64801 0.860906 1.05343 1.0032
2.1152 -1.64838 0.861255 1.08414 0.997865
2.11525 -1.64752 0.860674 1.01889 0.999109
2.1153 -1.64943 0.86349 0.877025 0.987786
2.11535 -1.64542 0.858246 117.822 1.02549
2.1154 -1.64687 0.859843 1.08258 0.997547
2.11545 -1.6464 0.859621 81.6928 0.997961
2.1155 -1.64868 0.862486 0.928419 0.984613
2.11555 -1.64432 0.85656 93.7277 1.05316
2.1156 -1.64756 0.860911 1.04403 0.996638
2.11565 -1.64709 0.860569 16.6383 0.991654
2.1157 -1.64619 0.85946 1.1192 1.00924
2.11575 -1.6473 0.861503 0.941696 0.988837
2.1158 -1.64679 0.860658 1.00663 0.989359
2.11585 -1.64816 0.861624 1.02692 0.9766
2.1159 -1.64391 0.856038 103.922 1.03625
2.11595 -1.6465 0.860669 0.955407 0.99182
2.116 -1.64865 0.861455 1.06101 0.983457
2.11605 -1.64546 0.859567 1.02181 1.00434
2.1161 -1.64531 0.857903 127.272 1.03014
2.11615 -1.64875 0.86295 0.881095 0.964148
2.1162 -1.64482 0.858713 1.08463 1.00241
2.11625 -1.64908 0.862527 133.859 0.995552
2.1163 -1.64553 0.858899 1.39678 1.03025
2.11635 -1.64416 0.859003 1.0105 1.01161
2.1164 -1.64495 0.858773 139.494 1.01539
2.11645 -1.6464 0.859675 1.13526 1.00599
2.1165 -1.64802 0.861976 0.941664 0.976342
2.11655 -1.6465 0.859421 21.0658 1.01239
2.1166 -1.64433 0.858484 140.402 1.02783
2.11665 -1.64321 0.855725 130.586 1.04628
2.1167 -1.64364 0.856945 20.5557 1.01905
2.11675 -1.64675 0.859345 1.23259 1.01068
2.1168 -1.64668 0.860726 1.01525 0.988137
2.11685 -1.64647 0.860839 0.924702 0.977409
2.1169 -1.6476 0.860041 1.21724 1.0037
2.11695 -1.64497 0.858072 101.755 1.01619
2.117 -1.64415 0.858178 111.004 1.01756
2.11705 -1.64438 0.858794 1.06621 1.01289
2.1171 -1.64423 0.858745 1.00011 1.00562
2.11715 -1.64229 0.855375 104.967 1.04005
2.1172 -1.64571 0.861019 0.921402 0.978218
2.11725 -1.64413 0.858813 0.985749 1.01041
2.1173 -1.64373 0.857693 136.744 1.02679
2.11735 -1.64525 0.859412 1.02616 1.00589
2.1174 -1.64777 0.861512 140.189 0.988466
2.11745 -1.64247 0.856042 132.365 1.04998
2.1175 -1.64449 0.858065 1.10775 1.00578
2.11755 -1.6437 0.857507 138.929 1.03991
2.1176 -1.64476 0.858769 1.13344 1.01647
2.11765 -1.64248 0.855218 49.0228 1.06959
2.1177 -1.64346 0.857626 117.043 1.02519
2.11775 -1.64334 0.857435 109.188 1.03775
2.1178 -1.6447 0.857832 21.9863 1.01145
2.11785 -1.64563 0.859908 1.07746 0.996719
2.1179 -1.64422 0.858012 69.7363 1.02316
2.11795 -1.64441 0.857521 1.32276 1.03825
2.118 -1.64304 0.856818 1.2152 1.02469
2.11805 -1.64391 0.856826 76.4289 1.04772
2.1181 -1.64657 0.860877 0.991567 0.990834
2.11815 -1.64256 0.855671 1.50421 1.05676
2.1182 -1.64279 0.856997 49.1087 1.02646
2.11825 -1.64336 0.857782 127.156 1.02102
2.1183 -1.64469 0.859155 3.02782 1.00918
2.11835 -1.6416 0.856049 1.22724 1.0324
2.1184 -1.64442 0.858471 52.3569 1.00281
2.11845 -1.64376 0.85759 1.11495 1.02436
2.1185 -1.64502 0.860504 0.916591 0.985138
2.11855 -1.64337 0.858447 1.05031 1.01342
2.1186 -1.64595 0.86072 0.970246 0.982786
2.11865 -1.64653 0.861206 0.937237 0.9821
2.1187 -1.64521 0.860177 0.955438 0.996026
2.11875 -1.64528 0.859356 138.82 1.00332
2.1188 -1.64321 0.85656 114.457 1.05017
2.11885 -1.64326 0.857823 1.08679 1.00318
2.1189 -1.64441 0.858882 122.574 1.00073
2.11895 -1.64278 0.857317 1.31311 1.01742
2.119 -1.64471 0.857824 1.43626 1.01037
2.11905 -1.6418 0.855973 1.26475 1.02147
2.1191 -1.64364 0.858798 1.06411 1.00617
2.11915 -1.64492 0.860193 0.964468 0.984724
2.1192 -1.64257 0.856695 1.15689 1.0081
2.11925 -1.64304 0.857261 104.862 1.03075
2.1193 -1.64334 0.859442 0.971921 1.002
2.11935 -1.64088 0.854634 109.111 1.04504
2.1194 -1.64114 0.856029 86.7769 1.04513
2.11945 -1.64443 0.859841 0.997099 1.00545
2.1195 -1.64416 0.859641 0.964041 0.986499
2.11955 -1.6395 0.852639 127.503 1.06829
2.1196 -1.64117 0.856252 139.124 1.0162
2.11965 -1.64528 0.859347 1.14381 1.00181
2.1197 -1.64267 0.8573 41.2534 1.00874
2.11975 -1.64412 0.859664 0.947083 0.991268
2.1198 -1.64134 0.856392 107.717 1.02606
2.11985 -1.64285 0.857333 107.084 1.02863
2.1199 -1.63987 0.853124 6.8129 1.06207
2.11995 -1.64495 0.860536 0.976603 0.986334
2.12 -1.6421 0.85708 1.13015 1.00853
2.12005 -1.6439 0.860332 0.910084 0.993078
2.1201 -1.64133 0.856151 110.129 1.0125
2.12015 -1.64165 0.856706 40.028 1.031
2.1202 -1.64273 0.857842 1.08362 1.00716
2.12025 -1.64178 0.855476 1.4419 1.05422
2.1203 -1.64236 0.856458 1.29555 1.03702
2.12035 -1.63982 0.856184 1.05701 1.02232
2.1204 -1.63863 0.853167 1.401 1.04477
2.12045 -1.6414 0.856577 130.551 1.02697
2.1205 -1.64011 0.855573 1.12543 1.01858
2.12055 -1.64287 0.858272 1.04685 1.00123
2.1206 -1.63949 0.854526 1.21383 1.03973
2.12065 -1.6386 0.854006 34.5852 1.06988
2.1207 -1.63878 0.853283 1.45972 1.07028
2.12075 -1.6429 0.858494 1.07952 1.01375
2.1208 -1.63979 0.853379 85.8999 1.067
2.12085 -1.64022 0.855184 95.7829 1.04548
2.1209 -1.63823 0.851727 25.3006 1.08943
2.12095 -1.64079 0.857069 1.08368 1.00005
2.121 -1.64082 0.856833 1.07752 1.02804
2.12105 -1.63775 0.852676 124.564 1.05022
2.1211 -1.63916 0.854362 71.6808 1.05718
2.12115 -1.64293 0.85793 1.15225 1.01596
2.1212 -1.63958 0.854739 1.22858 1.02178
2.12125 -1.64005 0.855077 99.8539 1.04298
2.1213 -1.64038 0.854847 138.464 1.06929
2.12135 -1.64216 0.857394 1.11915 1.01222
2.1214 -1.63934 0.853471 122.702 1.05271
2.12145 -1.64339 0.859113 0.97931 0.999254
2.1215 -1.63699 0.851408 124.527 1.05874
2.12155 -1.63757 0.852843 138.292 1.06108
2.1216 -1.6398 0.854818 62.5125 1.04375
2.12165 -1.64021 0.856499 1.08198 1.03788
2.1217 -1.64123 0.856909 1.06526 1.01022
2.12175 -1.63841 0.854768 1.27822 1.02709
2.1218 -1.63866 0.854004 133.667 1.0569
2.12185 -1.6368 0.853707 138.209 1.05845
2.1219 -1.63993 0.856168 69.0052 1.00665
2.12195 -1.64088 0.856068 1.15805 1.0316
2.122 -1.63577 0.850305 115.88 1.07866
2.12205 -1.63717 0.850272 1.80329 1.08607
2.1221 -1.64066 0.857547 0.998242 1.00715
2.12215 -1.63684 0.852639 135.515 1.05349
2.1222 -1.64134 0.858118 119.922 1.00085
2.12225 -1.63762 0.852396 76.3225 1.05165
2.1223 -1.64023 0.857323 0.974053 1.00013
2.12235 -1.64172 0.858021 0.995745 0.996692
2.1224 -1.63794 0.853723 128.95 1.04473
2.12245 -1.64121 0.859046 0.88672 0.972066
2.1225 -1.63768 0.853893 133.612 1.06242
2.12255 -1.63949 0.854983 125.967 1.03898
2.1226 -1.63798 0.854296 73.2661 1.04235
2.12265 -1.6412 0.857556 1.05303 1.02358
2.1227 -1.63878 0.853323 1.41604 1.05051
2.12275 -1.64025 0.85718 1.02806 1.01152
2.1228 -1.63789 0.853428 60.1757 1.04786
2.12285 -1.63996 0.856509 35.2986 1.03123
2.1229 -1.63878 0.854778 119.215 1.05729
2.12295 -1.63915 0.855897 1.12006 1.02028
2.123 -1.63986 0.85455 1.43601 1.04841
2.12305 -1.63809 0.853159 1.43476 1.05825
2.1231 -1.63937 0.856422 135.078 1.02817
2.12315 -1.63636 0.851273 40.6359 1.08067
2.1232 -1.63828 0.853685 10.4475 1.04089
2.12325 -1.63973 0.856183 84.5044 1.03464
2.1233 -1.63551 0.852083 1.90912 1.04354
2.12335 -1.63935 0.856412 1.02527 1.00472
2.1234 -1.63648 0.851275 98.2692 1.0612
2.12345 -1.63764 0.853722 138.547 1.03873
2.1235 -1.64222 0.858344 80.9504 0.991569
2.12355 -1.63656 0.851968 137.493 1.0563
2.1236 -1.63631 0.851914 132.072 1.06633
2.12365 -1.63982 0.857692 0.929097 0.990277
2.1237 -1.63488 0.8498 114.798 1.06974
2.12375 -1.63861 0.854443 1.38936 1.02564
2.1238 -1.63757 0.852763 117.555 1.06511
2.12385 -1.63874 0.855715 1.05286 1.0263
2.1239 -1.63884 0.854514 1.3004 1.03153
2.12395 -1.63959 0.857134 21.2636 0.990421
2.124 -1.63628 0.853746 1.14003 1.03215
2.12405 -1.63718 0.853908 1.17193 1.03535
2.1241 -1.63513 0.850979 1.35847 1.06025
2.12415 -1.63912 0.85595 66.9679 1.02404
2.1242 -1.6404 0.857342 40.5788 1.00761
2.12425 -1.63655 0.852828 127.411 1.04851
2.1243 -1.63922 0.85699 0.965834 0.997793
2.12435 -1.63852 0.854662 1.23271 1.04044
2.1244 -1.63737 0.855044 1.00935 1.00801
2.12445 -1.63834 0.855673 115.472 1.03713
2.1245 -1.63593 0.853209 44.1061 1.04405
2.12455 -1.63738 0.853203 138.161 1.03368
2.1246 -1.63584 0.850299 110.008 1.08631
2.12465 -1.63454 0.847748 6.27633 1.11065
2.1247 -1.63837 0.856398 0.97552 1.00273
2.12475 -1.6353 0.852133 136.474 1.05603
2.1248 -1.63685 0.853582 24.3945 1.03048
2.12485 -1.63742 0.854081 137.739 1.04179
2.1249 -1.63512 0.851528 1.72185 1.07731
2.12495 -1.63826 0.855351 131.657 1.01219
2.125 -1.63536 0.852053 21.1492 1.06778
2.12505 -1.63531 0.851768 43.96 1.07844
2.1251 -1.63718 0.853588 1.24623 1.04464
2.12515 -1.63589 0.852449 30.8894 1.04558
2.1252 -1.63721 0.854094 1.23319 1.02383
2.12525 -1.63506 0.851742 82.0887 1.06023
2.1253 -1.63543 0.850916 137.788 1.06782
2.12535 -1.63716 0.852894 66.9804 1.03811
2.1254 -1.63538 0.851988 130.239 1.05188
2.12545 -1.63665 0.853773 138.353 1.0326
2.1255 -1.63481 0.850883 127.644 1.04771
2.12555 -1.63636 0.853738 1.1986 1.04252
2.1256 -1.63633 0.853139 39.7706 1.06878
2.12565 -1.63224 0.845734 135.554 1.12558
2.1257 -1.63568 0.85179 1.50231 1.06234
2.12575 -1.63438 0.848987 1.66152 1.0873
2.1258 -1.63622 0.853829 14.2932 1.02524
2.12585 -1.63579 0.852547 136.92 1.05601
2.1259 -1.63465 0.853373 1.05575 1.02176
2.12595 -1.63464 0.851168 1.34382 1.05708
2.126 -1.63524 0.851343 19.3273 1.05925
2.12605 -1.63536 0.850797 136.562 1.08464
2.1261 -1.63688 0.854052 134.235 1.03095
2.12615 -1.6361 0.854046 135.476 1.04486
2.1262 -1.63544 0.852085 129.613 1.05993
2.12625 -1.63499 0.853083 83.1696 1.05438
2.1263 -1.63406 0.851424 55.2206 1.05442
2.12635 -1.63519 0.851624 124.953 1.0675
2.1264 -1.63582 0.854251 1.06253 1.02809
2.12645 -1.6355 0.852492 123.967 1.03611
2.1265 -1.63747 0.855546 1.05939 1.00946
2.12655 -1.63668 0.854893 118.347 1.01907
2.1266 -1.63538 0.852739 1.26617 1.03428
2.12665 -1.63401 0.850068 135.814 1.06449
2.1267 -1.63244 0.847589 128.034 1.09532
2.12675 -1.63269 0.848956 65.7655 1.07385
2.1268 -1.63457 0.852939 1.16631 1.04348
2.12685 -1.63295 0.850312 68.7445 1.06137
2.1269 -1.63281 0.849919 1.45069 1.08176
2.12695 -1.63514 0.853797 1.20408 1.02793
2.127 -1.63698 0.854804 116.994 1.02014
2.12705 -1.63262 0.847767 125.252 1.11008
2.1271 -1.6328 0.849654 1.47225 1.0834
2.12715 -1.63439 0.851998 1.32534 1.05225
2.1272 -1.6366 0.852126 120.814 1.06902
2.12725 -1.63382 0.852196 103.834 1.05342
2.1273 -1.63427 0.850241 103.349 1.08008
2.12735 -1.63087 0.847234 101.756 1.10809
2.1274 -1.63278 0.850858 1.32939 1.06111
2.12745 -1.63483 0.852373 1.34943 1.05725
2.1275 -1.63324 0.851894 1.33401 1.04827
2.12755 -1.63301 0.850836 97.4111 1.05523
2.1276 -1.63469 0.851951 9.18814 1.0553
2.12765 -1.63253 0.850174 136.724 1.06876
2.1277 -1.63281 0.850089 131.011 1.05893
2.12775 -1.63158 0.85025 2.15903 1.06845
2.1278 -1.63287 0.85284 1.07159 1.03149
2.12785 -1.63228 0.849861 131.522 1.07495
2.1279 -1.63009 0.847391 109.451 1.09409
2.12795 -1.63593 0.854938 1.05948 1.03466
2.128 -1.63311 0.850823 28.3295 1.05873
2.12805 -1.63331 0.852615 63.7559 1.04083
2.1281 -1.6338 0.851978 1.29744 1.03324
2.12815 -1.63432 0.851837 76.0827 1.06299
2.1282 -1.63435 0.852404 1.2607 1.05275
2.12825 -1.63213 0.850926 74.6049 1.04939
2.1283 -1.63696 0.855489 1.07809 1.01762
2.12835 -1.63078 0.849663 1.39044 1.05918
2.1284 -1.63508 0.853886 93.7208 1.0229
2.12845 -1.63139 0.848602 18.9199 1.08318
2.1285 -1.62924 0.846281 128.74 1.10046
2.12855 -1.63228 0.852005 84.7219 1.03619
2.1286 -1.63357 0.851961 1.23059 1.04189
2.12865 -1.63112 0.847785 115.017 1.10496
2.1287 -1.6364 0.854673 132.825 1.01878
2.12875 -1.63318 0.85106 19.1743 1.05059
2.1288 -1.6336 0.851922 64.8308 1.05157
2.12885 -1.63459 0.852956 66.2735 1.04432
2.1289 -1.63322 0.851214 1.24441 1.05324
2.12895 -1.63066 0.848492 112.133 1.06949
2.129 -1.63113 0.848746 1.46187 1.0853
2.12905 -1.63526 0.853552 111.253 1.0232
2.1291 -1.63417 0.852923 1.09841 1.02871
2.12915 -1.63632 0.853995 23.5624 1.02515
2.1292 -1.63083 0.849412 1.5034 1.07372
2.12925 -1.63274 0.851834 1.18441 1.0566
2.1293 -1.63441 0.852742 134.698 1.04081
2.12935 -1.6318 0.849419 1.57738 1.06685
2.1294 -1.63327 0.851993 1.19214 1.04299
2.12945 -1.63187 0.850634 1.28856 1.06503
2.1295 -1.63401 0.852391 1.21772 1.02885
2.12955 -1.6323 0.851821 1.14756 1.0353
2.1296 -1.63131 0.850112 92.9558 1.05186
2.12965 -1.63215 0.851348 57.8004 1.03665
2.1297 -1.63177 0.849288 1.43301 1.07014
2.12975 -1.63101 0.850465 33.4203 1.04129
2.1298 -1.63135 0.849545 80.8378 1.07055
2.12985 -1.63001 0.848495 135.661 1.08495
2.1299 -1.6309 0.848345 115.817 1.09692
2.12995 -1.63252 0.851396 69.4901 1.05758
2.13 -1.63297 0.852105 36.3569 1.05101
2.13005 -1.62666 0.844921 23.0867 1.09232
2.1301 -1.62992 0.849405 1.28151 1.06713
2.13015 -1.63009 0.850031 74.2754 1.06012
2.1302 -1.63187 0.851413 1.20692 1.05809
2.13025 -1.63232 0.85118 1.39567 1.0574
2.1303 -1.63018 0.84775 19.4399 1.08772
2.13035 -1.63151 0.85142 1.1869 1.06582
2.1304 -1.63289 0.851461 8.71296 1.05426
2.13045 -1.63035 0.848228 64.009 1.07004
2.1305 -1.63209 0.851597 1.20871 1.04798
2.13055 -1.62867 0.846203 1.68508 1.09727
2.1306 -1.63045 0.850097 1.26268 1.05286
2.13065 -1.62922 0.848851 1.40141 1.06262
2.1307 -1.6298 0.849838 1.32288 1.05144
2.13075 -1.63031 0.849763 122.872 1.0566
2.1308 -1.63084 0.85096 135.029 1.0317
2.13085 -1.62756 0.845084 114.054 1.10869
2.1309 -1.63318 0.853932 0.952173 1.01979
2.13095 -1.63254 0.851369 115.164 1.01783
2.131 -1.62921 0.848297 135.818 1.08283
2.13105 -1.62762 0.846442 73.3995 1.10159
2.1311 -1.62861 0.847075 94.2679 1.07941
2.13115 -1.62807 0.846744 126.311 1.08894
2.1312 -1.63211 0.852161 1.2177 1.0293
2.13125 -1.63066 0.849636 88.8247 1.06143
2.1313 -1.62978 0.84894 1.45089 1.05513
2.13135 -1.63014 0.850044 44.099 1.04884
2.1314 -1.62943 0.849944 110.977 1.05082
2.13145 -1.63285 0.853081 50.1532 1.01996
2.1315 -1.6292 0.84899 1.3322 1.04905
2.13155 -1.62802 0.845374 25.5637 1.10461
2.1316 -1.62898 0.848622 136.314 1.07299
2.13165 -1.63086 0.850923 41.2594 1.03085
2.1317 -1.63208 0.851711 1.12068 1.03552
2.13175 -1.62901 0.848643 131.814 1.07406
2.1318 -1.62886 0.84788 57.5943 1.09499
2.13185 -1.63102 0.851481 77.8324 1.0232
2.1319 -1.62864 0.847998 110.764 1.07908
2.13195 -1.63064 0.849611 4.95132 1.04749
2.132 -1.63043 0.850474 123.376 1.06977
2.13205 -1.6277 0.846963 13.7149 1.08127
2.1321 -1.6285 0.847463 133.742 1.07494
2.13215 -1.62811 0.848528 74.3658 1.0552
2.1322 -1.6296 0.849864 1.15035 1.03122
2.13225 -1.63012 0.851562 1.09464 1.02392
2.1323 -1.63071 0.850572 125.827 1.06192
2.13235 -1.62878 0.849688 1.21159 1.05165
2.1324 -1.62912 0.847821 1.50622 1.07782
2.13245 -1.62905 0.848837 111.098 1.06585
2.1325 -1.63047 0.849552 1.33435 1.04533
2.13255 -1.62926 0.84868 135.439 1.05729
2.1326 -1.62977 0.849756 1.22927 1.06336
2.13265 -1.62782 0.847627 1.46041 1.07708
2.1327 -1.62737 0.847616 1.30481 1.07537
2.13275 -1.62884 0.850043 1.16798 1.05416
2.1328 -1.62996 0.850032 83.7549 1.05284
2.13285 -1.63061 0.852203 1.04353 1.02845
2.1329 -1.62915 0.849487 136.609 1.05877
2.13295 -1.6275 0.848161 129.222 1.04706
2.133 -1.62863 0.847536 128.536 1.06138
2.13305 -1.63146 0.851449 1.32182 1.04134
2.1331 -1.62849 0.84799 1.48958 1.057
2.13315 -1.62926 0.847925 39.5094 1.07636
2.1332 -1.62803 0.847797 99.4529 1.06142
2.13325 -1.62803 0.848202 95.1255 1.06364
2.1333 -1.62485 0.843238 63.3379 1.11483
2.13335 -1.62862 0.84853 1.32187 1.05874
2.1334 -1.62916 0.850418 1.15215 1.05724
2.13345 -1.62836 0.848059 35.715 1.05947
2.1335 -1.62776 0.847457 31.3974 1.08322
2.13355 -1.62859 0.848342 100.319 1.07713
2.1336 -1.63052 0.850698 127.408 1.04736
2.13365 -1.62824 0.848614 1.25899 1.05843
2.1337 -1.62422 0.845313 18.222 1.0715
2.13375 -1.62634 0.845368 120.482 1.09676
2.1338 -1.63042 0.850712 73.2888 1.03918
2.13385 -1.62725 0.845941 134.535 1.09398
2.1339 -1.62898 0.84991 1.24442 1.03465
2.13395 -1.62964 0.851418 1.05623 1.0295
2.134 -1.63041 0.852462 1.03797 1.00181
2.13405 -1.62796 0.848425 1.34322 1.06187
2.1341 -1.62779 0.848739 1.27225 1.05813
2.13415 -1.62714 0.847845 118.064 1.08399
2.1342 -1.62903 0.851312 1.04353 1.02331
2.13425 -1.62822 0.849517 1.12671 1.04218
2.1343 -1.62786 0.849425 106.653 1.04327
2.13435 -1.63052 0.852439 1.0334 1.02038
2.1344 -1.62482 0.842646 67.4988 1.14447
2.13445 -1.62785 0.849788 1.09845 1.05099
2.1345 -1.6264 0.846626 126.111 1.07759
2.13455 -1.62937 0.85141 1.07699 1.02251
2.1346 -1.6248 0.844497 68.0879 1.10977
2.13465 -1.62484 0.84528 48.9217 1.08841
2.1347 -1.62518 0.845235 1.44385 1.091
2.13475 -1.62911 0.850639 1.22772 1.02428
2.1348 -1.62679 0.847954 1.24933 1.07446
2.13485 -1.63068 0.85146 1.14427 1.02669
2.1349 -1.62636 0.847331 115.114 1.07167
2.13495 -1.62812 0.849538 136.384 1.06008
2.135 -1.62964 0.850818 135.029 1.04793
2.13505 -1.62454 0.845551 123.308 1.08851
2.1351 -1.62715 0.848419 1.2931 1.06566
2.13515 -1.62715 0.847875 1.50066 1.06876
2.1352 -1.62872 0.850693 1.07797 1.01473
2.13525 -1.62883 0.850358 13.2141 1.04917
2.1353 -1.62652 0.846864 120.004 1.08592
2.13535 -1.62413 0.843796 130.495 1.10123
2.1354 -1.62771 0.847926 50.1001 1.09266
2.13545 -1.62494 0.846044 134.449 1.07694
2.1355 -1.62312 0.84242 10.6265 1.10493
2.13555 -1.62485 0.846172 14.2194 1.06759
2.1356 -1.62828 0.849391 93.6776 1.07074
2.13565 -1.62502 0.84603 133.309 1.09364
2.1357 -1.62635 0.847863 30.1852 1.06383
2.13575 -1.62463 0.846577 1.30165 1.08071
2.1358 -1.62627 0.848592 30.2431 1.04358
2.13585 -1.62657 0.84761 95.2556 1.07082
2.1359 -1.62741 0.849277 131.432 1.03557
2.13595 -1.62352 0.844165 120.989 1.10242
2.136 -1.62433 0.84522 128.957 1.09762
2.13605 -1.62469 0.844567 106.657 1.10646
2.1361 -1.62584 0.845618 110.43 1.09151
2.13615 -1.62616 0.848213 107.343 1.05691
2.1362 -1.62562 0.846375 1.36194 1.0776
2.13625 -1.62631 0.847806 1.4403 1.06499
2.1363 -1.62264 0.843135 34.8968 1.09791
2.13635 -1.62743 0.848406 1.41633 1.05134
2.1364 -1.62603 0.846605 132.974 1.08335
2.13645 -1.62201 0.843103 125.723 1.12917
2.1365 -1.62641 0.846891 91.1948 1.07027
2.13655 -1.62473 0.847567 121.646 1.07201
2.1366 -1.62713 0.849131 1.20033 1.05367
2.13665 -1.62313 0.842912 33.2379 1.0964
2.1367 -1.62256 0.843377 48.6984 1.10124
2.13675 -1.6251 0.846446 53.9209 1.07243
2.1368 -1.62248 0.844099 1.47881 1.08729
2.13685 -1.62424 0.843795 105.03 1.10164
2.1369 -1.62552 0.847282 1.28323 1.05855
2.13695 -1.62404 0.845835 1.32273 1.07499
2.137 -1.62123 0.842053 125.749 1.10824
2.13705 -1.62314 0.84515 107.615 1.07965
2.1371 -1.62705 0.8488 97.0124 1.06168
2.13715 -1.62291 0.84626 1.29377 1.06474
2.1372 -1.627 0.849021 89.366 1.06208
2.13725 -1.62332 0.844896 111.7 1.09339
2.1373 -1.62541 0.847904 1.16825 1.04971
2.13735 -1.62161 0.84411 123.372 1.09113
2.1374 -1.62501 0.846094 22.9202 1.08195
2.13745 -1.62069 0.840912 104.979 1.12358
2.1375 -1.62809 0.85033 9.02538 1.03199
2.13755 -1.62365 0.847074 92.6903 1.0692
2.1376 -1.62234 0.843781 134.816 1.09853
2.13765 -1.62565 0.848404 1.18069 1.05461
2.1377 -1.62327 0.845143 77.4122 1.09645
2.13775 -1.62437 0.846272 1.33386 1.06854
2.1378 -1.62353 0.845503 131.998 1.06629
2.13785 -1.62503 0.84728 102.449 1.07188
2.1379 -1.6235 0.844706 132.569 1.09299
2.13795 -1.61975 0.841135 127.068 1.12343
2.138 -1.62112 0.842295 1.62998 1.1007
2.13805 -1.62004 0.842215 59.6093 1.10198
2.1381 -1.6207 0.842151 112.318 1.13121
2.13815 -1.62443 0.847529 1.23569 1.06445
2.1382 -1.62102 0.84151 33.7644 1.14454
2.13825 -1.62316 0.845406 56.6025 1.08405
2.1383 -1.62148 0.843735 20.4572 1.07693
2.13835 -1.62314 0.845476 102.636 1.08118
2.1384 -1.62416 0.846246 113.687 1.07829
2.13845 -1.62091 0.84283 125.242 1.08288
2.1385 -1.62149 0.844735 1.2877 1.08489
2.13855 -1.62018 0.840563 2.1395 1.14852
2.1386 -1.62373 0.845888 135.145 1.06824
2.13865 -1.6187 0.839121 20.7237 1.14889
2.1387 -1.6223 0.845165 1.42014 1.07247
2.13875 -1.61835 0.837565 126.973 1.16397
2.1388 -1.62214 0.844639 133.719 1.07283
2.13885 -1.62103 0.843304 59.2877 1.09522
2.1389 -1.62139 0.844563 134.571 1.0789
2.13895 -1.62354 0.846086 82.9748 1.06862
2.139 -1.61853 0.839424 96.4484 1.13653
2.13905 -1.62208 0.845008 1.31417 1.08041
2.1391 -1.62089 0.842577 1.52743 1.10317
2.13915 -1.62413 0.846657 91.6263 1.05904
2.1392 -1.62198 0.84591 127.921 1.05657
2.13925 -1.62289 0.844158 1.61986 1.10362
2.1393 -1.62079 0.843049 1.51938 1.10489
2.13935 -1.6219 0.842383 2.08401 1.11507
2.1394 -1.62073 0.842666 134.122 1.10796
2.13945 -1.62187 0.844569 1.35693 1.06768
2.1395 -1.62075 0.8438 110.794 1.08127
2.13955 -1.62115 0.841195 133.738 1.11896
2.1396 -1.62237 0.844859 112.962 1.06998
2.13965 -1.62205 0.845441 10.3639 1.08632
2.1397 -1.61899 0.840924 91.6884 1.11349
2.13975 -1.62223 0.844904 134.783 1.07718
2.1398 -1.61892 0.840743 133.719 1.11021
2.13985 -1.62058 0.843649 1.38901 1.08802
2.1399 -1.62212 0.844197 47.6224 1.08809
2.13995 -1.62054 0.842635 125.313 1.08732
2.14 -1.62096 0.844361 1.373 1.08393
2.14005 -1.62462 0.848376 1.11621 1.01563
2.1401 -1.62129 0.843891 128.948 1.09364
2.14015 -1.62049 0.842008 85.7323 1.11332
2.1402 -1.61825 0.840833 1.62478 1.11823
2.14025 -1.61913 0.841928 1.57163 1.12403
2.1403 -1.61905 0.843656 1.27796 1.09604
2.14035 -1.61931 0.841886 1.53372 1.09585
2.1404 -1.61625 0.83842 111.999 1.12178
2.14045 -1.61808 0.839944 115.877 1.12383
2.1405 -1.62004 0.842699 133.589 1.09961
2.14055 -1.62002 0.843331 129.135 1.10121
2.1406 -1.62006 0.841125 53.048 1.10479
2.14065 -1.61785 0.840445 61.7007 1.10383
2.1407 -1.61936 0.841655 131.686 1.11889
2.14075 -1.62212 0.845954 1.26543 1.08
2.1408 -1.61965 0.84332 107.475 1.08747
2.14085 -1.621 0.845402 1.20188 1.06118
2.1409 -1.61828 0.840865 126.217 1.11315
2.14095 -1.61789 0.839279 52.1469 1.14467
2.141 -1.61656 0.838708 1.68139 1.11983
2.14105 -1.6212 0.844229 1.41801 1.06791
2.1411 -1.61592 0.837354 132.488 1.13604
2.14115 -1.61618 0.837933 114.203 1.16638
2.1412 -1.61896 0.841307 1.78401 1.11706
2.14125 -1.61901 0.841308 133.582 1.13825
2.1413 -1.61655 0.836542 40.6699 1.16391
2.14135 -1.61576 0.838877 121.745 1.13373
2.1414 -1.61979 0.842826 42.5474 1.0996
2.14145 -1.61812 0.841995 130.304 1.08403
2.1415 -1.61798 0.841926 100.877 1.0936
2.14155 -1.6187 0.841699 43.1244 1.11081
2.1416 -1.61907 0.842244 132.556 1.0939
2.14165 -1.62059 0.843489 119.409 1.09292
2.1417 -1.61965 0.843079 102.762 1.11401
2.14175 -1.61897 0.841921 109.182 1.0976
2.1418 -1.61865 0.841357 98.0779 1.11014
2.14185 -1.6169 0.83915 1.88629 1.12436
2.1419 -1.62056 0.845408 1.20554 1.06277
2.14195 -1.61779 0.839547 128.581 1.12459
2.142 -1.61701 0.840336 124.867 1.11616
2.14205 -1.61533 0.83858 1.71601 1.11617
2.1421 -1.61415 0.834554 121.417 1.18322
2.14215 -1.61705 0.842022 1.29384 1.10709
2.1422 -1.61884 0.842153 128.976 1.09784
2.14225 -1.61752 0.840479 113.283 1.1085
2.1423 -1.61965 0.844235 1.3132 1.10066
2.14235 -1.61635 0.838492 50.7047 1.14035
2.1424 -1.61909 0.844138 133.067 1.07172
2.14245 -1.61728 0.839576 126.626 1.12215
2.1425 -1.61985 0.845892 107.811 1.0633
2.14255 -1.61754 0.841772 1.37051 1.10086
2.1426 -1.61771 0.842268 1.42187 1.08732
2.14265 -1.61786 0.84069 129.597 1.099
2.1427 -1.61522 0.83867 1.69275 1.1254
2.14275 -1.61818 0.843417 1.29655 1.0849
2.1428 -1.616 0.83952 128.28 1.12028
2.14285 -1.61743 0.840876 33.7178 1.11853
2.1429 -1.6186 0.843808 65.5816 1.07086
2.14295 -1.61765 0.842649 120.526 1.10306
2.143 -1.62058 0.845672 10.0257 1.05683
2.14305 -1.61637 0.839489 132.482 1.10845
2.1431 -1.61809 0.842212 60.1822 1.08461
2.14315 -1.61649 0.839476 132.195 1.12527
2.1432 -1.61415 0.837584 97.8225 1.13664
2.14325 -1.61861 0.842267 79.8162 1.08664
2.1433 -1.61697 0.840813 104.732 1.10087
2.14335 -1.61386 0.836131 2.18448 1.15598
2.1434 -1.61967 0.844399 88.5105 1.06693
2.14345 -1.61481 0.838601 1.60634 1.13537
2.1435 -1.61958 0.844487 1.31793 1.06727
2.14355 -1.61767 0.842612 8.37947 1.09126
2.1436 -1.61678 0.840769 132.501 1.11515
2.14365 -1.61721 0.840796 109.789 1.11398
2.1437 -1.61458 0.838725 1.52504 1.11845
2.14375 -1.61748 0.841114 120.922 1.10323
2.1438 -1.61877 0.843818 33.2467 1.07605
2.14385 -1.61738 0.841055 45.4284 1.09533
2.1439 -1.61829 0.841832 84.474 1.11154
2.14395 -1.61478 0.838432 112.901 1.1234
2.144 -1.61793 0.843623 73.1589 1.08946
2.14405 -1.61678 0.843146 1.29536 1.07313
2.1441 -1.61585 0.841128 1.3687 1.08867
2.14415 -1.61755 0.842771 119.894 1.1005
2.1442 -1.61632 0.840865 109.108 1.08039
2.14425 -1.61744 0.842238 38.6887 1.07915
2.1443 -1.61247 0.838036 1.45453 1.11639
2.14435 -1.61681 0.840579 1.72917 1.12067
2.1444 -1.61553 0.83991 127.686 1.11029
2.14445 -1.61742 0.841666 133.616 1.08
2.1445 -1.61151 0.835118 80.4208 1.15874
2.14455 -1.61528 0.838349 45.284 1.13352
2.1446 -1.61326 0.836145 132.24 1.15409
2.14465 -1.61522 0.840596 133.111 1.09104
2.1447 -1.6148 0.839108 95.9873 1.11375
2.14475 -1.61498 0.83959 13.8079 1.1134
2.1448 -1.61644 0.841853 1.30004 1.0813
2.14485 -1.6139 0.838201 65.2708 1.11808
2.1449 -1.61442 0.838726 124.785 1.10551
2.14495 -1.61463 0.838434 84.5938 1.12506
2.145 -1.61546 0.840486 131.12 1.09395
2.14505 -1.61429 0.838778 1.75015 1.1252
2.1451 -1.6112 0.831695 119.736 1.19849
2.14515 -1.61512 0.839406 103.475 1.12035
2.1452 -1.61314 0.835567 48.6727 1.15406
2.14525 -1.61556 0.840235 132.75 1.10247
2.1453 -1.61459 0.839109 10.3773 1.11439
2.14535 -1.61534 0.841331 83.8494 1.10875
2.1454 -1.6154 0.840846 1.36713 1.085
2.14545 -1.61407 0.837508 27.5959 1.13243
2.1455 -1.61596 0.841518 9.07361 1.07974
2.14555 -1.61403 0.839844 1.41845 1.09665
2.1456 -1.61451 0.838967 130.056 1.12865
2.14565 -1.61272 0.836312 75.9547 1.14657
2.1457 -1.61518 0.83987 1.53453 1.10768
2.14575 -1.61455 0.839873 119.18 1.12096
2.1458 -1.61536 0.840995 129.735 1.10914
2.14585 -1.61549 0.839442 124.296 1.10461
2.1459 -1.61459 0.838495 57.7734 1.12285
2.14595 -1.61975 0.84623 1.09717 1.04862
2.146 -1.61326 0.837711 120.444 1.11256
2.14605 -1.61278 0.835609 42.2804 1.17038
2.1461 -1.61372 0.838949 20.1185 1.10523
2.14615 -1.61314 0.836538 10.3614 1.13438
2.1462 -1.61067 0.83408 122.669 1.17017
2.14625 -1.61441 0.840362 25.7404 1.10065
2.1463 -1.61333 0.836571 129.669 1.13739
2.14635 -1.6169 0.841649 37.4191 1.107
2.1464 -1.61542 0.841066 73.0315 1.08185
2.14645 -1.61406 0.838667 64.9049 1.12581
2.1465 -1.60992 0.83093 44.3529 1.19766
2.14655 -1.61406 0.839335 84.981 1.0911
2.1466 -1.60957 0.834207 129.264 1.15861
2.14665 -1.61444 0.838979 1.66023 1.11107
2.1467 -1.60874 0.832171 125.32 1.1932
2.14675 -1.61549 0.840377 78.94 1.12178
2.1468 -1.61443 0.840353 39.68 1.09048
2.14685 -1.61352 0.837365 76.824 1.1183
2.1469 -1.61588 0.842305 56.5673 1.08866
2.14695 -1.61394 0.838677 31.6595 1.12776
2.147 -1.61402 0.839934 1.49211 1.11116
2.14705 -1.61343 0.839456 88.4366 1.12343
2.1471 -1.61088 0.834285 75.3674 1.16335
2.14715 -1.60911 0.832563 114.161 1.16637
2.1472 -1.61338 0.83944 1.44914 1.08677
2.14725 -1.61595 0.841501 1.51987 1.08503
2.1473 -1.60955 0.83364 18.2069 1.16682
2.14735 -1.61154 0.834924 126.063 1.16169
2.1474 -1.61288 0.83803 131.531 1.10749
2.14745 -1.61208 0.837848 112.829 1.10429
2.1475 -1.60918 0.834773 32.1319 1.13917
2.14755 -1.61363 0.841382 1.30206 1.09423
2.1476 -1.60789 0.830041 126.225 1.20499
2.14765 -1.61326 0.836102 127.397 1.15376
2.1477 -1.60936 0.833642 125.543 1.17554
2.14775 -1.60919 0.835416 1.55918 1.13777
2.1478 -1.61292 0.838697 104.768 1.09452
2.14785 -1.61266 0.838309 128.868 1.11155
2.1479 -1.61254 0.838791 21.7615 1.09836
2.14795 -1.60907 0.832642 118.304 1.18127
2.148 -1.61159 0.837251 32.2934 1.12243
2.14805 -1.61281 0.838996 131.665 1.10806
2.1481 -1.61514 0.84107 120.466 1.08194
2.14815 -1.60671 0.83023 2.12992 1.18851
2.1482 -1.61379 0.840618 85.4059 1.0884
2.14825 -1.61244 0.838753 1.49669 1.12108
2.1483 -1.61289 0.839555 1.36763 1.09494
2.14835 -1.61078 0.837375 71.4428 1.11987
2.1484 -1.60995 0.834884 1.97204 1.16112
2.14845 -1.61229 0.837975 1.52255 1.10448
2.1485 -1.6104 0.835665 1.75297 1.12886
2.14855 -1.60867 0.834473 99.1409 1.14324
2.1486 -1.61064 0.83345 108.845 1.19973
2.14865 -1.60985 0.834562 19.2996 1.13194
2.1487 -1.60595 0.828734 129.966 1.22133
2.14875 -1.61075 0.836025 113.536 1.13089
2.1488 -1.60935 0.833088 113.603 1.15574
2.14885 -1.61352 0.841369 1.28354 1.08176
2.1489 -1.61159 0.83752 41.8371 1.11667
2.14895 -1.61099 0.837421 131.363 1.12615
2.149 -1.61373 0.84032 28.289 1.1035
2.14905 -1.61203 0.839071 59.167 1.11649
2.1491 -1.6104 0.837509 131.958 1.12727
2.14915 -1.61111 0.837685 1.51103 1.11673
2.1492 -1.60926 0.834209 21.5636 1.16315
2.14925 -1.60821 0.832684 99.6455 1.15713
2.1493 -1.60996 0.837431 131.472 1.09414
2.14935 -1.60805 0.832664 129.881 1.16371
2.1494 -1.60755 0.833587 129.481 1.15898
2.14945 -1.61041 0.836556 34.4768 1.1215
2.1495 -1.61068 0.835797 121.233 1.12921
2.14955 -1.60893 0.835145 59.6427 1.15389
2.1496 -1.60775 0.832225 83.8837 1.17083
2.14965 -1.61131 0.837821 118.487 1.1195
2.1497 -1.61085 0.838053 1.45403 1.10947
2.14975 -1.61131 0.837579 119.912 1.13099
2.1498 -1.60901 0.836113 1.63055 1.12428
2.14985 -1.60959 0.836491 95.3712 1.10471
2.1499 -1.60857 0.833598 110.375 1.14654
2.14995 -1.60993 0.835159 53.2912 1.16094
