2.2 -1.55232 0.795014 108.622 1.30051
2.20005 -1.54836 0.788985 101.874 1.34782
2.2001 -1.54487 0.785161 111.144 1.36094
2.20015 -1.54614 0.789289 103.801 1.33437
2.2002 -1.54641 0.787301 79.9704 1.34263
2.20025 -1.54821 0.791793 115.831 1.31574
2.2003 -1.54284 0.78123 113.196 1.40057
2.20035 -1.54892 0.792356 113.869 1.31026
2.2004 -1.543 0.783052 114 1.36986
2.20045 -1.54904 0.793592 63.2715 1.29087
2.2005 -1.54738 0.788263 92.8251 1.35482
2.20055 -1.54476 0.783502 115.215 1.3992
2.2006 -1.54506 0.784967 113.459 1.35904
2.20065 -1.54922 0.792933 18.2694 1.30849
2.2007 -1.54751 0.79074 112.652 1.35323
2.20075 -1.54593 0.78802 96.9214 1.34139
2.2008 -1.54788 0.79068 107.67 1.32401
2.20085 -1.54632 0.786552 83.1125 1.34983
2.2009 -1.54896 0.791158 49.0816 1.34409
2.20095 -1.54886 0.793193 110.683 1.31153
2.201 -1.55082 0.794746 54.3068 1.2939
2.20105 -1.54735 0.789291 95.1246 1.33974
2.2011 -1.54868 0.792942 106.225 1.33113
2.20115 -1.54433 0.786829 99.2485 1.34027
2.2012 -1.54376 0.784845 95.9083 1.35453
2.20125 -1.55019 0.794981 78.519 1.30288
2.2013 -1.54763 0.790102 73.0551 1.34236
2.20135 -1.54602 0.788358 110.795 1.33255
2.2014 -1.54086 0.777631 112.936 1.44711
2.20145 -1.54546 0.787116 115.638 1.36296
2.2015 -1.55069 0.797445 8.11709 1.26809
2.20155 -1.55064 0.796643 78.5547 1.27629
2.2016 -1.54869 0.794415 48.5129 1.26909
2.20165 -1.54775 0.789613 80.9291 1.33018
2.2017 -1.54083 0.778027 113.073 1.42356
2.20175 -1.54609 0.788991 115.28 1.34152
2.2018 -1.54541 0.786544 109.731 1.37977
2.20185 -1.54456 0.784945 81.0953 1.3781
2.2019 -1.54968 0.792177 98.4186 1.32061
2.20195 -1.54706 0.788587 92.9777 1.35236
2.202 -1.54835 0.793686 77.3486 1.28379
2.20205 -1.54254 0.783528 109.391 1.38004
2.2021 -1.54585 0.788468 109.802 1.31853
2.20215 -1.54896 0.795009 107.484 1.26859
2.2022 -1.54727 0.790371 104.8 1.30879
2.20225 -1.54809 0.791666 42.8009 1.30979
2.2023 -1.54754 0.791962 65.3103 1.30733
2.20235 -1.54844 0.790859 114.72 1.30281
2.2024 -1.54073 0.778614 111.566 1.41857
2.20245 -1.54304 0.787081 96.0176 1.33878
2.2025 -1.54294 0.784014 71.1045 1.38395
2.20255 -1.54503 0.786344 113.981 1.34648
2.2026 -1.5432 0.786502 112.424 1.36154
2.20265 -1.54687 0.789879 105.373 1.32875
2.2027 -1.54201 0.782246 114.563 1.38375
2.20275 -1.53894 0.780359 64.5318 1.3947
2.2028 -1.54074 0.779754 113.275 1.41822
2.20285 -1.53997 0.778904 101.933 1.44484
2.2029 -1.54868 0.791637 110.312 1.32122
2.20295 -1.54021 0.779977 108.194 1.40404
2.203 -1.54272 0.785537 109.552 1.37333
2.20305 -1.54562 0.788395 68.6925 1.35477
2.2031 -1.53818 0.776613 113.132 1.40807
2.20315 -1.54077 0.781113 102.198 1.40467
2.2032 -1.544 0.786013 114.637 1.36655
2.20325 -1.54514 0.788837 45.6127 1.34456
2.2033 -1.54891 0.792615 81.0797 1.31407
2.20335 -1.54565 0.787994 115.074 1.31431
2.2034 -1.5448 0.787255 89.5254 1.34787
2.20345 -1.54535 0.789118 71.8306 1.34188
2.2035 -1.54458 0.786937 83.5211 1.34046
2.20355 -1.54365 0.785077 103.128 1.36583
2.2036 -1.54822 0.793503 45.4615 1.29191
2.20365 -1.54046 0.781875 88.1131 1.36196
2.2037 -1.54108 0.783067 106.897 1.35276
2.20375 -1.54399 0.788148 112.682 1.358
2.2038 -1.54213 0.782477 111.192 1.38732
2.20385 -1.53942 0.780375 102.08 1.3912
2.2039 -1.54227 0.783962 112.345 1.39336
2.20395 -1.54626 0.791653 113.893 1.30005
2.204 -1.54295 0.785257 114.054 1.35067
2.20405 -1.53962 0.778255 102.555 1.41516
2.2041 -1.54469 0.789276 110.619 1.32794
2.20415 -1.54156 0.784376 114.826 1.35603
2.2042 -1.54326 0.786917 17.4293 1.34546
2.20425 -1.53952 0.781552 108.567 1.36584
2.2043 -1.54 0.781902 98.739 1.36149
2.20435 -1.54565 0.789298 111.809 1.33795
2.2044 -1.53989 0.777941 106.771 1.42317
2.20445 -1.54093 0.781504 104.249 1.39155
2.2045 -1.54828 0.794384 62.8669 1.2983
2.20455 -1.54375 0.787032 98.6864 1.34048
2.2046 -1.5415 0.783396 97.9475 1.40375
2.20465 -1.54095 0.781973 114.453 1.35277
2.2047 -1.53988 0.782108 114.078 1.35868
2.20475 -1.54545 0.790601 85.4896 1.3106
2.2048 -1.54196 0.783515 111.497 1.39964
2.20485 -1.53936 0.78156 79.7392 1.36283
2.2049 -1.54551 0.790249 78.9175 1.32188
2.20495 -1.53515 0.772819 105.234 1.45827
2.205 -1.54074 0.785256 114.749 1.33663
2.20505 -1.53852 0.77762 111.974 1.42449
2.2051 -1.54153 0.782744 110.54 1.37441
2.20515 -1.54436 0.789273 76.4991 1.32569
2.2052 -1.54492 0.789356 75.6973 1.32321
2.20525 -1.54309 0.78503 114.137 1.35693
2.2053 -1.53916 0.779704 107.299 1.38177
2.20535 -1.539 0.781373 74.6749 1.38506
2.2054 -1.54172 0.787051 42.2332 1.33103
2.20545 -1.54024 0.782538 96.1404 1.37194
2.2055 -1.54213 0.786428 114.427 1.37154
2.20555 -1.54092 0.783364 74.5633 1.34502
2.2056 -1.53864 0.778764 113.542 1.3795
2.20565 -1.54395 0.790089 16.2867 1.33721
2.2057 -1.53727 0.775539 79.5263 1.43191
2.20575 -1.54089 0.785666 88.2129 1.36059
2.2058 -1.53937 0.782827 114.138 1.35296
2.20585 -1.54301 0.787363 115.494 1.33446
2.2059 -1.54122 0.783302 114.31 1.38663
2.20595 -1.53565 0.774886 86.2644 1.42014
2.206 -1.53673 0.775915 94.2266 1.40062
2.20605 -1.542 0.785063 82.8018 1.34952
2.2061 -1.54267 0.786706 105.778 1.35327
2.20615 -1.54138 0.784754 112.902 1.37783
2.2062 -1.53779 0.781279 112.811 1.35575
2.20625 -1.53745 0.778298 97.1764 1.41392
2.2063 -1.54181 0.785522 106.279 1.35549
2.20635 -1.54202 0.78722 49.8457 1.3109
2.2064 -1.5391 0.780303 97.7399 1.37738
2.20645 -1.53964 0.784397 111.88 1.33675
2.2065 -1.54147 0.785515 114.469 1.36979
2.20655 -1.54262 0.789165 35.7822 1.28683
2.2066 -1.54029 0.782814 101.37 1.3655
2.20665 -1.53941 0.782844 110.282 1.36523
2.2067 -1.53922 0.783441 103.134 1.34853
2.20675 -1.53965 0.782893 113.982 1.37388
2.2068 -1.54118 0.787265 23.0454 1.3132
2.20685 -1.53874 0.781324 21.3065 1.36286
2.2069 -1.54293 0.791059 102.065 1.30816
2.20695 -1.53872 0.782077 112.787 1.38621
2.207 -1.53772 0.78192 113.743 1.36772
2.20705 -1.54037 0.784386 113.782 1.35261
2.2071 -1.53475 0.773257 105.085 1.43732
2.20715 -1.54297 0.788146 115.036 1.32871
2.2072 -1.54192 0.78776 107.385 1.32654
2.20725 -1.54017 0.784159 111.64 1.34447
2.2073 -1.54049 0.782877 93.1968 1.35867
2.20735 -1.54439 0.790352 103.702 1.3175
2.2074 -1.53812 0.78095 105.336 1.37162
2.20745 -1.53797 0.780825 105.259 1.3861
2.2075 -1.53804 0.781144 56.4991 1.38286
2.20755 -1.53499 0.775158 109.118 1.42875
2.2076 -1.54032 0.783734 107.078 1.36525
2.20765 -1.54244 0.788367 77.7667 1.31159
2.2077 -1.53647 0.780643 90.1386 1.3646
2.20775 -1.53471 0.774198 111.088 1.42454
2.2078 -1.53911 0.784618 67.7112 1.34492
2.20785 -1.53564 0.776967 112.663 1.39993
2.2079 -1.53367 0.775918 112.526 1.40175
2.20795 -1.53617 0.780203 88.6035 1.36987
2.208 -1.53753 0.781556 104.175 1.35768
2.20805 -1.54232 0.788795 115.444 1.29695
2.2081 -1.5347 0.773103 105.539 1.41031
2.20815 -1.53715 0.78203 113.758 1.35146
2.2082 -1.53488 0.777446 111.706 1.38257
2.20825 -1.53411 0.778549 109.526 1.3889
2.2083 -1.53954 0.785797 103.391 1.34718
2.20835 -1.53994 0.786719 114.816 1.30321
2.2084 -1.53756 0.782399 96.2945 1.34715
2.20845 -1.53674 0.779128 113.492 1.39806
2.2085 -1.53897 0.784987 110.33 1.36297
2.20855 -1.5408 0.787318 71.1303 1.36732
2.2086 -1.53584 0.776822 92.5964 1.40896
2.20865 -1.53571 0.779408 105.336 1.38215
2.2087 -1.53803 0.784072 113.99 1.35532
2.20875 -1.53003 0.770132 108.01 1.46709
2.2088 -1.53633 0.780582 83.9309 1.34717
2.20885 -1.53372 0.774534 102.562 1.45058
2.2089 -1.53475 0.778534 106.905 1.39067
2.20895 -1.53669 0.778972 113.418 1.38893
2.209 -1.53808 0.780674 110.753 1.3835
2.20905 -1.53473 0.780069 112.854 1.36867
2.2091 -1.53935 0.783445 112.338 1.3299
2.20915 -1.53587 0.779991 96.5879 1.38606
2.2092 -1.53049 0.772226 96.3331 1.44766
2.20925 -1.53523 0.77724 105.716 1.40046
2.2093 -1.53661 0.779785 103.385 1.36564
2.20935 -1.53181 0.775999 106.922 1.38408
2.2094 -1.53613 0.783188 2.97044 1.33126
2.20945 -1.53766 0.783349 94.066 1.34824
2.2095 -1.53354 0.776143 102.528 1.41045
2.20955 -1.53455 0.777335 112.762 1.36005
2.2096 -1.53184 0.771132 99.1778 1.43207
2.20965 -1.53198 0.773642 110.256 1.43143
2.2097 -1.53719 0.781047 100.599 1.37027
2.20975 -1.53509 0.779712 79.0141 1.36384
2.2098 -1.53044 0.773497 110.789 1.43306
2.20985 -1.53068 0.772892 110.179 1.41958
2.2099 -1.53686 0.781444 78.0519 1.37278
2.20995 -1.5356 0.78366 40.5602 1.34083
2.21 -1.53553 0.780005 112.988 1.38545
2.21005 -1.53403 0.77777 110.503 1.39134
2.2101 -1.53024 0.773614 111.941 1.4404
2.21015 -1.53724 0.783207 106.858 1.34032
2.2102 -1.5337 0.778058 70.7393 1.37339
2.21025 -1.53064 0.774687 96.3756 1.40864
2.2103 -1.53972 0.785727 108.391 1.32989
2.21035 -1.53779 0.786361 112.287 1.32038
2.2104 -1.53509 0.779887 102.121 1.37607
2.21045 -1.53512 0.781357 113.489 1.34923
2.2105 -1.53062 0.771944 111.584 1.4257
2.21055 -1.53918 0.787679 105.621 1.31431
2.2106 -1.52917 0.770519 111.327 1.42085
2.21065 -1.53034 0.773795 111.935 1.42419
2.2107 -1.53388 0.778185 72.5157 1.36271
2.21075 -1.53408 0.778882 107.359 1.38941
2.2108 -1.53316 0.778171 97.4889 1.37785
2.21085 -1.53451 0.779778 110.729 1.35904
2.2109 -1.53161 0.776251 106.845 1.3698
2.21095 -1.53679 0.783177 74.9125 1.34836
2.211 -1.53208 0.776283 108.989 1.42242
2.21105 -1.53542 0.778485 112.245 1.38114
2.2111 -1.53501 0.781609 110.368 1.34216
2.21115 -1.53483 0.778957 106.774 1.39031
2.2112 -1.53287 0.778353 94.9722 1.41405
2.21125 -1.53431 0.779669 99.6994 1.3721
2.2113 -1.53387 0.780886 109.132 1.35117
2.21135 -1.53648 0.779285 104.996 1.37759
2.2114 -1.5334 0.778526 93.9762 1.36797
2.21145 -1.53602 0.783641 95.6443 1.35298
2.2115 -1.5311 0.774931 100.132 1.38977
2.21155 -1.53243 0.776263 96.5799 1.39844
2.2116 -1.52976 0.773804 50.2883 1.39219
2.21165 -1.53376 0.781437 107.427 1.32636
2.2117 -1.53073 0.77692 111.922 1.39615
2.21175 -1.53511 0.7801 111.513 1.34513
2.2118 -1.5364 0.783247 95.8864 1.3335
2.21185 -1.53138 0.774226 112.181 1.415
2.2119 -1.53233 0.777483 94.8639 1.37515
2.21195 -1.53428 0.77908 101.825 1.40312
2.212 -1.53218 0.775392 90.2893 1.38546
2.21205 -1.52841 0.770006 91.402 1.42427
2.2121 -1.53386 0.781016 93.6963 1.35753
2.21215 -1.52767 0.770749 103.498 1.43023
2.2122 -1.53451 0.780564 56.8437 1.39737
2.21225 -1.53335 0.778524 79.0623 1.36613
2.2123 -1.53705 0.781548 113.828 1.35482
2.21235 -1.53818 0.7864 108.417 1.31262
2.2124 -1.53343 0.779193 79.3993 1.36025
2.21245 -1.53088 0.775106 92.6492 1.41025
2.2125 -1.52695 0.771657 69.7284 1.39959
2.21255 -1.52931 0.77131 76.6154 1.40826
2.2126 -1.53528 0.7834 113.05 1.33648
2.21265 -1.53194 0.776718 112.256 1.38236
2.2127 -1.52998 0.775968 82.0584 1.38373
2.21275 -1.53508 0.783779 67.9866 1.32081
2.2128 -1.53091 0.774119 86.1604 1.38071
2.21285 -1.52862 0.771626 96.9333 1.41533
2.2129 -1.52812 0.774872 111.25 1.38211
2.21295 -1.53224 0.77709 106.115 1.40617
2.213 -1.53041 0.774036 105.007 1.38922
2.21305 -1.5341 0.781384 111.579 1.32727
2.2131 -1.5329 0.777405 86.9869 1.3772
2.21315 -1.53142 0.775334 109.894 1.39708
2.2132 -1.52636 0.768914 109.71 1.41675
2.21325 -1.53167 0.775197 111.247 1.38553
2.2133 -1.52375 0.763731 109.077 1.49264
2.21335 -1.53007 0.774637 90.9435 1.37807
2.2134 -1.53333 0.778985 107.099 1.38927
2.21345 -1.52912 0.773731 106.689 1.40849
2.2135 -1.52651 0.768869 104.014 1.44325
2.21355 -1.53131 0.777561 76.1887 1.39803
2.2136 -1.52997 0.773191 87.5857 1.40955
2.21365 -1.53075 0.778815 58.6335 1.35557
2.2137 -1.53145 0.777986 112.482 1.35555
2.21375 -1.53352 0.782417 108.635 1.31923
2.2138 -1.53278 0.778435 80.7306 1.37519
2.21385 -1.5335 0.780294 111.064 1.35376
2.2139 -1.52511 0.768553 108.321 1.40484
2.21395 -1.53116 0.77729 108.979 1.38712
2.214 -1.52622 0.768527 60.6036 1.46851
2.21405 -1.53258 0.780024 108.746 1.34332
2.2141 -1.53132 0.777867 111.811 1.37988
2.21415 -1.52733 0.771596 109.821 1.43083
2.2142 -1.52591 0.767196 108.82 1.43585
2.21425 -1.5319 0.777602 112.56 1.36057
2.2143 -1.52513 0.768131 106.066 1.42026
2.21435 -1.52594 0.768443 90.6249 1.43439
2.2144 -1.53036 0.777698 112.406 1.37974
2.21445 -1.52223 0.761934 105.418 1.52683
2.2145 -1.52758 0.77106 105.935 1.3874
2.21455 -1.53013 0.778058 108.083 1.38486
2.2146 -1.52652 0.770588 69.1568 1.42963
2.21465 -1.5243 0.766435 92.7725 1.4362
2.2147 -1.528 0.768963 96.4769 1.43985
2.21475 -1.52417 0.770496 110.014 1.42398
2.2148 -1.52716 0.771347 108.155 1.44877
2.21485 -1.52466 0.767184 106.887 1.47418
2.2149 -1.52922 0.775196 104.193 1.38117
2.21495 -1.52625 0.768778 110.293 1.42884
2.215 -1.52897 0.775527 111.958 1.38575
2.21505 -1.53026 0.777319 75.5649 1.36026
2.2151 -1.52217 0.766484 97.4 1.43062
2.21515 -1.52265 0.765822 108.848 1.44599
2.2152 -1.52759 0.772352 110.93 1.41201
2.21525 -1.52572 0.771131 98.9271 1.39169
2.2153 -1.53198 0.780157 111.57 1.35364
2.21535 -1.5312 0.777235 102.182 1.37368
2.2154 -1.52208 0.764525 72.7622 1.41952
2.21545 -1.52461 0.766483 110.292 1.49125
2.2155 -1.52711 0.77189 44.843 1.4261
2.21555 -1.52788 0.772526 106.688 1.40207
2.2156 -1.52817 0.773394 95.4735 1.39085
2.21565 -1.52528 0.770799 110.498 1.40333
2.2157 -1.52434 0.767772 110.053 1.42389
2.21575 -1.52762 0.771832 109.934 1.38214
2.2158 -1.52642 0.774109 88.6533 1.38023
2.21585 -1.52607 0.767962 103.983 1.44897
2.2159 -1.52974 0.775813 108.844 1.35594
2.21595 -1.52778 0.771887 96.514 1.4009
2.216 -1.52357 0.765616 92.6483 1.42529
2.21605 -1.52191 0.76456 94.6959 1.46257
2.2161 -1.53225 0.780479 98.6085 1.32856
2.21615 -1.52805 0.773629 103.944 1.39449
2.2162 -1.52303 0.76639 104.59 1.44459
2.21625 -1.5259 0.771069 110.16 1.41777
2.2163 -1.52647 0.771384 85.3516 1.41298
2.21635 -1.52613 0.769957 110.618 1.43407
2.2164 -1.52582 0.772316 111.001 1.40279
2.21645 -1.52756 0.770807 107.656 1.4151
2.2165 -1.52842 0.774673 86.2263 1.39647
2.21655 -1.52281 0.766421 95.0633 1.42354
2.2166 -1.52514 0.770646 103.744 1.39799
2.21665 -1.52735 0.772287 109.013 1.41409
2.2167 -1.51989 0.758894 101.701 1.49405
2.21675 -1.52379 0.769195 102.685 1.39979
2.2168 -1.52487 0.770047 106.58 1.39468
2.21685 -1.53039 0.777824 105.714 1.37472
2.2169 -1.52383 0.768919 110.033 1.39731
2.21695 -1.52817 0.775247 86.309 1.36121
2.217 -1.52261 0.765833 108.642 1.45652
2.21705 -1.52226 0.767358 73.1892 1.42113
2.2171 -1.52772 0.774133 107.656 1.36743
2.21715 -1.52577 0.771457 93.6643 1.40792
2.2172 -1.52637 0.774621 111.348 1.36548
2.21725 -1.52561 0.772262 109.286 1.3793
2.2173 -1.52481 0.768791 110.365 1.41287
2.21735 -1.52263 0.767395 79.2481 1.43017
2.2174 -1.5255 0.773271 89.1436 1.38998
2.21745 -1.5234 0.768884 109.67 1.43014
2.2175 -1.51956 0.760849 106.532 1.47938
2.21755 -1.52319 0.766865 109.166 1.4234
2.2176 -1.52651 0.773197 98.1135 1.37842
2.21765 -1.52297 0.770248 106.537 1.38144
2.2177 -1.52768 0.775347 110.248 1.36947
2.21775 -1.51804 0.757304 108.092 1.50841
2.2178 -1.52448 0.770372 90.1803 1.40275
2.21785 -1.51848 0.760275 108.442 1.48164
2.2179 -1.52322 0.76977 102.048 1.40346
2.21795 -1.52016 0.763054 101.131 1.42962
2.218 -1.52524 0.772266 110.654 1.41453
2.21805 -1.52001 0.762901 109.014 1.44533
2.2181 -1.52248 0.766007 108.462 1.44816
2.21815 -1.52774 0.77424 91.7573 1.38379
2.2182 -1.52557 0.771587 108.709 1.38775
2.21825 -1.51856 0.762723 108.885 1.46357
2.2183 -1.51734 0.758198 103.684 1.49993
2.21835 -1.52561 0.770714 94.2762 1.42101
2.2184 -1.52233 0.77008 57.8221 1.40805
2.21845 -1.52439 0.771546 105.584 1.3997
2.2185 -1.52703 0.775895 97.7283 1.38923
2.21855 -1.5255 0.773119 73.4568 1.40062
2.2186 -1.52182 0.768243 108.607 1.38996
2.21865 -1.51918 0.765125 85.9948 1.43339
2.2187 -1.52658 0.773241 104.566 1.38956
2.21875 -1.52598 0.773455 75.1889 1.38001
2.2188 -1.52354 0.768938 54.8356 1.42764
2.21885 -1.52024 0.764452 108.549 1.44571
2.2189 -1.5195 0.764864 106.084 1.45887
2.21895 -1.52378 0.767958 109.365 1.45479
2.219 -1.52543 0.772641 108.571 1.39378
2.21905 -1.52164 0.766516 73.0008 1.42144
2.2191 -1.52031 0.765729 98.7824 1.43023
2.21915 -1.51878 0.762743 106.919 1.46606
2.2192 -1.5228 0.767547 103.232 1.42702
2.21925 -1.51882 0.761917 100.188 1.44923
2.2193 -1.52139 0.765477 107.336 1.42184
2.21935 -1.5241 0.770624 104.893 1.38156
2.2194 -1.5208 0.766769 108.855 1.44293
2.21945 -1.52177 0.771236 69.3496 1.34775
2.2195 -1.52122 0.766606 108.751 1.41145
2.21955 -1.51964 0.763593 108.983 1.44769
2.2196 -1.51835 0.760901 108.619 1.47658
2.21965 -1.52335 0.771884 108.682 1.40061
2.2197 -1.52011 0.764222 105.469 1.44985
2.21975 -1.52548 0.77428 92.6631 1.36906
2.2198 -1.52039 0.764221 95.5563 1.4332
2.21985 -1.51722 0.761241 107.192 1.4714
2.2199 -1.51851 0.764029 102.538 1.41962
2.21995 -1.52266 0.768496 92.1 1.42526
2.22 -1.52325 0.771625 71.3282 1.36624
2.22005 -1.51464 0.756449 107.422 1.5054
2.2201 -1.51955 0.764636 109.063 1.44294
2.22015 -1.52262 0.768745 86.5559 1.4144
2.2202 -1.51815 0.764577 99.939 1.41333
2.22025 -1.52592 0.773718 107.861 1.38157
2.2203 -1.52072 0.767541 107.385 1.40875
2.22035 -1.51924 0.765137 108.966 1.44623
2.2204 -1.51977 0.765441 105.13 1.418
2.22045 -1.51832 0.763415 105.754 1.43126
2.2205 -1.52189 0.768164 101.151 1.41688
2.22055 -1.51339 0.755733 106.88 1.50644
2.2206 -1.51693 0.761294 100.985 1.45276
2.22065 -1.52168 0.767342 106.72 1.42777
2.2207 -1.519 0.766561 88.6203 1.39457
2.22075 -1.51917 0.762778 100.441 1.4438
2.2208 -1.5197 0.767747 74.3013 1.38078
2.22085 -1.51471 0.756212 104.714 1.50554
2.2209 -1.52144 0.771649 49.1234 1.36772
2.22095 -1.51881 0.76415 106.017 1.45005
2.221 -1.51839 0.763356 107.93 1.42874
2.22105 -1.51623 0.760732 105.438 1.45646
2.2211 -1.51737 0.761347 99.0164 1.43687
2.22115 -1.52015 0.766569 87.9446 1.41263
2.2212 -1.51807 0.763275 108.757 1.46161
2.22125 -1.51808 0.764706 100.102 1.43025
2.2213 -1.51659 0.758111 106.642 1.49611
2.22135 -1.51849 0.763088 108.602 1.44787
2.2214 -1.51579 0.759744 105.905 1.42841
2.22145 -1.51574 0.760349 108.162 1.45746
2.2215 -1.51863 0.764079 104.307 1.44806
2.22155 -1.51794 0.763173 96.3568 1.41628
2.2216 -1.51526 0.75752 87.2357 1.47411
2.22165 -1.51522 0.758202 102.912 1.491
2.2217 -1.51836 0.765371 109.243 1.3949
2.22175 -1.51063 0.753995 106.709 1.491
2.2218 -1.52433 0.773511 103.69 1.38266
2.22185 -1.51785 0.763389 83.5429 1.45657
2.2219 -1.51626 0.760833 92.8442 1.46523
2.22195 -1.51812 0.764574 91.5283 1.44785
2.222 -1.51713 0.76364 108.837 1.43965
2.22205 -1.52001 0.769465 109.796 1.39116
2.2221 -1.51391 0.758188 107.555 1.4796
2.22215 -1.51451 0.760902 107.408 1.46234
2.2222 -1.51768 0.764903 108.875 1.40709
2.22225 -1.5189 0.766291 107.969 1.43085
2.2223 -1.51866 0.765066 104.653 1.41209
2.22235 -1.51789 0.768144 108.091 1.39829
2.2224 -1.51432 0.757823 106.236 1.47372
2.22245 -1.5119 0.753978 82.9529 1.5137
2.2225 -1.5188 0.766239 106.38 1.4059
2.22255 -1.51635 0.75923 106.999 1.50777
2.2226 -1.51713 0.764212 103.062 1.44539
2.22265 -1.51519 0.761657 96.7947 1.45999
2.2227 -1.51973 0.769052 109.155 1.37172
2.22275 -1.5166 0.76194 108.434 1.47431
2.2228 -1.51325 0.758665 105.424 1.45382
2.22285 -1.51449 0.761406 99.5726 1.44308
2.2229 -1.51515 0.763372 104.592 1.47833
2.22295 -1.51493 0.757963 98.1746 1.46546
2.223 -1.51668 0.762925 77.1342 1.46359
2.22305 -1.51326 0.757545 98.0985 1.48246
2.2231 -1.50823 0.750038 101.358 1.49923
2.22315 -1.51444 0.759929 107.887 1.45054
2.2232 -1.51327 0.758388 54.172 1.45901
2.22325 -1.51528 0.760068 107.325 1.45309
2.2233 -1.52073 0.767942 88.482 1.42844
2.22335 -1.51593 0.760548 105.688 1.4532
2.2234 -1.51863 0.766099 94.8973 1.40563
2.22345 -1.51362 0.758435 107.386 1.46027
2.2235 -1.5128 0.754616 83.4418 1.5006
2.22355 -1.51416 0.760014 100.606 1.46161
2.2236 -1.51483 0.760269 107.419 1.45222
2.22365 -1.50908 0.752744 102.471 1.49468
2.2237 -1.51809 0.768733 104.883 1.37592
2.22375 -1.51128 0.7562 89.6234 1.48515
2.2238 -1.51273 0.759582 104.104 1.46207
2.22385 -1.51474 0.758326 105.483 1.49482
2.2239 -1.50909 0.752565 101.42 1.48271
2.22395 -1.51831 0.766843 107.994 1.42917
2.224 -1.51041 0.753983 97.8791 1.49877
2.22405 -1.51651 0.765161 98.7589 1.43647
2.2241 -1.51708 0.765027 105.972 1.40229
2.22415 -1.51712 0.763298 108.268 1.46495
2.2242 -1.51677 0.766276 88.6275 1.41873
2.22425 -1.51888 0.76544 74.9181 1.42133
2.2243 -1.51709 0.765712 100.587 1.42891
2.22435 -1.51319 0.760123 107.813 1.43044
2.2244 -1.51169 0.75739 107.226 1.47376
2.22445 -1.51452 0.762499 91.1617 1.43187
2.2245 -1.51285 0.756736 80.0545 1.49266
2.22455 -1.51155 0.753945 75.3386 1.50849
2.2246 -1.51219 0.760023 98.8005 1.42379
2.22465 -1.51001 0.754441 105.476 1.48243
2.2247 -1.51795 0.764786 106.323 1.44669
2.22475 -1.51077 0.757824 94.962 1.42277
2.2248 -1.51581 0.766221 108.91 1.4048
2.22485 -1.51708 0.768505 100.224 1.38312
2.2249 -1.51026 0.755383 106.796 1.46307
2.22495 -1.50293 0.741742 101.972 1.53942
2.225 -1.51461 0.763067 107.048 1.43629
2.22505 -1.51907 0.770945 94.2362 1.3761
2.2251 -1.51354 0.759475 100.055 1.43659
2.22515 -1.51184 0.758728 85.4344 1.46027
2.2252 -1.51537 0.763072 100.126 1.41353
2.22525 -1.51024 0.758214 42.2197 1.46124
2.2253 -1.513 0.758494 104.627 1.45047
2.22535 -1.51505 0.762864 79.1174 1.43092
2.2254 -1.51163 0.758989 106.76 1.42238
2.22545 -1.51015 0.757408 106.309 1.46211
2.2255 -1.51035 0.755306 105.991 1.46433
2.22555 -1.50988 0.751799 93.7828 1.51698
2.2256 -1.5136 0.762241 57.064 1.43546
2.22565 -1.50614 0.746519 103.553 1.54169
2.2257 -1.51067 0.756969 91.7851 1.46805
2.22575 -1.5097 0.756248 100.169 1.46681
2.2258 -1.51047 0.754866 104.452 1.46235
2.22585 -1.51475 0.760856 108.146 1.45519
2.2259 -1.51104 0.755852 102.351 1.47311
2.22595 -1.51324 0.762418 104.492 1.40838
2.226 -1.51543 0.762363 103.251 1.44546
2.22605 -1.51146 0.760769 88.4987 1.42128
2.2261 -1.51265 0.759962 86.3357 1.45009
2.22615 -1.50812 0.75103 104.814 1.52087
2.2262 -1.5129 0.757925 103.421 1.46907
2.22625 -1.51252 0.758063 107.499 1.45747
2.2263 -1.51118 0.756895 72.5865 1.48453
2.22635 -1.51181 0.755207 106.966 1.46831
2.2264 -1.51291 0.760291 80.4564 1.4406
2.22645 -1.50659 0.752087 80.2729 1.49464
2.2265 -1.50922 0.758506 89.5389 1.42544
2.22655 -1.50867 0.752948 91.6738 1.50232
2.2266 -1.51157 0.756856 71.4784 1.45078
2.22665 -1.51313 0.761905 103.178 1.41896
2.2267 -1.51078 0.755072 103.75 1.48834
2.22675 -1.50673 0.751277 98.3051 1.5009
2.2268 -1.51402 0.7637 107.933 1.44937
2.22685 -1.50921 0.756498 105.981 1.43747
2.2269 -1.51191 0.759372 96.4537 1.45806
2.22695 -1.50426 0.745929 93.0949 1.51455
2.227 -1.50582 0.751929 83.3552 1.50424
2.22705 -1.50913 0.758069 98.4651 1.42337
2.2271 -1.50421 0.746898 103.314 1.4799
2.22715 -1.50986 0.756641 87.3274 1.43978
2.2272 -1.51366 0.762284 108.118 1.41966
2.22725 -1.51081 0.756491 104.421 1.48817
2.2273 -1.50428 0.747779 77.3407 1.53426
2.22735 -1.51298 0.764712 86.4076 1.38848
2.2274 -1.50835 0.755727 103.767 1.47379
2.22745 -1.50781 0.751251 89.9978 1.4914
2.2275 -1.50105 0.740275 100.017 1.57791
2.22755 -1.50543 0.749645 104.114 1.513
2.2276 -1.51334 0.759951 94.7152 1.44388
2.22765 -1.50591 0.750541 103.486 1.44524
2.2277 -1.51002 0.757361 88.6991 1.49802
2.22775 -1.50868 0.753085 102.172 1.5377
2.2278 -1.50385 0.747666 99.7924 1.50376
2.22785 -1.50475 0.746266 99.349 1.53908
2.2279 -1.51263 0.764362 108.323 1.40035
2.22795 -1.50547 0.750837 102.178 1.48264
2.228 -1.51314 0.761369 106.653 1.43071
2.22805 -1.50395 0.748051 97.1429 1.50361
2.2281 -1.51171 0.760626 107.501 1.43838
2.22815 -1.51071 0.760355 107.494 1.43289
2.2282 -1.51074 0.759848 107.329 1.44071
2.22825 -1.50679 0.753412 105.765 1.46729
2.2283 -1.50621 0.75496 105.343 1.46799
2.22835 -1.50395 0.748412 87.8679 1.48606
2.2284 -1.50502 0.748683 94.2651 1.53966
2.22845 -1.50382 0.749805 94.0122 1.51709
2.2285 -1.5094 0.75751 89.5026 1.44504
2.22855 -1.50774 0.75442 57.3121 1.48963
2.2286 -1.51165 0.762865 32.8553 1.42233
2.22865 -1.50621 0.750067 81.3888 1.49457
2.2287 -1.50931 0.756803 105.128 1.44864
2.22875 -1.50439 0.749952 101.526 1.50586
2.2288 -1.5023 0.747276 82.0502 1.50311
2.22885 -1.50938 0.759296 101.8 1.4335
2.2289 -1.50963 0.759738 83.0797 1.44376
2.22895 -1.50781 0.755168 95.3404 1.48896
2.229 -1.50747 0.753436 85.0265 1.47592
2.22905 -1.50656 0.754716 105.721 1.44106
2.2291 -1.51051 0.759562 101.831 1.43259
2.22915 -1.50908 0.756874 76.5028 1.47167
2.2292 -1.50998 0.75882 105.313 1.41032
2.22925 -1.50347 0.747743 103.038 1.50659
2.2293 -1.5067 0.755208 104.305 1.42944
2.22935 -1.5047 0.749941 65.0011 1.50203
2.2294 -1.50668 0.752338 103.282 1.49442
2.22945 -1.5044 0.749859 104.13 1.50107
2.2295 -1.50745 0.753673 97.7997 1.48922
2.22955 -1.5104 0.761421 92.561 1.41348
2.2296 -1.50846 0.756286 103.472 1.45607
2.22965 -1.50774 0.755788 93.2618 1.47598
2.2297 -1.50371 0.747563 102.943 1.51198
2.22975 -1.50492 0.75239 94.7201 1.48674
2.2298 -1.50811 0.753288 105.613 1.49042
2.22985 -1.50764 0.756083 80.5456 1.46559
2.2299 -1.50466 0.749512 105.225 1.50907
2.22995 -1.50184 0.74407 104.463 1.5334
2.23 -1.50555 0.750592 97.9745 1.46158
2.23005 -1.50896 0.758188 105.851 1.40565
2.2301 -1.50111 0.743289 103.214 1.55555
2.23015 -1.51313 0.767094 81.8854 1.38741
2.2302 -1.51062 0.759731 107.247 1.42832
2.23025 -1.50435 0.751145 101.065 1.49033
2.2303 -1.50557 0.751385 105.675 1.48732
2.23035 -1.50994 0.76086 107.037 1.41645
2.2304 -1.51353 0.766222 65.518 1.37859
2.23045 -1.50546 0.752388 104.246 1.48994
2.2305 -1.50468 0.755628 99.3592 1.43847
2.23055 -1.50877 0.756589 106.81 1.47623
2.2306 -1.50223 0.748245 80.9725 1.47445
2.23065 -1.50775 0.755349 102.389 1.46655
2.2307 -1.49944 0.74128 56.1925 1.53737
2.23075 -1.50165 0.748018 77.5884 1.49776
2.2308 -1.5105 0.759392 104.836 1.44562
2.23085 -1.50398 0.750763 94.6541 1.46858
2.2309 -1.50565 0.751728 105.624 1.52004
2.23095 -1.50628 0.757139 105.872 1.43045
2.231 -1.50506 0.75453 99.5841 1.47307
2.23105 -1.50235 0.747527 104.525 1.47061
2.2311 -1.502 0.750105 93.8003 1.49102
2.23115 -1.50053 0.743797 103.262 1.52049
2.2312 -1.49958 0.742578 89.5386 1.4943
2.23125 -1.50887 0.76235 88.1951 1.37123
2.2313 -1.50425 0.75369 98.4213 1.45565
2.23135 -1.503 0.752627 99.307 1.46463
2.2314 -1.50956 0.759744 107.106 1.41325
2.23145 -1.50464 0.754273 67.8029 1.456
2.2315 -1.50096 0.747955 84.487 1.49819
2.23155 -1.50297 0.748914 104.37 1.49442
2.2316 -1.50279 0.750597 105.216 1.42682
2.23165 -1.50063 0.742007 103.027 1.56369
2.2317 -1.50175 0.746933 100.887 1.48461
2.23175 -1.50694 0.755432 98.4152 1.44219
2.2318 -1.49949 0.744331 102.718 1.5245
2.23185 -1.49739 0.740128 101.937 1.53281
2.2319 -1.50306 0.747907 86.8194 1.52159
2.23195 -1.50571 0.75591 106.181 1.43278
2.232 -1.50619 0.756458 100.595 1.45248
2.23205 -1.50568 0.754114 70.0958 1.45843
2.2321 -1.50686 0.757481 105.92 1.43097
2.23215 -1.50466 0.7539 94.5624 1.45004
2.2322 -1.49639 0.739934 98.5823 1.53796
2.23225 -1.49699 0.740822 99.3266 1.52144
2.2323 -1.49967 0.744524 93.7725 1.51279
2.23235 -1.50976 0.761806 74.125 1.42504
2.2324 -1.50261 0.752056 100.146 1.47428
2.23245 -1.49877 0.744248 85.2833 1.50581
2.2325 -1.50081 0.744975 95.8236 1.49927
2.23255 -1.49931 0.743986 102.893 1.50714
2.2326 -1.50676 0.756069 88.7218 1.42699
2.23265 -1.49991 0.74603 73.9293 1.4827
2.2327 -1.49663 0.740232 101.221 1.52129
2.23275 -1.50475 0.756276 94.4755 1.43635
2.2328 -1.50201 0.751178 90.0705 1.46679
2.23285 -1.5045 0.754841 105.754 1.46031
2.2329 -1.50104 0.749899 93.5493 1.49595
2.23295 -1.49769 0.743269 79.9283 1.51994
2.233 -1.5048 0.753682 104.018 1.45441
2.23305 -1.49813 0.746221 102.999 1.49322
2.2331 -1.50269 0.752055 103.234 1.45608
2.23315 -1.49976 0.749158 70.4848 1.45536
2.2332 -1.50115 0.749127 88.8172 1.49595
2.23325 -1.49945 0.74627 92.6286 1.49682
2.2333 -1.50302 0.754161 105.091 1.44427
2.23335 -1.49961 0.742983 103.189 1.52279
2.2334 -1.4912 0.731968 84.2937 1.59084
2.23345 -1.49701 0.744462 98.8862 1.4826
2.2335 -1.50228 0.752592 105.278 1.46142
2.23355 -1.49673 0.745054 97.4243 1.46594
2.2336 -1.50064 0.749332 104.483 1.46905
2.23365 -1.50082 0.751731 80.9531 1.45207
2.2337 -1.50347 0.752251 105.123 1.49055
2.23375 -1.50087 0.746524 82.5747 1.48926
2.2338 -1.50805 0.762335 51.6142 1.38068
2.23385 -1.50332 0.75403 103.134 1.4476
2.2339 -1.49476 0.737121 98.4082 1.53537
2.23395 -1.49775 0.744133 102.278 1.50388
2.234 -1.50047 0.748969 101.362 1.49417
2.23405 -1.49991 0.746182 104.206 1.53365
2.2341 -1.4992 0.747484 90.0643 1.4899
2.23415 -1.50027 0.748153 103.866 1.49406
2.2342 -1.49504 0.739526 101.739 1.53042
2.23425 -1.4983 0.747245 87.6069 1.45871
2.2343 -1.50288 0.751594 98.4823 1.45335
2.23435 -1.50185 0.749278 104.784 1.46294
2.2344 -1.50159 0.749429 101.15 1.46067
2.23445 -1.50392 0.755209 105.177 1.44568
2.2345 -1.49697 0.742971 101.889 1.51017
2.23455 -1.50212 0.756493 90.794 1.40375
2.2346 -1.50099 0.749038 90.4961 1.4694
2.23465 -1.49616 0.743349 103.012 1.48662
2.2347 -1.49602 0.741358 97.3598 1.49486
2.23475 -1.49425 0.737952 102.445 1.52252
2.2348 -1.49982 0.747126 99.0138 1.47968
2.23485 -1.5005 0.749891 99.5246 1.45145
2.2349 -1.50035 0.748448 88.1955 1.4904
2.23495 -1.49437 0.739951 96.8555 1.54158
2.235 -1.49676 0.743914 85.8743 1.50397
2.23505 -1.49669 0.740659 102.041 1.54567
2.2351 -1.50391 0.752913 102.292 1.47545
2.23515 -1.49719 0.740737 103.172 1.50959
2.2352 -1.49671 0.743106 103.272 1.50079
2.23525 -1.49721 0.745803 102.794 1.47148
2.2353 -1.49732 0.743846 103.741 1.52869
2.23535 -1.49647 0.745239 103.478 1.47344
2.2354 -1.50042 0.749624 69.7712 1.5024
2.23545 -1.49402 0.738157 93.2088 1.52991
2.2355 -1.49656 0.742175 96.1733 1.49268
2.23555 -1.50174 0.753491 81.9432 1.45748
2.2356 -1.49762 0.749679 96.1671 1.4446
2.23565 -1.50037 0.747249 87.8816 1.48566
2.2357 -1.5007 0.749853 89.3082 1.49632
2.23575 -1.49605 0.741016 102.722 1.54431
2.2358 -1.49551 0.741507 102.957 1.4893
2.23585 -1.49748 0.74594 100.253 1.4716
2.2359 -1.49614 0.744131 93.8077 1.48863
2.23595 -1.49989 0.749179 83.8987 1.47872
2.236 -1.49896 0.748533 79.8436 1.4627
2.23605 -1.50051 0.751971 102.406 1.45637
2.2361 -1.49605 0.741617 68.6065 1.53318
2.23615 -1.49533 0.741831 101.889 1.51714
2.2362 -1.4963 0.74176 97.4235 1.51682
2.23625 -1.50002 0.75067 94.4065 1.46072
2.2363 -1.49531 0.741359 87.1821 1.50705
2.23635 -1.49877 0.746376 103.476 1.48794
2.2364 -1.49538 0.745168 90.2421 1.45836
2.23645 -1.50008 0.750895 94.3582 1.46089
2.2365 -1.49518 0.745543 102.45 1.47362
2.23655 -1.49484 0.742392 98.2832 1.51442
2.2366 -1.49722 0.745835 79.711 1.47388
2.23665 -1.4966 0.744495 99.7954 1.50002
2.2367 -1.49509 0.742878 90.947 1.46919
2.23675 -1.49447 0.74235 92.1843 1.48752
2.2368 -1.49409 0.740275 102.333 1.50656
2.23685 -1.4951 0.74247 102.154 1.50485
2.2369 -1.49704 0.748013 95.4541 1.48406
2.23695 -1.49981 0.752397 95.1898 1.44903
2.237 -1.49122 0.737739 101.066 1.51561
2.23705 -1.49665 0.747082 99.6205 1.43329
2.2371 -1.48938 0.730367 100.814 1.56878
2.23715 -1.50024 0.752059 101.577 1.45286
2.2372 -1.49723 0.747072 98.2325 1.4592
2.23725 -1.49578 0.743354 97.5309 1.49888
2.2373 -1.49624 0.744183 103.387 1.51559
2.23735 -1.50053 0.750108 103.286 1.47144
2.2374 -1.49647 0.745111 102.342 1.51048
2.23745 -1.49096 0.73738 97.0925 1.5346
2.2375 -1.49314 0.742983 100.246 1.47674
2.23755 -1.49551 0.745447 103.632 1.48295
2.2376 -1.49261 0.740862 102.255 1.51382
2.23765 -1.49541 0.745344 98.4202 1.48426
2.2377 -1.48866 0.731144 100.851 1.5814
2.23775 -1.49286 0.739465 102.418 1.52155
2.2378 -1.48745 0.730149 94.3481 1.6097
2.23785 -1.49778 0.74837 104.087 1.45662
2.2379 -1.49065 0.734727 100.829 1.57316
2.23795 -1.48708 0.728581 99.6022 1.59054
2.238 -1.49879 0.751661 104.2 1.46189
2.23805 -1.48339 0.724213 94.3646 1.59909
2.2381 -1.49323 0.742455 87.3303 1.47297
2.23815 -1.48991 0.735718 80.0686 1.54357
2.2382 -1.49226 0.74198 100.803 1.48377
2.23825 -1.48914 0.734782 92.9874 1.54288
2.2383 -1.49108 0.733872 99.6479 1.57496
2.23835 -1.48938 0.733518 99.7424 1.58197
2.2384 -1.49613 0.746202 99.0949 1.43589
2.23845 -1.49421 0.7437 85.0363 1.481
2.2385 -1.49048 0.73864 99.101 1.52161
2.23855 -1.49088 0.738989 90.8944 1.53865
2.2386 -1.49105 0.742003 102.278 1.518
2.23865 -1.4931 0.740625 92.5077 1.4948
2.2387 -1.49606 0.744678 103.666 1.48538
2.23875 -1.48937 0.734561 86.5632 1.54806
2.2388 -1.49306 0.739059 96.6548 1.52351
2.23885 -1.49054 0.735821 92.7364 1.49674
2.2389 -1.49443 0.745367 102.087 1.45848
2.23895 -1.49644 0.744921 100.511 1.53169
2.239 -1.49803 0.748364 103.771 1.44177
2.23905 -1.49175 0.738743 102.082 1.56495
2.2391 -1.48666 0.730741 98.2611 1.57327
2.23915 -1.49023 0.736878 80.9013 1.50197
2.2392 -1.48932 0.738161 80.0912 1.47319
2.23925 -1.49518 0.742567 102.151 1.50099
2.2393 -1.48994 0.736499 101.088 1.55208
2.23935 -1.49195 0.739497 102.118 1.49543
2.2394 -1.49431 0.744829 46.1737 1.49426
2.23945 -1.49149 0.741025 101.397 1.49062
2.2395 -1.4886 0.732219 91.7749 1.57133
2.23955 -1.48872 0.735682 100.522 1.55867
2.2396 -1.4957 0.744939 102.706 1.52057
2.23965 -1.49191 0.739309 101.384 1.53703
2.2397 -1.49269 0.740538 88.0859 1.50658
2.23975 -1.49409 0.744213 95.8017 1.47595
2.2398 -1.48803 0.736269 85.6559 1.51752
2.23985 -1.49219 0.740254 95.4179 1.47876
2.2399 -1.49021 0.736254 100.655 1.50977
2.23995 -1.49065 0.737389 87.6449 1.54385
2.24 -1.49505 0.749153 98.7527 1.43623
2.24005 -1.48945 0.738146 81.4504 1.51781
2.2401 -1.48888 0.735814 100.002 1.5238
2.24015 -1.49983 0.753007 101.467 1.42007
2.2402 -1.48567 0.734368 98.5414 1.49684
2.24025 -1.48957 0.738385 101.659 1.51941
2.2403 -1.49289 0.741369 94.9055 1.49709
2.24035 -1.48858 0.735717 92.065 1.52681
2.2404 -1.487 0.735036 99.483 1.53622
2.24045 -1.48729 0.736094 101.026 1.51722
2.2405 -1.49201 0.742714 94.2836 1.47412
2.24055 -1.48247 0.722832 98.3744 1.61238
2.2406 -1.49053 0.737526 101.759 1.51894
2.24065 -1.48785 0.735977 101.169 1.50622
2.2407 -1.49045 0.73773 87.9245 1.50525
2.24075 -1.49275 0.740162 99.741 1.5053
2.2408 -1.48684 0.733988 101.074 1.5365
2.24085 -1.49549 0.746723 100.405 1.46541
2.2409 -1.48358 0.727495 99.2574 1.5998
2.24095 -1.48479 0.731495 99.8217 1.56165
2.241 -1.48638 0.735889 100.42 1.52438
2.24105 -1.48997 0.737668 101.271 1.52271
2.2411 -1.48949 0.739207 87.8676 1.48622
2.24115 -1.49214 0.741526 101.742 1.49483
2.2412 -1.48179 0.721504 97.1617 1.60115
2.24125 -1.49081 0.742131 79.2727 1.47142
2.2413 -1.49569 0.749996 94.9819 1.45182
2.24135 -1.48797 0.735765 97.5246 1.52404
2.2414 -1.49254 0.74321 77.0305 1.47937
2.24145 -1.48418 0.728121 99.4981 1.5487
2.2415 -1.49181 0.742221 102.673 1.50474
2.24155 -1.4887 0.73921 94.7941 1.48802
2.2416 -1.48588 0.731987 81.6144 1.52951
2.24165 -1.48906 0.737797 82.1348 1.50971
2.2417 -1.48628 0.732076 96.7977 1.53916
2.24175 -1.48752 0.733894 100.461 1.56315
2.2418 -1.48635 0.732626 100.143 1.5387
2.24185 -1.48366 0.728726 96.1946 1.5848
2.2419 -1.48659 0.729891 95.3021 1.56093
2.24195 -1.49207 0.745726 103.222 1.46536
2.242 -1.48794 0.735464 101.378 1.51874
2.24205 -1.48897 0.740779 101.451 1.51001
2.2421 -1.4836 0.726998 57.0921 1.57429
2.24215 -1.49237 0.745501 91.4863 1.45011
2.2422 -1.48371 0.728155 98.4002 1.56575
2.24225 -1.48878 0.738692 100.736 1.51409
2.2423 -1.48348 0.730429 97.7927 1.53779
2.24235 -1.48969 0.741851 92.7902 1.49333
2.2424 -1.49512 0.747713 103.772 1.45238
2.24245 -1.48313 0.726508 99.6715 1.53104
2.2425 -1.48621 0.735569 96.0107 1.50543
2.24255 -1.49027 0.74306 80.6903 1.4835
2.2426 -1.48749 0.737328 100.526 1.52481
2.24265 -1.48582 0.731153 90.4121 1.56998
2.2427 -1.48565 0.732996 100.152 1.56399
2.24275 -1.48569 0.734663 100.092 1.52419
2.2428 -1.48803 0.736236 100.578 1.52795
2.24285 -1.49175 0.743858 99.7555 1.48966
2.2429 -1.48372 0.733232 95.9471 1.53788
2.24295 -1.48548 0.734365 100.746 1.52143
2.243 -1.49178 0.745508 64.3117 1.45013
2.24305 -1.48943 0.737861 87.4597 1.50478
2.2431 -1.48893 0.742174 101.789 1.47629
2.24315 -1.48808 0.737399 96.8783 1.509
2.2432 -1.48865 0.74214 95.1976 1.45467
2.24325 -1.48691 0.736227 94.4426 1.54018
2.2433 -1.48223 0.72913 97.9173 1.53787
2.24335 -1.4823 0.726578 89.1879 1.56435
2.2434 -1.48666 0.735872 73.1529 1.46895
2.24345 -1.48482 0.733108 100.169 1.56588
2.2435 -1.48763 0.736592 89.3208 1.50873
2.24355 -1.48342 0.732313 94.5909 1.51431
2.2436 -1.48709 0.73642 95.5147 1.50972
2.24365 -1.48318 0.731154 100.293 1.5253
2.2437 -1.4883 0.737817 100.68 1.51676
2.24375 -1.48332 0.730008 98.8742 1.5391
2.2438 -1.48395 0.733073 98.5976 1.52778
2.24385 -1.48511 0.732813 97.5211 1.52886
2.2439 -1.48594 0.734334 100.876 1.51736
2.24395 -1.48411 0.731315 99.2657 1.54201
2.244 -1.48715 0.738851 101.518 1.49978
2.24405 -1.48355 0.730331 95.9793 1.54843
2.2441 -1.48452 0.734144 92.4942 1.51346
2.24415 -1.47952 0.724548 91.2995 1.60445
2.2442 -1.49183 0.745041 88.4633 1.46346
2.24425 -1.48518 0.732893 98.4416 1.53518
2.2443 -1.47997 0.726897 96.7475 1.56558
2.24435 -1.48656 0.733948 83.7073 1.51222
2.2444 -1.4884 0.738956 82.7182 1.50796
2.24445 -1.48442 0.732917 96.6281 1.54398
2.2445 -1.48852 0.737811 101.446 1.50702
2.24455 -1.48343 0.727282 98.2476 1.58357
2.2446 -1.48387 0.731812 98.7872 1.51392
2.24465 -1.49021 0.742006 101.306 1.48326
2.2447 -1.48161 0.727 99.0578 1.54558
2.24475 -1.48837 0.743092 97.1468 1.44158
2.2448 -1.48065 0.726712 95.5854 1.5666
2.24485 -1.48286 0.731775 97.3438 1.50633
2.2449 -1.48082 0.727518 94.6163 1.56708
2.24495 -1.48075 0.727037 98.2357 1.53718
2.245 -1.48076 0.729174 99.7429 1.54507
2.24505 -1.47935 0.723966 95.3126 1.60699
2.2451 -1.48237 0.730646 95.416 1.52987
2.24515 -1.487 0.740276 95.1373 1.46804
2.2452 -1.47969 0.727891 94.7018 1.57607
2.24525 -1.48009 0.729454 93.9438 1.50827
2.2453 -1.48503 0.736008 89.5063 1.4801
2.24535 -1.48675 0.739839 101.827 1.49979
2.2454 -1.48306 0.734596 100.553 1.51785
2.24545 -1.48259 0.732136 100.164 1.49131
2.2455 -1.48504 0.733717 100.58 1.49207
2.24555 -1.48196 0.728808 99.2773 1.55861
2.2456 -1.48111 0.726565 94.1946 1.59545
2.24565 -1.47672 0.719522 97.9103 1.58588
2.2457 -1.48399 0.734635 97.175 1.5241
2.24575 -1.47864 0.723057 95.2025 1.5816
2.2458 -1.4859 0.738446 84.3825 1.49047
2.24585 -1.48129 0.72769 99.554 1.56074
2.2459 -1.4837 0.734122 97.8759 1.53643
2.24595 -1.47885 0.725963 97.3897 1.54642
2.246 -1.48243 0.731192 99.1702 1.54208
2.24605 -1.48731 0.741735 85.2911 1.46153
2.2461 -1.47746 0.725895 84.7616 1.56873
2.24615 -1.48429 0.73521 100.895 1.49105
2.2462 -1.47758 0.723612 95.9517 1.57485
2.24625 -1.48524 0.738505 95.6411 1.45779
2.2463 -1.48223 0.732593 99.7362 1.52259
2.24635 -1.48397 0.733658 81.4775 1.53259
2.2464 -1.47882 0.726588 91.0979 1.56902
2.24645 -1.4773 0.720515 98.1734 1.57482
2.2465 -1.47819 0.72519 98.6378 1.57024
2.24655 -1.48316 0.732318 90.6082 1.53598
2.2466 -1.47807 0.724011 79.1804 1.55396
2.24665 -1.4764 0.720747 95.7357 1.58949
2.2467 -1.48289 0.731514 78.6171 1.53842
2.24675 -1.48109 0.731139 98.5195 1.5216
2.2468 -1.48201 0.735142 95.9547 1.50848
2.24685 -1.47944 0.724892 70.8954 1.58006
2.2469 -1.4733 0.720443 97.2603 1.57365
2.24695 -1.47649 0.724422 98.5709 1.54288
2.247 -1.4803 0.731009 98.6525 1.55867
2.24705 -1.47801 0.722886 91.5738 1.58156
2.2471 -1.47915 0.727912 94.115 1.55923
2.24715 -1.48624 0.740634 98.5487 1.44434
2.2472 -1.48413 0.734342 84.9572 1.50257
2.24725 -1.47765 0.72287 98.6191 1.59734
2.2473 -1.47765 0.724194 98.1638 1.57233
2.24735 -1.48008 0.732642 86.574 1.50301
2.2474 -1.47733 0.723983 94.1467 1.58397
2.24745 -1.47978 0.72938 78.1636 1.52176
2.2475 -1.47965 0.728516 99.0559 1.54717
2.24755 -1.484 0.736413 100.986 1.49854
2.2476 -1.48186 0.733529 93.6607 1.49718
2.24765 -1.47516 0.720752 92.555 1.55389
2.2477 -1.46929 0.710844 95.9625 1.64183
2.24775 -1.48237 0.733752 97.5294 1.51509
2.2478 -1.47878 0.729233 99.0342 1.5338
2.24785 -1.47797 0.721943 76.8504 1.58803
2.2479 -1.47574 0.722697 96.1886 1.5642
2.24795 -1.47285 0.718169 93.7108 1.59707
2.248 -1.48186 0.733145 94.4413 1.50668
2.24805 -1.47916 0.729591 99.5217 1.52242
2.2481 -1.47617 0.722252 97.9072 1.59734
2.24815 -1.47072 0.711469 96.0763 1.61225
2.2482 -1.47654 0.724947 98.5789 1.54367
2.24825 -1.47526 0.722763 97.8456 1.57537
2.2483 -1.47587 0.724399 94.336 1.55625
2.24835 -1.48132 0.734155 32.5403 1.49099
2.2484 -1.47673 0.727965 91.9781 1.51389
2.24845 -1.47726 0.723169 93.1041 1.56633
2.2485 -1.47812 0.724613 91.5725 1.57233
2.24855 -1.47893 0.729236 98.8742 1.53602
2.2486 -1.47583 0.721742 98.3627 1.58923
2.24865 -1.47851 0.726263 98.7497 1.55535
2.2487 -1.47513 0.722692 93.0108 1.55485
2.24875 -1.474 0.719848 59.1648 1.53674
2.2488 -1.47054 0.716738 94.8427 1.60616
2.24885 -1.4805 0.730426 72.9276 1.53979
2.2489 -1.47166 0.718234 97.0494 1.56839
2.24895 -1.47552 0.7241 96.5221 1.56395
2.249 -1.4726 0.719645 97.2369 1.54326
2.24905 -1.47894 0.729535 99.4555 1.5236
2.2491 -1.47301 0.718611 95.9604 1.59514
2.24915 -1.47802 0.728879 90.757 1.52689
2.2492 -1.48229 0.734458 100.066 1.49596
2.24925 -1.46833 0.709226 94.4566 1.65666
2.2493 -1.48298 0.736728 95.4603 1.45235
2.24935 -1.47847 0.730701 93.6172 1.51363
2.2494 -1.47164 0.716734 96.749 1.58609
2.24945 -1.47413 0.719839 97.2965 1.56029
2.2495 -1.47663 0.725685 98.4123 1.54231
2.24955 -1.47634 0.723885 94.7359 1.57286
2.2496 -1.47109 0.719777 97.0085 1.55069
2.24965 -1.47397 0.71935 90.4254 1.56908
2.2497 -1.47651 0.727228 93.8765 1.51157
2.24975 -1.46927 0.710162 95.6911 1.65547
2.2498 -1.47448 0.725791 69.4454 1.52075
2.24985 -1.47426 0.718807 89.908 1.56701
2.2499 -1.46877 0.710606 94.014 1.65738
2.24995 -1.47853 0.730482 98.5976 1.48912
