2.05 -1.70584 0.892181 0.579213 0.837316
2.05005 -1.7056 0.891597 0.619272 0.845198
2.0501 -1.70696 0.892214 11.4166 0.846381
2.05015 -1.70796 0.893935 0.515028 0.812116
2.0502 -1.70675 0.893032 0.573764 0.831706
2.05025 -1.70696 0.893589 0.508482 0.815575
2.0503 -1.70667 0.892953 0.534694 0.819527
2.05035 -1.70499 0.890815 0.697841 0.853427
2.0504 -1.70391 0.890678 0.605372 0.844779
2.05045 -1.70691 0.892743 0.585716 0.840333
2.0505 -1.70573 0.89243 0.552067 0.826608
2.05055 -1.70542 0.892788 0.522852 0.82439
2.0506 -1.70562 0.891557 0.822557 0.857015
2.05065 -1.70434 0.890733 0.655794 0.844711
2.0507 -1.70657 0.893282 0.543057 0.825218
2.05075 -1.70524 0.892109 0.570485 0.833042
2.0508 -1.70506 0.891995 0.559383 0.825252
2.05085 -1.70668 0.892935 0.61351 0.832683
2.0509 -1.70662 0.893414 0.521655 0.82857
2.05095 -1.7059 0.891998 0.608105 0.830314
2.051 -1.70564 0.892172 0.612693 0.824168
2.05105 -1.70243 0.888911 0.780458 0.869563
2.0511 -1.70532 0.892362 0.558867 0.827604
2.05115 -1.70497 0.892151 0.556938 0.830484
2.0512 -1.70687 0.893027 0.546485 0.815101
2.05125 -1.70598 0.892539 0.600965 0.834698
2.0513 -1.70562 0.892015 0.585109 0.833486
2.05135 -1.70346 0.890134 0.713646 0.856861
2.0514 -1.70487 0.892252 0.531642 0.826842
2.05145 -1.70547 0.892441 0.560203 0.830026
2.0515 -1.70232 0.887013 149.467 0.899553
2.05155 -1.70595 0.892583 0.577824 0.840073
2.0516 -1.7035 0.890455 0.639213 0.864828
2.05165 -1.70597 0.892839 0.53919 0.821051
2.0517 -1.70336 0.889096 146.219 0.870232
2.05175 -1.70449 0.891525 0.576738 0.831249
2.0518 -1.70385 0.891161 0.606786 0.853459
2.05185 -1.70426 0.890921 0.613532 0.840882
2.0519 -1.70397 0.891605 0.542955 0.837716
2.05195 -1.70558 0.892367 0.541952 0.819499
2.052 -1.70399 0.891239 0.627344 0.850751
2.05205 -1.70518 0.892361 0.554291 0.82496
2.0521 -1.70349 0.891127 0.573109 0.832221
2.05215 -1.70547 0.893012 0.510404 0.821631
2.0522 -1.70592 0.892754 0.559298 0.816897
2.05225 -1.7015 0.889006 154.397 0.864767
2.0523 -1.70531 0.891713 0.61228 0.84298
2.05235 -1.70387 0.890684 133.983 0.866476
2.0524 -1.70503 0.892667 0.520767 0.818654
2.05245 -1.70531 0.891763 0.601453 0.842647
2.0525 -1.70377 0.89127 0.588158 0.835055
2.05255 -1.70485 0.891403 0.612962 0.842719
2.0526 -1.70526 0.891831 0.595357 0.836156
2.05265 -1.70375 0.891022 0.602924 0.844124
2.0527 -1.70338 0.890991 0.59072 0.842274
2.05275 -1.70314 0.890767 0.608335 0.84855
2.0528 -1.70349 0.891471 0.543224 0.830304
2.05285 -1.70488 0.891154 0.734277 0.843612
2.0529 -1.70329 0.890494 89.8249 0.844264
2.05295 -1.704 0.891597 0.570737 0.830919
2.053 -1.70363 0.891358 0.581846 0.841111
2.05305 -1.70488 0.892214 0.543001 0.823155
2.0531 -1.70539 0.892862 0.511567 0.823983
2.05315 -1.70457 0.89211 0.600969 0.837006
2.0532 -1.70254 0.890315 0.626006 0.845422
2.05325 -1.70241 0.889899 139.82 0.85151
2.0533 -1.70446 0.892274 0.534378 0.834501
2.05335 -1.70393 0.891513 0.558972 0.839563
2.0534 -1.70285 0.890279 8.42513 0.851522
2.05345 -1.70386 0.891452 0.598927 0.837785
2.0535 -1.70425 0.891824 0.551483 0.82747
2.05355 -1.70451 0.891709 0.57415 0.83453
2.0536 -1.70436 0.892218 0.549123 0.826806
2.05365 -1.70242 0.890121 0.616328 0.845385
2.0537 -1.70248 0.890838 0.567485 0.837344
2.05375 -1.70126 0.889694 99.4557 0.853845
2.0538 -1.70423 0.891901 0.563074 0.82929
2.05385 -1.70536 0.892476 0.563533 0.825634
2.0539 -1.70279 0.890586 0.617303 0.848704
2.05395 -1.70409 0.891828 0.595157 0.832867
2.054 -1.70257 0.891068 0.553704 0.834087
2.05405 -1.70246 0.890543 0.593903 0.843028
2.0541 -1.70289 0.889443 76.6035 0.860912
2.05415 -1.70419 0.891904 0.551271 0.837095
2.0542 -1.7021 0.889055 0.740297 0.857941
2.05425 -1.7019 0.889695 0.667155 0.839556
2.0543 -1.70312 0.891279 0.589652 0.821145
2.05435 -1.70302 0.891309 0.564585 0.841405
2.0544 -1.70396 0.891457 0.590673 0.835693
2.05445 -1.70364 0.892125 0.52187 0.832656
2.0545 -1.70314 0.891238 0.558821 0.845785
2.05455 -1.70459 0.892374 0.565796 0.832574
2.0546 -1.70301 0.891348 0.54025 0.838668
2.05465 -1.70186 0.88979 0.614985 0.85662
2.0547 -1.70201 0.890426 0.624941 0.842721
2.05475 -1.70306 0.891083 0.560828 0.829549
2.0548 -1.69967 0.886884 0.888476 0.896948
2.05485 -1.70079 0.888954 76.8867 0.869515
2.0549 -1.70195 0.890615 0.583591 0.838552
2.05495 -1.70208 0.890101 0.632427 0.843346
2.055 -1.70003 0.888874 0.62635 0.854849
2.05505 -1.70206 0.890502 0.628129 0.836903
2.0551 -1.7015 0.889744 0.715336 0.851224
2.05515 -1.70203 0.88998 0.634156 0.848012
2.0552 -1.70179 0.890176 0.63568 0.853325
2.05525 -1.70351 0.891399 0.583113 0.836578
2.0553 -1.70121 0.889726 0.631957 0.861001
2.05535 -1.70092 0.889615 0.620389 0.853154
2.0554 -1.70157 0.889607 0.695842 0.860996
2.05545 -1.70029 0.887062 147.67 0.883565
2.0555 -1.70388 0.892039 0.522886 0.824641
2.05555 -1.70101 0.889196 0.665908 0.855498
2.0556 -1.70288 0.891534 0.533715 0.821348
2.05565 -1.70107 0.88997 0.583084 0.836558
2.0557 -1.70071 0.888802 0.80713 0.869848
2.05575 -1.70093 0.889331 0.617805 0.849667
2.0558 -1.70069 0.889044 0.641693 0.861945
2.05585 -1.70085 0.890013 0.566679 0.84085
2.0559 -1.70065 0.889916 0.564151 0.839249
2.05595 -1.70151 0.88984 0.598634 0.852203
2.056 -1.70222 0.890946 0.572019 0.835252
2.05605 -1.70094 0.889814 0.610403 0.841354
2.0561 -1.70204 0.891066 0.549411 0.839604
2.05615 -1.70214 0.890604 0.610853 0.854005
2.0562 -1.70142 0.889795 0.637817 0.841077
2.05625 -1.70139 0.889588 0.686811 0.854834
2.0563 -1.70145 0.889555 49.0476 0.865727
2.05635 -1.70079 0.889321 0.629458 0.84922
2.0564 -1.69925 0.888071 0.685715 0.870195
2.05645 -1.702 0.890844 0.556528 0.831479
2.0565 -1.70179 0.890135 0.627828 0.850392
2.05655 -1.69893 0.88881 0.623706 0.868942
2.0566 -1.70001 0.888938 0.659485 0.865269
2.05665 -1.70005 0.888906 0.65678 0.860749
2.0567 -1.70158 0.890331 0.589281 0.838685
2.05675 -1.70079 0.889332 0.62358 0.849034
2.0568 -1.6999 0.888473 0.697763 0.876541
2.05685 -1.70001 0.889337 0.63268 0.862561
2.0569 -1.69993 0.888963 0.631502 0.855945
2.05695 -1.69941 0.888564 96.4257 0.847261
2.057 -1.70012 0.889372 0.606545 0.850187
2.05705 -1.70107 0.8902 0.562782 0.837822
2.0571 -1.70065 0.890179 0.567065 0.841783
2.05715 -1.70199 0.891012 0.560625 0.842824
2.0572 -1.69897 0.88825 0.70212 0.865228
2.05725 -1.70214 0.890705 0.598617 0.832193
2.0573 -1.6989 0.887122 0.818976 0.882995
2.05735 -1.70062 0.889936 0.560246 0.844163
2.0574 -1.70024 0.889358 0.637785 0.84044
2.05745 -1.70118 0.890727 0.547414 0.834169
2.0575 -1.70065 0.889512 0.670032 0.851017
2.05755 -1.69928 0.88854 0.641394 0.849692
2.0576 -1.6992 0.88837 74.9138 0.877236
2.05765 -1.702 0.891021 0.541575 0.823778
2.0577 -1.70054 0.889628 39.9599 0.841871
2.05775 -1.70135 0.890398 0.58577 0.837301
2.0578 -1.70014 0.890007 0.538535 0.836423
2.05785 -1.70038 0.889747 0.564233 0.83038
2.0579 -1.70031 0.889946 0.569395 0.83205
2.05795 -1.6981 0.887439 0.711067 0.877572
2.058 -1.69854 0.888431 82.7437 0.858503
2.05805 -1.70068 0.889986 0.591978 0.841148
2.0581 -1.69928 0.889435 0.560618 0.846505
2.05815 -1.70061 0.890362 0.56383 0.845104
2.0582 -1.69779 0.888222 0.605662 0.850121
2.05825 -1.69836 0.888541 0.607484 0.84953
2.0583 -1.69788 0.887719 0.683624 0.864863
2.05835 -1.70078 0.890608 0.537462 0.821816
2.0584 -1.69762 0.887858 133.663 0.864232
2.05845 -1.70038 0.88983 0.699817 0.850372
2.0585 -1.69818 0.887651 0.684953 0.857199
2.05855 -1.70024 0.889831 0.595786 0.848908
2.0586 -1.69761 0.887186 0.721469 0.873339
2.05865 -1.70006 0.889452 0.574366 0.837543
2.0587 -1.69913 0.888884 0.631025 0.839862
2.05875 -1.69889 0.889506 0.55196 0.843517
2.0588 -1.70056 0.890171 0.566019 0.834995
2.05885 -1.69989 0.889967 0.551984 0.835201
2.0589 -1.69855 0.88931 0.558544 0.836227
2.05895 -1.70058 0.890439 0.547846 0.834357
2.059 -1.69887 0.888366 0.642057 0.860111
2.05905 -1.69892 0.889413 0.565076 0.840966
2.0591 -1.69713 0.886915 0.704124 0.866787
2.05915 -1.69993 0.88954 0.642341 0.853053
2.0592 -1.69848 0.887774 0.69085 0.870214
2.05925 -1.69831 0.887816 0.752387 0.864725
2.0593 -1.69851 0.889297 0.572658 0.840171
2.05935 -1.69721 0.887835 0.60033 0.849139
2.0594 -1.69739 0.886647 1.0175 0.879523
2.05945 -1.69735 0.887874 0.620333 0.867558
2.0595 -1.69961 0.889674 0.584852 0.842132
2.05955 -1.69666 0.887416 0.633794 0.880347
2.0596 -1.70022 0.890351 0.533945 0.829837
2.05965 -1.69768 0.888144 0.622045 0.857784
2.0597 -1.69868 0.888315 0.647994 0.871284
2.05975 -1.69897 0.889097 0.591726 0.847991
2.0598 -1.69806 0.888435 0.630043 0.850642
2.05985 -1.69932 0.889077 0.613062 0.855104
2.0599 -1.69915 0.889182 0.63507 0.838948
2.05995 -1.69881 0.888744 50.1578 0.852645
2.06 -1.69712 0.887804 0.624383 0.873281
2.06005 -1.69725 0.88736 0.698993 0.869313
2.0601 -1.69875 0.889079 0.577533 0.852723
2.06015 -1.69975 0.889938 0.566964 0.839423
2.0602 -1.69712 0.886963 0.813642 0.876446
2.06025 -1.69679 0.887871 0.611487 0.85992
2.0603 -1.69801 0.888178 0.629635 0.854151
2.06035 -1.69545 0.886036 131.24 0.890623
2.0604 -1.69709 0.887849 0.612993 0.862022
2.06045 -1.69618 0.886345 0.826987 0.876969
2.0605 -1.6983 0.889046 0.571191 0.84449
2.06055 -1.69691 0.887857 0.605279 0.845627
2.0606 -1.69657 0.88753 0.630712 0.855198
2.06065 -1.6981 0.888424 0.626415 0.854363
2.0607 -1.69728 0.888252 0.587004 0.847694
2.06075 -1.69863 0.888691 0.697034 0.8437
2.0608 -1.69638 0.88784 0.608136 0.851411
2.06085 -1.69803 0.888578 0.581171 0.838635
2.0609 -1.69616 0.886981 0.6542 0.875898
2.06095 -1.69681 0.886772 0.75408 0.886297
2.061 -1.69624 0.886953 0.701102 0.867667
2.06105 -1.69745 0.88812 148.685 0.848543
2.0611 -1.69696 0.887767 0.576325 0.839268
2.06115 -1.69541 0.886269 0.664364 0.874692
2.0612 -1.69534 0.886288 0.70896 0.873697
2.06125 -1.69762 0.888254 0.619438 0.865924
2.0613 -1.69658 0.887524 0.63926 0.85715
2.06135 -1.69713 0.88818 0.603899 0.851988
2.0614 -1.69557 0.886213 0.69468 0.88709
2.06145 -1.69727 0.887814 0.64484 0.861857
2.0615 -1.69831 0.889233 0.570547 0.846465
2.06155 -1.69446 0.884705 0.920262 0.90993
2.0616 -1.695 0.88617 0.679321 0.884168
2.06165 -1.69645 0.887538 0.617315 0.865897
2.0617 -1.69764 0.888086 0.661703 0.864469
2.06175 -1.69687 0.887973 0.610543 0.857649
2.0618 -1.69401 0.885641 0.725573 0.862643
2.06185 -1.69506 0.886449 0.668203 0.870599
2.0619 -1.69564 0.886452 128.19 0.890345
2.06195 -1.69773 0.887798 0.751356 0.880263
2.062 -1.69532 0.886326 0.683286 0.862598
2.06205 -1.69669 0.887708 0.633499 0.858428
2.0621 -1.69331 0.883253 1.04944 0.910216
2.06215 -1.6954 0.886833 0.645977 0.859096
2.0622 -1.69567 0.88734 0.590076 0.861466
2.06225 -1.69433 0.886523 0.60742 0.852176
2.0623 -1.69548 0.88558 0.848867 0.895566
2.06235 -1.69689 0.888331 0.600933 0.862436
2.0624 -1.69651 0.887369 0.709406 0.848076
2.06245 -1.69646 0.887628 0.61239 0.844109
2.0625 -1.69642 0.887847 0.604994 0.857712
2.06255 -1.6948 0.88633 0.664485 0.872595
2.0626 -1.69516 0.886467 0.813653 0.865862
2.06265 -1.69567 0.88678 0.663081 0.864869
2.0627 -1.69664 0.887721 0.639056 0.856421
2.06275 -1.69576 0.886541 0.698671 0.860966
2.0628 -1.69479 0.886458 0.650539 0.862169
2.06285 -1.69618 0.887701 0.5922 0.846302
2.0629 -1.69625 0.886962 0.722915 0.877712
2.06295 -1.69561 0.88744 0.639652 0.859493
2.063 -1.69388 0.88504 0.727508 0.883426
2.06305 -1.69401 0.886022 0.659837 0.878271
2.0631 -1.69378 0.885564 0.747064 0.875272
2.06315 -1.69401 0.886097 0.640528 0.869903
2.0632 -1.69576 0.887133 0.625236 0.854398
2.06325 -1.6978 0.889053 0.569643 0.830971
2.0633 -1.69467 0.886655 0.657491 0.866717
2.06335 -1.69518 0.885136 0.931048 0.897584
2.0634 -1.69471 0.886808 0.621378 0.868715
2.06345 -1.6953 0.886398 0.802906 0.8613
2.0635 -1.69566 0.887071 0.732279 0.868644
2.06355 -1.69515 0.887246 0.601623 0.8526
2.0636 -1.69712 0.888358 0.575476 0.835829
2.06365 -1.69628 0.887363 0.663679 0.859393
2.0637 -1.69338 0.885894 0.639394 0.879893
2.06375 -1.69422 0.885996 0.6707 0.877426
2.0638 -1.69469 0.886506 0.660423 0.859045
2.06385 -1.69331 0.885513 0.679848 0.882747
2.0639 -1.69295 0.884886 0.772206 0.89353
2.06395 -1.69447 0.886868 0.59781 0.852329
2.064 -1.69477 0.886146 0.716725 0.875467
2.06405 -1.69525 0.88735 0.655813 0.850956
2.0641 -1.69609 0.887959 0.599527 0.850636
2.06415 -1.69403 0.886542 148.537 0.851166
2.0642 -1.69543 0.887947 0.557859 0.842757
2.06425 -1.69335 0.885121 0.712349 0.871033
2.0643 -1.69439 0.88579 0.691965 0.888713
2.06435 -1.693 0.884849 0.761846 0.894451
2.0644 -1.69552 0.887577 0.592461 0.860927
2.06445 -1.69453 0.886424 0.685146 0.878128
2.0645 -1.69547 0.887162 0.662962 0.850394
2.06455 -1.69192 0.884229 0.768048 0.898861
2.0646 -1.69419 0.886659 0.624211 0.859255
2.06465 -1.69284 0.885767 0.663398 0.865012
2.0647 -1.69322 0.884939 0.736611 0.888047
2.06475 -1.69435 0.886798 0.605332 0.857297
2.0648 -1.69401 0.885245 137.975 0.882485
2.06485 -1.69254 0.883806 9.64516 0.897855
2.0649 -1.69593 0.887952 0.581798 0.841121
2.06495 -1.6934 0.88579 0.661805 0.882584
2.065 -1.69291 0.885557 0.685709 0.880011
2.06505 -1.69385 0.88666 0.590114 0.860389
2.0651 -1.69417 0.886894 0.600288 0.862332
2.06515 -1.69392 0.885745 72.7368 0.87914
2.0652 -1.69294 0.885683 0.62428 0.860735
2.06525 -1.69326 0.886141 0.625196 0.868676
2.0653 -1.69372 0.886552 0.624598 0.853068
2.06535 -1.69248 0.885332 0.726437 0.875631
2.0654 -1.69303 0.884721 98.8596 0.908631
2.06545 -1.69614 0.888691 0.543304 0.839277
2.0655 -1.6923 0.885034 0.740447 0.887485
2.06555 -1.69342 0.886381 0.610984 0.853511
2.0656 -1.69146 0.883977 0.820392 0.884725
2.06565 -1.69335 0.885819 0.668485 0.874085
2.0657 -1.69286 0.886024 0.63396 0.865639
2.06575 -1.69173 0.884534 0.698236 0.878611
2.0658 -1.69365 0.885947 0.656277 0.867325
2.06585 -1.6923 0.884349 0.792989 0.880159
2.0659 -1.69177 0.88407 123.832 0.886125
2.06595 -1.69243 0.88537 0.636269 0.868563
2.066 -1.69234 0.885215 0.713938 0.885149
2.06605 -1.69447 0.886339 144.019 0.867474
2.0661 -1.69452 0.88748 0.570015 0.846393
2.06615 -1.69244 0.885689 0.626999 0.86722
2.0662 -1.69253 0.884996 0.741965 0.880445
2.06625 -1.69379 0.887002 0.584795 0.844701
2.0663 -1.69245 0.885476 0.678294 0.877405
2.06635 -1.69327 0.88708 0.554518 0.844819
2.0664 -1.69232 0.885558 0.661852 0.87423
2.06645 -1.69022 0.88392 0.689351 0.885928
2.0665 -1.69213 0.885066 0.673056 0.880085
2.06655 -1.693 0.8858 0.654046 0.872544
2.0666 -1.69103 0.884635 0.70855 0.893488
2.06665 -1.69266 0.884739 0.931416 0.876739
2.0667 -1.69177 0.885457 0.662932 0.861014
2.06675 -1.69143 0.884059 0.760476 0.882875
2.0668 -1.69115 0.884877 0.650153 0.875941
2.06685 -1.69307 0.886093 0.636268 0.865949
2.0669 -1.69288 0.885385 148.379 0.868315
2.06695 -1.6926 0.885023 11.1946 0.86976
2.067 -1.69093 0.884546 0.70052 0.885605
2.06705 -1.6925 0.886 0.613662 0.861403
2.0671 -1.6929 0.884959 0.792539 0.863191
2.06715 -1.68976 0.883506 0.68925 0.884408
2.0672 -1.69142 0.884702 0.67469 0.875151
2.06725 -1.69237 0.885934 0.626928 0.874054
2.0673 -1.6913 0.884527 0.666291 0.877896
2.06735 -1.69294 0.886101 0.629933 0.855112
2.0674 -1.69229 0.885748 0.637376 0.860651
2.06745 -1.68938 0.883136 0.711775 0.894064
2.0675 -1.69138 0.884728 0.700639 0.883885
2.06755 -1.68985 0.883292 0.723238 0.897182
2.0676 -1.69088 0.884513 0.669757 0.869379
2.06765 -1.69193 0.883332 149.803 0.901891
2.0677 -1.69046 0.883802 0.715896 0.90321
2.06775 -1.6915 0.884294 0.726747 0.889073
2.0678 -1.69283 0.885658 0.662507 0.877337
2.06785 -1.69086 0.884132 0.747592 0.888604
2.0679 -1.69031 0.884881 0.629641 0.860314
2.06795 -1.69151 0.884655 0.711235 0.887702
2.068 -1.69102 0.884444 0.671066 0.877475
2.06805 -1.69244 0.8858 0.663347 0.872811
2.0681 -1.69202 0.885406 0.643957 0.863834
2.06815 -1.69147 0.885359 0.623154 0.872009
2.0682 -1.69112 0.885057 0.619692 0.86957
2.06825 -1.69029 0.884648 0.625657 0.876236
2.0683 -1.68923 0.883287 0.70261 0.884758
2.06835 -1.69045 0.884646 0.655326 0.883993
2.0684 -1.6889 0.882607 0.781597 0.906039
2.06845 -1.692 0.886021 0.616216 0.855211
2.0685 -1.68952 0.883096 0.747161 0.887019
2.06855 -1.6925 0.886108 0.673149 0.862858
2.0686 -1.68957 0.883729 0.665628 0.874147
2.06865 -1.69049 0.883985 0.752473 0.879835
2.0687 -1.69227 0.886164 0.609147 0.852049
2.06875 -1.69073 0.884148 0.719858 0.883307
2.0688 -1.69164 0.885062 0.67592 0.881221
2.06885 -1.69162 0.885307 0.68958 0.86429
2.0689 -1.68985 0.882245 149.666 0.907802
2.06895 -1.69142 0.88504 0.703798 0.871487
2.069 -1.68923 0.882834 151.485 0.900181
2.06905 -1.69076 0.884863 0.668197 0.877339
2.0691 -1.69133 0.885217 0.622181 0.876163
2.06915 -1.68878 0.882124 138.469 0.905669
2.0692 -1.68856 0.882721 0.711054 0.88617
2.06925 -1.6902 0.883444 0.831321 0.898954
2.0693 -1.68995 0.884277 0.675775 0.870318
2.06935 -1.69114 0.885157 0.656659 0.86786
2.0694 -1.69125 0.885688 0.592049 0.856467
2.06945 -1.68989 0.884299 0.640023 0.867288
2.0695 -1.69121 0.884723 113.316 0.872191
2.06955 -1.6921 0.886039 0.591117 0.848986
2.0696 -1.69141 0.886009 0.577902 0.858468
2.06965 -1.68931 0.883569 104.968 0.89267
2.0697 -1.69076 0.885049 0.640213 0.857835
2.06975 -1.68952 0.883803 149.03 0.885102
2.0698 -1.68844 0.883162 0.732884 0.887606
2.06985 -1.68841 0.883529 0.66024 0.885778
2.0699 -1.68957 0.883952 0.673941 0.876532
2.06995 -1.68835 0.883329 0.644373 0.885298
2.07 -1.68997 0.883829 0.730779 0.888914
2.07005 -1.6893 0.883639 0.682723 0.877872
2.0701 -1.68828 0.882467 0.740701 0.90423
2.07015 -1.68643 0.881489 0.744122 0.890165
2.0702 -1.68998 0.884715 0.618224 0.861337
2.07025 -1.6888 0.882868 0.756656 0.888883
2.0703 -1.68831 0.882329 143.954 0.907823
2.07035 -1.68849 0.883205 0.692889 0.900366
2.0704 -1.68908 0.884222 0.618698 0.864616
2.07045 -1.68925 0.88423 0.643643 0.882648
2.0705 -1.68805 0.881706 0.982658 0.903355
2.07055 -1.68926 0.884068 0.666813 0.861689
2.0706 -1.68962 0.884176 0.659792 0.873573
2.07065 -1.69014 0.884691 0.647931 0.871733
2.0707 -1.69008 0.883755 106.06 0.89201
2.07075 -1.68884 0.884077 0.668542 0.878084
2.0708 -1.68902 0.883913 0.65254 0.868233
2.07085 -1.68671 0.880841 135.565 0.927774
2.0709 -1.68618 0.881333 0.755492 0.896929
2.07095 -1.68878 0.883825 0.640444 0.867378
2.071 -1.68818 0.881618 0.915919 0.916154
2.07105 -1.68835 0.88438 0.613492 0.878294
2.0711 -1.68999 0.884568 151.753 0.867654
2.07115 -1.68927 0.884534 0.624675 0.860811
2.0712 -1.68839 0.88448 0.595501 0.856393
2.07125 -1.68838 0.883257 0.703292 0.887111
2.0713 -1.68875 0.884213 0.627367 0.8804
2.07135 -1.68918 0.88428 0.638062 0.875841
2.0714 -1.68609 0.880448 148.164 0.915137
2.07145 -1.68838 0.884227 0.605882 0.865556
2.0715 -1.68685 0.881835 0.736921 0.90154
2.07155 -1.68852 0.883538 0.683129 0.880378
2.0716 -1.68735 0.882637 0.679569 0.877843
2.07165 -1.68935 0.884858 0.628538 0.866737
2.0717 -1.68748 0.882431 0.836391 0.902078
2.07175 -1.68924 0.8848 0.631116 0.863099
2.0718 -1.68729 0.883045 0.65972 0.877793
2.07185 -1.68773 0.882839 0.68603 0.873205
2.0719 -1.68735 0.882965 0.685602 0.900324
2.07195 -1.68888 0.882707 0.844947 0.902
2.072 -1.68804 0.883102 0.698706 0.89196
2.07205 -1.68734 0.882457 0.707087 0.898255
2.0721 -1.68633 0.88223 0.705598 0.890368
2.07215 -1.68657 0.882066 0.70803 0.88638
2.0722 -1.68575 0.881016 147.765 0.908731
2.07225 -1.68705 0.882742 0.680722 0.894167
2.0723 -1.6863 0.882159 0.761965 0.904681
2.07235 -1.68527 0.880678 0.756601 0.918591
2.0724 -1.68731 0.883312 0.661384 0.884323
2.07245 -1.68482 0.881041 0.717428 0.896584
2.0725 -1.68443 0.880315 0.772979 0.918839
2.07255 -1.68569 0.880473 150.119 0.898195
2.0726 -1.68682 0.882223 0.749941 0.887803
2.07265 -1.68563 0.8814 0.761266 0.890279
2.0727 -1.68816 0.883264 0.691769 0.883456
2.07275 -1.68649 0.882706 0.657122 0.886134
2.0728 -1.68666 0.881851 0.764238 0.894226
2.07285 -1.68864 0.884872 0.583256 0.867196
2.0729 -1.68688 0.88265 0.687501 0.895595
2.07295 -1.68518 0.881207 0.710448 0.894611
2.073 -1.68589 0.880922 1.17861 0.907393
2.07305 -1.68823 0.883888 0.642501 0.866565
2.0731 -1.68496 0.881728 0.67268 0.894139
2.07315 -1.68785 0.883632 0.643916 0.870672
2.0732 -1.68616 0.881971 0.727536 0.900792
2.07325 -1.6872 0.882938 0.685444 0.885653
2.0733 -1.68512 0.8804 97.4802 0.906
2.07335 -1.6864 0.882856 0.674661 0.88434
2.0734 -1.68604 0.88202 0.713779 0.892485
2.07345 -1.68843 0.88366 0.71818 0.87398
2.0735 -1.68538 0.881413 0.711749 0.900763
2.07355 -1.68721 0.882974 0.698603 0.878126
2.0736 -1.68645 0.882635 0.654674 0.878691
2.07365 -1.68576 0.881742 150.577 0.899815
2.0737 -1.68673 0.882831 0.665973 0.883645
2.07375 -1.68535 0.88159 0.73644 0.903915
2.0738 -1.68523 0.880957 85.0658 0.885911
2.07385 -1.68594 0.882023 0.717061 0.900437
2.0739 -1.68508 0.881074 0.736615 0.894797
2.07395 -1.68596 0.882197 0.678448 0.882662
2.074 -1.68562 0.88252 0.635791 0.878307
2.07405 -1.68652 0.883119 0.627218 0.875965
2.0741 -1.68549 0.882071 0.646265 0.876797
2.07415 -1.68529 0.881352 0.704472 0.891246
2.0742 -1.68686 0.883069 0.654684 0.876015
2.07425 -1.68658 0.883597 0.602393 0.870266
2.0743 -1.68756 0.884522 0.563685 0.852754
2.07435 -1.68649 0.882802 0.763189 0.887476
2.0744 -1.68424 0.880855 0.725235 0.898268
2.07445 -1.68655 0.883179 0.655052 0.886163
2.0745 -1.68502 0.881483 0.744832 0.896128
2.07455 -1.68594 0.881918 0.71208 0.88585
2.0746 -1.68604 0.882285 0.700092 0.895586
2.07465 -1.68536 0.881466 0.734546 0.904303
2.0747 -1.68323 0.878736 1.05917 0.929283
2.07475 -1.68335 0.880807 0.699334 0.894057
2.0748 -1.68385 0.880523 0.791158 0.899347
2.07485 -1.68586 0.881343 61.036 0.915934
2.0749 -1.68545 0.882103 0.669546 0.883865
2.07495 -1.68412 0.879537 0.951447 0.912284
2.075 -1.6866 0.882816 0.638291 0.869737
2.07505 -1.68489 0.882079 0.64488 0.880681
2.0751 -1.68549 0.881924 0.701179 0.888226
2.07515 -1.68465 0.880183 0.882301 0.90095
2.0752 -1.68426 0.881536 0.722697 0.884631
2.07525 -1.68479 0.8813 0.700842 0.89192
2.0753 -1.68312 0.880545 0.705409 0.894277
2.07535 -1.68433 0.881184 0.70087 0.896013
2.0754 -1.68408 0.880692 0.730288 0.894744
2.07545 -1.68276 0.88027 0.72467 0.905441
2.0755 -1.68529 0.882442 0.660119 0.884142
2.07555 -1.68551 0.881437 0.812908 0.91278
2.0756 -1.68406 0.8809 0.729412 0.909926
2.07565 -1.68557 0.881932 0.730131 0.887797
2.0757 -1.68318 0.879662 144.243 0.90591
2.07575 -1.68524 0.881965 0.68519 0.88999
2.0758 -1.68321 0.880615 0.757403 0.892058
2.07585 -1.68525 0.882229 0.681303 0.902443
2.0759 -1.68238 0.879563 0.752763 0.909686
2.07595 -1.68417 0.881155 0.742479 0.897854
2.076 -1.6853 0.882964 0.622289 0.869776
2.07605 -1.68389 0.880245 0.816121 0.91279
2.0761 -1.68331 0.880847 0.686157 0.888543
2.07615 -1.68382 0.881193 0.690633 0.897169
2.0762 -1.68259 0.880005 0.767665 0.912807
2.07625 -1.68271 0.879681 0.776171 0.915589
2.0763 -1.683 0.879413 78.1874 0.901744
2.07635 -1.68367 0.880155 0.861844 0.907919
2.0764 -1.68388 0.880256 142.856 0.901363
2.07645 -1.6834 0.880668 40.1615 0.893533
2.0765 -1.68397 0.881239 0.705966 0.900609
2.07655 -1.68291 0.879396 0.847883 0.925354
2.0766 -1.68272 0.879765 0.763739 0.899991
2.07665 -1.68258 0.879921 0.832637 0.902185
2.0767 -1.68306 0.880645 0.701107 0.909278
2.07675 -1.68483 0.882335 0.628716 0.878415
2.0768 -1.6849 0.882034 0.64175 0.873154
2.07685 -1.68454 0.882417 0.630543 0.872613
2.0769 -1.68441 0.880724 0.786482 0.896693
2.07695 -1.68168 0.87999 0.734779 0.908396
2.077 -1.68167 0.87946 0.745926 0.911789
2.07705 -1.68446 0.881862 0.645104 0.889559
2.0771 -1.68326 0.880316 0.735401 0.894462
2.07715 -1.68392 0.88135 0.688161 0.888248
2.0772 -1.6824 0.879686 93.3304 0.908816
2.07725 -1.68186 0.879598 0.733922 0.906503
2.0773 -1.68172 0.879204 0.75093 0.902016
2.07735 -1.68337 0.880994 0.700067 0.894419
2.0774 -1.68366 0.881057 0.735171 0.890318
2.07745 -1.68281 0.880082 0.792653 0.899758
2.0775 -1.68219 0.879726 0.751115 0.892171
2.07755 -1.68141 0.878616 0.801385 0.91749
2.0776 -1.68152 0.877985 1.00199 0.929542
2.07765 -1.68393 0.882021 0.615266 0.870561
2.0777 -1.67896 0.875245 109.218 0.950156
2.07775 -1.68342 0.880621 0.734107 0.892654
2.0778 -1.68176 0.878716 0.888311 0.937581
2.07785 -1.6814 0.878754 145.953 0.920155
2.0779 -1.67975 0.877053 1.07252 0.919947
2.07795 -1.68118 0.8788 75.1155 0.927481
2.078 -1.68409 0.882099 0.6335 0.879518
2.07805 -1.68138 0.880057 0.713497 0.901517
2.0781 -1.68171 0.879392 0.772122 0.912427
2.07815 -1.68109 0.879615 0.698909 0.894122
2.0782 -1.68147 0.879293 68.3463 0.927805
2.07825 -1.68237 0.880233 0.724129 0.895129
2.0783 -1.6807 0.878471 0.835426 0.929255
2.07835 -1.68278 0.88041 102.595 0.906721
2.0784 -1.68176 0.879919 0.712173 0.895645
2.07845 -1.68133 0.878795 0.913619 0.921356
2.0785 -1.68307 0.881061 0.697569 0.899441
2.07855 -1.68256 0.880601 0.708061 0.893824
2.0786 -1.68137 0.879333 0.744111 0.92001
2.07865 -1.68265 0.880391 0.74465 0.906403
2.0787 -1.68102 0.879231 8.37918 0.90932
2.07875 -1.68013 0.878313 0.788778 0.923349
2.0788 -1.68236 0.880657 0.702214 0.877778
2.07885 -1.67972 0.878291 0.7738 0.906702
2.0789 -1.67968 0.878358 0.76405 0.924098
2.07895 -1.68191 0.880105 149.586 0.910597
2.079 -1.68115 0.879344 0.792868 0.909228
2.07905 -1.68153 0.87998 3.87588 0.899838
2.0791 -1.68301 0.881355 0.640034 0.88463
2.07915 -1.68228 0.879856 0.73776 0.90106
2.0792 -1.68012 0.878506 0.804712 0.926142
2.07925 -1.68058 0.879177 0.735808 0.909007
2.0793 -1.67953 0.876443 16.6906 0.950013
2.07935 -1.67905 0.876775 0.96324 0.939305
2.0794 -1.68285 0.88106 0.703688 0.894825
2.07945 -1.68002 0.878459 0.763352 0.910397
2.0795 -1.6792 0.877616 0.849267 0.925209
2.07955 -1.67887 0.875755 147.044 0.947727
2.0796 -1.68169 0.880441 0.688412 0.883543
2.07965 -1.67983 0.878448 0.805937 0.90778
2.0797 -1.67887 0.877648 0.816003 0.923413
2.07975 -1.67925 0.877285 56.8917 0.920219
2.0798 -1.67995 0.878319 143.545 0.919684
2.07985 -1.68296 0.881083 0.684732 0.896295
2.0799 -1.68211 0.881105 0.60794 0.868077
2.07995 -1.67924 0.878483 0.713123 0.910477
2.08 -1.67938 0.87876 0.712343 0.898801
2.08005 -1.67785 0.876315 142.013 0.942146
2.0801 -1.68099 0.879585 0.71215 0.887215
2.08015 -1.67989 0.87883 0.728765 0.911386
2.0802 -1.68099 0.880163 0.672734 0.904403
2.08025 -1.6813 0.879682 0.749316 0.908631
2.0803 -1.68067 0.878973 0.774987 0.910729
2.08035 -1.67993 0.878226 0.837053 0.928478
2.0804 -1.68137 0.880634 0.67034 0.886131
2.08045 -1.68129 0.879489 0.808559 0.903998
2.0805 -1.67963 0.878594 0.732498 0.904308
2.08055 -1.68178 0.88067 0.659424 0.879337
2.0806 -1.67797 0.875797 0.962296 0.94305
2.08065 -1.68 0.878891 0.771252 0.897612
2.0807 -1.67837 0.876787 0.933917 0.933995
2.08075 -1.68155 0.879748 0.719364 0.893778
2.0808 -1.67899 0.877843 0.784463 0.925215
2.08085 -1.67974 0.878747 0.730625 0.913462
2.0809 -1.67933 0.877449 100.293 0.924961
2.08095 -1.67783 0.876736 0.913445 0.91903
2.081 -1.67749 0.876445 87.0572 0.928549
2.08105 -1.67864 0.877153 0.819356 0.920477
2.0811 -1.68004 0.87871 29.0924 0.901682
2.08115 -1.68138 0.879927 0.74903 0.887739
2.0812 -1.67997 0.878506 0.759668 0.902545
2.08125 -1.67972 0.878237 0.83335 0.896295
2.0813 -1.67954 0.878736 0.732246 0.900468
2.08135 -1.67743 0.876545 12.7219 0.929496
2.0814 -1.68008 0.879136 0.734967 0.89972
2.08145 -1.67887 0.878208 0.773847 0.915165
2.0815 -1.6825 0.881245 0.664307 0.881942
2.08155 -1.6797 0.878999 0.713675 0.916741
2.0816 -1.68051 0.880202 0.669211 0.888862
2.08165 -1.67764 0.876288 126.788 0.932571
2.0817 -1.68078 0.879941 148.752 0.894119
2.08175 -1.67903 0.878093 0.769016 0.913016
2.0818 -1.67844 0.877439 25.3974 0.924152
2.08185 -1.67862 0.877587 0.812025 0.918005
2.0819 -1.67823 0.878134 0.772049 0.917696
2.08195 -1.67877 0.877903 148.805 0.932947
2.082 -1.67765 0.877115 0.764135 0.900297
2.08205 -1.67743 0.878212 0.680898 0.892712
2.0821 -1.67598 0.874948 145.741 0.939584
2.08215 -1.67841 0.878252 0.732319 0.906952
2.0822 -1.6775 0.877125 143.444 0.909606
2.08225 -1.67687 0.876399 0.835796 0.925992
2.0823 -1.67794 0.877564 0.780318 0.907637
2.08235 -1.67907 0.879073 0.715562 0.89919
2.0824 -1.67838 0.877561 0.791065 0.918148
2.08245 -1.67578 0.874778 0.938976 0.954018
2.0825 -1.67822 0.878611 0.677812 0.895469
2.08255 -1.67863 0.879274 0.65629 0.886989
2.0826 -1.68039 0.87986 0.680295 0.881552
2.08265 -1.67821 0.87808 0.746046 0.922908
2.0827 -1.67901 0.878302 104.302 0.898176
2.08275 -1.67631 0.875706 118.812 0.938315
2.0828 -1.6779 0.877571 0.767512 0.900467
2.08285 -1.67695 0.876624 0.859051 0.922827
2.0829 -1.67795 0.877199 0.854313 0.923092
2.08295 -1.67743 0.877719 0.736123 0.905449
2.083 -1.67763 0.878647 0.688247 0.900263
2.08305 -1.67742 0.877557 0.795693 0.914266
2.0831 -1.6767 0.875822 130.196 0.953217
2.08315 -1.67881 0.879324 0.661776 0.90257
2.0832 -1.67956 0.879674 0.660196 0.887548
2.08325 -1.67891 0.878254 0.830775 0.91076
2.0833 -1.67815 0.878413 0.712078 0.903398
2.08335 -1.67725 0.877845 0.705328 0.901561
2.0834 -1.67798 0.877117 0.883929 0.912883
2.08345 -1.67739 0.877075 138.109 0.933024
2.0835 -1.67604 0.876345 0.782861 0.926649
2.08355 -1.67739 0.877701 0.74854 0.908259
2.0836 -1.67755 0.877172 0.888658 0.918535
2.08365 -1.67738 0.877009 0.820465 0.919697
2.0837 -1.67928 0.879875 0.630897 0.872147
2.08375 -1.67772 0.878231 0.721269 0.901958
2.0838 -1.67682 0.877582 0.724443 0.911469
2.08385 -1.67747 0.876407 129.821 0.935105
2.0839 -1.67897 0.879717 0.66366 0.881502
2.08395 -1.67616 0.877072 0.743097 0.914927
2.084 -1.67674 0.877833 0.680894 0.892902
2.08405 -1.67687 0.87746 0.770771 0.918782
2.0841 -1.67724 0.877791 0.76008 0.89789
2.08415 -1.67723 0.87758 0.761798 0.907823
2.0842 -1.67765 0.878549 0.678887 0.893811
2.08425 -1.67602 0.876292 76.9511 0.929751
2.0843 -1.6767 0.877334 0.732112 0.900062
2.08435 -1.6765 0.876487 0.807272 0.932222
2.0844 -1.67527 0.876059 107.343 0.912644
2.08445 -1.67685 0.877293 0.782863 0.920804
2.0845 -1.67544 0.87549 0.867781 0.932077
2.08455 -1.67615 0.877137 0.765002 0.911194
2.0846 -1.67508 0.875293 145.819 0.93823
2.08465 -1.67681 0.877922 0.680741 0.892191
2.0847 -1.67629 0.877297 110.468 0.92148
2.08475 -1.67742 0.87798 0.711397 0.914603
2.0848 -1.67477 0.874683 0.979044 0.944166
2.08485 -1.67701 0.878481 0.690553 0.902395
2.0849 -1.67464 0.875183 0.857528 0.932791
2.08495 -1.67884 0.878809 0.727912 0.881547
2.085 -1.67691 0.877886 0.726822 0.914841
2.08505 -1.67599 0.876296 0.795103 0.928908
2.0851 -1.67623 0.876293 0.933708 0.936111
2.08515 -1.67535 0.875721 41.1389 0.93555
2.0852 -1.67366 0.874443 51.5433 0.940261
2.08525 -1.67648 0.877303 0.77382 0.901118
2.0853 -1.67358 0.874825 0.834078 0.925399
2.08535 -1.67201 0.872109 125.687 0.983987
2.0854 -1.67331 0.873699 0.966297 0.948021
2.08545 -1.67628 0.87744 0.728584 0.90847
2.0855 -1.67707 0.877589 0.769853 0.913754
2.08555 -1.67542 0.876503 0.780407 0.918054
2.0856 -1.67607 0.875849 0.890554 0.930262
2.08565 -1.6743 0.875577 0.804929 0.929331
2.0857 -1.67495 0.875891 0.80412 0.916997
2.08575 -1.67417 0.874785 146.517 0.941133
2.0858 -1.67558 0.876504 0.858647 0.929162
2.08585 -1.67328 0.874698 0.869538 0.93626
2.0859 -1.6756 0.876993 0.729593 0.908083
2.08595 -1.67624 0.877248 0.755889 0.916996
2.086 -1.6751 0.875701 0.809197 0.927815
2.08605 -1.67386 0.874709 0.864181 0.932124
2.0861 -1.67526 0.876075 48.7043 0.922656
2.08615 -1.67566 0.876096 0.843595 0.93272
2.0862 -1.67412 0.875712 0.785352 0.924699
2.08625 -1.67589 0.876665 0.823343 0.920907
2.0863 -1.67533 0.876724 0.758429 0.906835
2.08635 -1.67507 0.87669 0.70256 0.893238
2.0864 -1.67528 0.876709 85.1469 0.931116
2.08645 -1.67409 0.875824 0.760464 0.918411
2.0865 -1.67512 0.876485 0.769521 0.920372
2.08655 -1.67331 0.874239 91.706 0.934755
2.0866 -1.67478 0.875331 0.860159 0.940981
2.08665 -1.67338 0.874313 0.926062 0.95363
2.0867 -1.67487 0.876113 0.772706 0.924538
2.08675 -1.6734 0.874745 0.830535 0.930261
2.0868 -1.6742 0.875479 131.851 0.920526
2.08685 -1.67394 0.875513 0.792168 0.932417
2.0869 -1.67487 0.877445 0.694642 0.900857
2.08695 -1.675 0.876698 0.750487 0.929407
2.087 -1.67433 0.876393 0.715141 0.907594
2.08705 -1.67167 0.873035 0.93627 0.948921
2.0871 -1.67267 0.871552 77.8075 0.971923
2.08715 -1.6724 0.874868 0.788445 0.93371
2.0872 -1.67476 0.87635 0.733012 0.923118
2.08725 -1.67503 0.876698 0.760854 0.913346
2.0873 -1.67614 0.878038 0.696832 0.901746
2.08735 -1.67352 0.874414 0.91459 0.938725
2.0874 -1.67313 0.874876 0.816569 0.934766
2.08745 -1.67363 0.874753 1.06207 0.925338
2.0875 -1.6762 0.877794 0.693404 0.897001
2.08755 -1.67301 0.873819 145.654 0.954977
2.0876 -1.67342 0.875246 0.803326 0.934128
2.08765 -1.67411 0.875523 32.2871 0.915905
2.0877 -1.67345 0.874896 0.836131 0.945045
2.08775 -1.67372 0.875615 0.759729 0.919518
2.0878 -1.67442 0.87597 0.83586 0.916846
2.08785 -1.67344 0.875017 144.193 0.946315
2.0879 -1.67328 0.875212 0.839024 0.928325
2.08795 -1.67068 0.872034 0.9331 0.964668
2.088 -1.67188 0.872305 144.327 0.94736
2.08805 -1.67322 0.875454 0.763483 0.925288
2.0881 -1.67378 0.876039 0.741763 0.925102
2.08815 -1.67411 0.875427 128.438 0.930472
2.0882 -1.67353 0.875571 128.43 0.917764
2.08825 -1.67371 0.875728 0.791953 0.921739
2.0883 -1.67228 0.875439 0.720254 0.897254
2.08835 -1.67015 0.872446 0.856765 0.943756
2.0884 -1.67109 0.873683 0.844527 0.935866
2.08845 -1.67106 0.873708 0.820049 0.948049
2.0885 -1.6728 0.875146 0.756592 0.920107
2.08855 -1.67285 0.874837 0.874854 0.92054
2.0886 -1.67335 0.875582 0.754352 0.922162
2.08865 -1.67149 0.873504 0.865912 0.936567
2.0887 -1.67416 0.876477 0.78123 0.910149
2.08875 -1.67228 0.873653 0.942639 0.949463
2.0888 -1.67405 0.876884 0.707623 0.906222
2.08885 -1.67313 0.875581 0.732969 0.912261
2.0889 -1.67258 0.874956 0.805653 0.92955
2.08895 -1.67212 0.874499 0.808608 0.926106
2.089 -1.67343 0.875497 0.783472 0.910577
2.08905 -1.67209 0.874442 0.831044 0.925678
2.0891 -1.67227 0.874755 0.790966 0.925224
2.08915 -1.67293 0.875378 0.805211 0.923677
2.0892 -1.67134 0.873673 0.916856 0.938013
2.08925 -1.6727 0.875064 0.804432 0.90987
2.0893 -1.66965 0.871677 0.988362 0.967708
2.08935 -1.67188 0.875163 0.761342 0.925254
2.0894 -1.66818 0.869075 78.4569 0.983593
2.08945 -1.67029 0.872373 0.952238 0.960555
2.0895 -1.67035 0.873344 0.862326 0.941207
2.08955 -1.67034 0.87224 98.4266 0.924434
2.0896 -1.67372 0.875811 0.729524 0.917334
2.08965 -1.66991 0.871486 1.04668 0.971941
2.0897 -1.67108 0.873941 0.835595 0.938882
2.08975 -1.67081 0.87281 127.413 0.947409
2.0898 -1.67241 0.875597 0.709435 0.908013
2.08985 -1.67034 0.871806 1.03133 0.969244
2.0899 -1.67144 0.875133 0.710985 0.9124
2.08995 -1.67203 0.874952 0.776751 0.926029
2.09 -1.67297 0.874419 63.4184 0.941622
2.09005 -1.67147 0.874257 0.779392 0.913225
2.0901 -1.67291 0.875023 0.82887 0.914079
2.09015 -1.67096 0.874303 0.816369 0.937568
2.0902 -1.67096 0.873875 0.813375 0.948082
2.09025 -1.67088 0.873507 42.3039 0.925606
2.0903 -1.67336 0.876248 0.713915 0.908052
2.09035 -1.6713 0.874941 0.792572 0.928408
2.0904 -1.67149 0.875156 0.769802 0.919866
2.09045 -1.67125 0.873768 0.9318 0.93105
2.0905 -1.67133 0.874228 0.858521 0.943305
2.09055 -1.67291 0.876203 0.728558 0.896015
2.0906 -1.67243 0.874913 0.824992 0.931854
2.09065 -1.67097 0.874176 0.801414 0.92563
2.0907 -1.67058 0.874433 0.799982 0.924664
2.09075 -1.66908 0.871772 46.4741 0.955082
2.0908 -1.67191 0.874311 0.83205 0.923713
2.09085 -1.66748 0.87027 1.14395 0.972526
2.0909 -1.67112 0.874037 0.797453 0.922175
2.09095 -1.66882 0.87315 0.787233 0.945262
2.091 -1.66674 0.869081 121.234 0.988466
2.09105 -1.67011 0.873626 0.825505 0.930584
2.0911 -1.67093 0.874152 0.783898 0.930635
2.09115 -1.67077 0.873739 69.6318 0.934583
2.0912 -1.66784 0.871649 0.893729 0.95723
2.09125 -1.66443 0.862814 129.259 1.06729
2.0913 -1.66951 0.872914 105.889 0.931153
2.09135 -1.66852 0.871592 0.917154 0.955712
2.0914 -1.67071 0.874151 0.81474 0.927245
2.09145 -1.67016 0.872979 0.873376 0.936633
2.0915 -1.67085 0.873599 0.872216 0.923145
2.09155 -1.67108 0.873756 0.857811 0.918779
2.0916 -1.66996 0.874057 0.753541 0.931992
2.09165 -1.6688 0.872721 0.812475 0.932387
2.0917 -1.66972 0.872817 119.175 0.952706
2.09175 -1.67002 0.873052 52.9757 0.952095
2.0918 -1.66972 0.873765 0.773279 0.931845
2.09185 -1.66792 0.871199 4.22848 0.940833
2.0919 -1.66971 0.873132 0.813106 0.941411
2.09195 -1.66781 0.871814 136.434 0.953978
2.092 -1.67006 0.872763 0.934124 0.941666
2.09205 -1.67032 0.873865 0.795473 0.917352
2.0921 -1.66956 0.87331 0.814944 0.939042
2.09215 -1.66918 0.872519 0.888095 0.949209
2.0922 -1.66953 0.873248 0.810869 0.933924
2.09225 -1.67074 0.873194 0.876159 0.945092
2.0923 -1.66921 0.872081 108.544 0.948731
2.09235 -1.66811 0.872423 0.799051 0.935642
2.0924 -1.66955 0.87233 135.476 0.94577
2.09245 -1.66775 0.870099 98.0188 0.95979
2.0925 -1.66803 0.871842 0.904417 0.955931
2.09255 -1.6689 0.872298 0.925219 0.943289
2.0926 -1.66933 0.872943 0.869259 0.939864
2.09265 -1.66858 0.872106 0.977283 0.95984
2.0927 -1.66932 0.873526 0.777189 0.926471
2.09275 -1.66891 0.87353 0.748857 0.912116
2.0928 -1.67086 0.874514 0.769957 0.920234
2.09285 -1.66886 0.871943 0.971968 0.938943
2.0929 -1.66778 0.871802 0.980427 0.967408
2.09295 -1.66745 0.871841 0.861944 0.948992
2.093 -1.6679 0.871859 0.85994 0.956778
2.09305 -1.66713 0.869693 1.33423 0.967778
2.0931 -1.66867 0.871788 71.1312 0.941737
2.09315 -1.66709 0.870964 0.887603 0.958951
2.0932 -1.6684 0.87281 0.81118 0.926548
2.09325 -1.66898 0.873228 0.771664 0.917566
2.0933 -1.66879 0.872931 0.781282 0.937498
2.09335 -1.66825 0.87214 0.87959 0.939831
2.0934 -1.66869 0.872986 0.787886 0.92654
2.09345 -1.6658 0.868849 1.08554 0.982535
2.0935 -1.66805 0.872937 0.771523 0.942933
2.09355 -1.66807 0.872296 0.85086 0.960918
2.0936 -1.66648 0.870475 1.058 0.958544
2.09365 -1.66573 0.869834 0.948841 0.978359
2.0937 -1.66655 0.871079 0.877245 0.949943
2.09375 -1.66526 0.869812 138.089 0.957668
2.0938 -1.66716 0.872156 0.852165 0.944966
2.09385 -1.67018 0.874206 0.809146 0.924632
2.0939 -1.66655 0.87103 58.73 0.945598
2.09395 -1.66667 0.871137 0.921052 0.972475
2.094 -1.66708 0.871696 0.861533 0.942675
2.09405 -1.66627 0.869923 144.055 0.965734
2.0941 -1.66775 0.871642 0.979341 0.95637
2.09415 -1.66932 0.873622 0.785122 0.918511
2.0942 -1.66455 0.868293 103.494 0.986783
2.09425 -1.6667 0.870482 0.996969 0.966623
2.0943 -1.66729 0.872133 0.840203 0.942051
2.09435 -1.66625 0.870376 19.9781 0.964293
2.0944 -1.66777 0.872273 143.796 0.917768
2.09445 -1.66677 0.871095 90.4489 0.962532
2.0945 -1.66634 0.871068 0.901244 0.952973
2.09455 -1.66727 0.872303 0.82977 0.927303
2.0946 -1.66475 0.869527 0.901001 0.952597
2.09465 -1.66689 0.871884 0.832477 0.955526
2.0947 -1.66676 0.87202 77.7007 0.935504
2.09475 -1.66775 0.872449 0.812394 0.924627
2.0948 -1.66807 0.873155 0.742049 0.92309
2.09485 -1.66781 0.873174 0.744782 0.908617
2.0949 -1.66769 0.872321 0.858299 0.946551
2.09495 -1.66461 0.868163 116.118 0.987882
2.095 -1.66743 0.872748 0.763725 0.929438
2.09505 -1.66683 0.871551 0.835558 0.929691
2.0951 -1.66712 0.872075 0.798133 0.919679
2.09515 -1.66298 0.86649 1.19827 1.00458
2.0952 -1.66556 0.870491 0.945229 0.954931
2.09525 -1.66656 0.871361 0.820523 0.948243
2.0953 -1.66856 0.873649 0.76061 0.929728
2.09535 -1.66694 0.87246 0.797036 0.925837
2.0954 -1.66648 0.871624 0.844464 0.920173
2.09545 -1.66623 0.870076 0.998634 0.978597
2.0955 -1.66638 0.870623 134.458 0.941451
2.09555 -1.66413 0.86846 1.05635 0.973145
2.0956 -1.66582 0.870999 0.881838 0.962849
2.09565 -1.66546 0.869302 83.8257 0.97595
2.0957 -1.66608 0.870453 129.772 0.95235
2.09575 -1.66662 0.871089 0.90217 0.963716
2.0958 -1.66574 0.871285 0.833577 0.944787
2.09585 -1.6672 0.872966 0.763532 0.930694
2.0959 -1.66641 0.871934 0.801287 0.934059
2.09595 -1.6646 0.869262 83.4153 0.960653
2.096 -1.66545 0.870211 0.955453 0.96709
2.09605 -1.6641 0.868132 35.7791 0.972401
2.0961 -1.66468 0.869735 81.269 0.96276
2.09615 -1.66647 0.871919 0.810873 0.933061
2.0962 -1.66687 0.871176 0.898676 0.943379
2.09625 -1.66567 0.87064 0.921822 0.949124
2.0963 -1.66545 0.871248 0.810044 0.939667
2.09635 -1.66539 0.871558 0.81619 0.941113
2.0964 -1.66627 0.872721 0.707354 0.921763
2.09645 -1.66377 0.869176 0.942017 0.967243
2.0965 -1.66237 0.867589 104.974 0.992548
2.09655 -1.66295 0.867511 1.22841 1.00513
2.0966 -1.66535 0.871662 0.80685 0.935954
2.09665 -1.66261 0.865885 142.012 0.999451
2.0967 -1.66324 0.868993 0.918843 0.965916
2.09675 -1.66448 0.870214 0.884508 0.938988
2.0968 -1.66503 0.869573 69.6015 0.966703
2.09685 -1.66673 0.872742 0.789573 0.935551
2.0969 -1.66499 0.870072 0.961783 0.962605
2.09695 -1.66414 0.869551 0.91455 0.968855
2.097 -1.66399 0.868607 1.15611 0.970958
2.09705 -1.66654 0.872074 0.817122 0.926186
2.0971 -1.66544 0.87135 58.3686 0.941249
2.09715 -1.66528 0.871139 0.85196 0.956714
2.0972 -1.66265 0.868152 0.963464 0.977489
2.09725 -1.66589 0.871992 0.764394 0.930378
2.0973 -1.66423 0.870715 134.261 0.944339
2.09735 -1.66419 0.869692 0.932928 0.96932
2.0974 -1.66142 0.865 1.5378 1.00776
2.09745 -1.66374 0.869704 132.838 0.973627
2.0975 -1.66591 0.871311 0.911416 0.931953
2.09755 -1.66361 0.869715 0.886896 0.961113
2.0976 -1.66182 0.86806 0.931869 0.970501
2.09765 -1.66428 0.870197 0.843359 0.950014
2.0977 -1.6611 0.866486 1.17624 1.00425
2.09775 -1.66396 0.868594 81.2501 0.966806
2.0978 -1.663 0.869574 0.849757 0.953168
2.09785 -1.66469 0.871099 0.78727 0.93436
2.0979 -1.66446 0.870791 0.803144 0.937069
2.09795 -1.66377 0.869937 0.85611 0.941311
2.098 -1.66465 0.870929 0.828879 0.940928
2.09805 -1.66583 0.871738 0.830419 0.933068
2.0981 -1.66299 0.868093 1.12575 0.96863
2.09815 -1.66515 0.871581 0.782308 0.932331
2.0982 -1.66259 0.86786 1.09236 0.987382
2.09825 -1.66451 0.870271 0.864642 0.948853
2.0983 -1.66174 0.867895 144.423 0.964284
2.09835 -1.6648 0.87027 141.917 0.961625
2.0984 -1.66523 0.871247 0.87436 0.951547
2.09845 -1.6625 0.868661 143.18 0.964231
2.0985 -1.66158 0.867596 1.01095 0.974146
2.09855 -1.66303 0.869161 0.891526 0.964619
2.0986 -1.66501 0.871862 0.750933 0.929736
2.09865 -1.66088 0.868046 0.89024 0.963232
2.0987 -1.66212 0.867599 1.10513 0.979119
2.09875 -1.66367 0.869274 1.00653 0.949851
2.0988 -1.66324 0.870579 0.828035 0.946006
2.09885 -1.66392 0.870049 0.898159 0.945911
2.0989 -1.66247 0.869096 0.87695 0.957714
2.09895 -1.66334 0.870484 0.797681 0.938418
2.099 -1.66165 0.867075 45.3962 0.972964
2.09905 -1.6617 0.868731 88.2862 0.949708
2.0991 -1.66496 0.87171 0.747332 0.912643
2.09915 -1.66366 0.871026 0.782814 0.935976
2.0992 -1.66306 0.870517 0.781586 0.936937
2.09925 -1.66213 0.869523 0.869459 0.95616
2.0993 -1.66307 0.869934 0.828371 0.943676
2.09935 -1.66273 0.868931 1.08385 0.956504
2.0994 -1.66042 0.866964 124.149 0.986364
2.09945 -1.66108 0.868818 0.857412 0.950839
2.0995 -1.66258 0.868835 48.7993 0.964341
2.09955 -1.66191 0.868664 0.880341 0.963547
2.0996 -1.66294 0.868808 76.9825 0.967231
2.09965 -1.65982 0.865348 1.13383 1.00785
2.0997 -1.66332 0.869982 0.863948 0.951844
2.09975 -1.66097 0.867825 73.2315 0.97639
2.0998 -1.65875 0.865662 143.765 0.987857
2.09985 -1.66447 0.871366 0.764709 0.9319
2.0999 -1.66131 0.867391 143.838 0.965512
2.09995 -1.662 0.867893 126.774 0.975691
