2 -1.57209 0.2041 8.56937 0.743677
2.001 -1.74415 0.910485 0.459988 0.876149
2.002 -1.74419 0.910212 0.390508 0.805255
2.003 -1.74347 0.910967 0.420281 0.868572
2.004 -1.74242 0.910264 0.381196 0.824821
2.005 -1.73753 0.905718 0.576634 0.917903
2.006 -1.73999 0.906973 0.4884 0.804712
2.007 -1.7396 0.907475 0.418805 0.814205
2.008 -1.74085 0.908747 0.421254 0.820615
2.009 -1.73999 0.909169 0.339559 0.772078
2.01 -1.74101 0.9105 0.316721 0.753003
2.011 -1.73658 0.90727 0.481811 0.868386
2.012 -1.73806 0.909487 0.35653 0.801619
2.013 -1.73368 0.904297 0.482859 0.836763
2.014 -1.73648 0.907937 0.364368 0.766821
2.015 -1.73203 0.904272 0.416618 0.826826
