2.35 -1.31376 0.549074 59.8208 1.56982
2.35005 -1.31264 0.543148 59.2917 1.64434
2.3501 -1.31591 0.550776 60.545 1.61159
2.35015 -1.31715 0.551394 59.976 1.62123
2.3502 -1.30634 0.528391 57.1148 1.65394
2.35025 -1.31907 0.55984 61.681 1.6012
2.3503 -1.31121 0.545945 59.3138 1.56099
2.35035 -1.30873 0.533381 57.7317 1.61769
2.3504 -1.31203 0.544124 59.1189 1.57439
2.35045 -1.30931 0.541043 58.3803 1.58305
2.3505 -1.30934 0.53797 58.2764 1.62443
2.35055 -1.31252 0.541601 57.8985 1.62275
2.3506 -1.31678 0.554651 59.5076 1.5459
2.35065 -1.30529 0.531796 55.7682 1.59909
2.3507 -1.31313 0.549216 59.8097 1.57011
2.35075 -1.31693 0.554447 60.7108 1.58765
2.3508 -1.30946 0.535358 57.9407 1.57738
2.35085 -1.31051 0.544553 58.868 1.60518
2.3509 -1.31108 0.545497 58.5285 1.59179
2.35095 -1.30225 0.524959 56.1509 1.59738
2.351 -1.30762 0.537599 57.6052 1.5921
2.35105 -1.31123 0.545478 59.3542 1.57835
2.3511 -1.30595 0.530996 57.2081 1.61464
2.35115 -1.30725 0.533186 57.6394 1.62524
2.3512 -1.30399 0.528101 56.5839 1.57536
2.35125 -1.30856 0.534856 56.5981 1.61895
2.3513 -1.30028 0.523085 55.5328 1.56112
2.35135 -1.30867 0.535217 56.6074 1.60129
2.3514 -1.30713 0.531961 56.9581 1.60133
2.35145 -1.3062 0.53177 57.1826 1.60371
2.3515 -1.30499 0.52835 56.9148 1.62065
2.35155 -1.30611 0.53465 56.4968 1.57915
2.3516 -1.31308 0.547718 59.0941 1.58656
2.35165 -1.30412 0.528753 56.681 1.56707
2.3517 -1.31277 0.552253 59.7847 1.57941
2.35175 -1.31721 0.555194 61.1338 1.63599
2.3518 -1.31003 0.54332 53.7583 1.59952
2.35185 -1.31371 0.548345 58.2727 1.60248
2.3519 -1.30917 0.539308 58.2604 1.58549
2.35195 -1.30731 0.536748 57.8826 1.60291
2.352 -1.30795 0.540474 58.2061 1.57416
2.35205 -1.31251 0.546279 59.5091 1.5964
2.3521 -1.31048 0.543232 58.4029 1.58004
2.35215 -1.30422 0.529199 56.0164 1.61875
2.3522 -1.31132 0.545627 58.9526 1.57532
2.35225 -1.31601 0.554693 60.8717 1.59654
2.3523 -1.3116 0.546058 59.4514 1.58011
2.35235 -1.31433 0.551351 60.5487 1.6117
2.3524 -1.31153 0.545762 59.1714 1.56081
2.35245 -1.30887 0.537918 58.3731 1.62643
2.3525 -1.29901 0.517861 55.0956 1.60074
2.35255 -1.31201 0.548411 59.6162 1.59996
2.3526 -1.3124 0.547338 59.6435 1.59339
2.35265 -1.31108 0.54551 58.3228 1.5976
2.3527 -1.30593 0.53814 57.1494 1.56614
2.35275 -1.30197 0.526164 56.2985 1.61734
2.3528 -1.31629 0.555733 60.4372 1.57756
2.35285 -1.31022 0.542669 57.4533 1.58243
2.3529 -1.30967 0.544448 57.3638 1.56427
2.35295 -1.30552 0.529285 56.8432 1.61092
2.353 -1.3124 0.552151 59.9178 1.5858
2.35305 -1.30624 0.535473 57.9338 1.64251
2.3531 -1.30801 0.538607 58.1849 1.59748
2.35315 -1.31142 0.547977 57.6797 1.5825
2.3532 -1.3095 0.542452 58.8573 1.60944
2.35325 -1.30684 0.537125 57.5995 1.58048
2.3533 -1.30127 0.523706 55.9208 1.56999
2.35335 -1.3101 0.547184 59.2388 1.59507
2.3534 -1.30016 0.525113 55.5265 1.58391
2.35345 -1.30847 0.540628 58.1552 1.53795
2.3535 -1.30886 0.543496 58.6167 1.56761
2.35355 -1.30793 0.536928 57.6286 1.60288
2.3536 -1.30665 0.537463 58.0286 1.5981
2.35365 -1.31222 0.550942 60.0508 1.60647
2.3537 -1.30095 0.523299 55.6934 1.57606
2.35375 -1.30538 0.534616 54.0167 1.60646
2.3538 -1.30789 0.542461 58.7883 1.5841
2.35385 -1.3075 0.537225 58.0387 1.58317
2.3539 -1.30406 0.532356 56.7314 1.60465
2.35395 -1.31384 0.552572 59.1744 1.59903
2.354 -1.30686 0.542761 58.3895 1.55774
2.35405 -1.30424 0.52961 55.3347 1.62464
2.3541 -1.30681 0.538353 57.4571 1.56177
2.35415 -1.30375 0.529902 55.6493 1.60231
2.3542 -1.30356 0.531674 57.2086 1.61953
2.35425 -1.30353 0.535216 56.9133 1.59832
2.3543 -1.30771 0.539513 58.3807 1.58406
2.35435 -1.3087 0.540301 58.5371 1.5876
2.3544 -1.31647 0.557666 61.303 1.56634
2.35445 -1.30852 0.541283 58.2676 1.55502
2.3545 -1.30709 0.541102 58.5218 1.59507
2.35455 -1.3062 0.535779 56.9786 1.6167
2.3546 -1.30325 0.531205 56.237 1.59333
2.35465 -1.3009 0.52576 56.1743 1.60747
2.3547 -1.30392 0.53095 56.4895 1.55659
2.35475 -1.30588 0.540164 57.6721 1.56611
2.3548 -1.30386 0.535174 57.1353 1.5752
2.35485 -1.30894 0.545099 58.8823 1.56251
2.3549 -1.29932 0.525345 56.0642 1.59332
2.35495 -1.3047 0.53618 57.6897 1.59307
2.355 -1.30591 0.53816 57.6503 1.59189
2.35505 -1.30777 0.54271 58.7282 1.59408
2.3551 -1.30342 0.531091 56.9264 1.61018
2.35515 -1.30735 0.541144 58.4603 1.60879
2.3552 -1.29531 0.519771 54.9687 1.58289
2.35525 -1.30375 0.534756 56.6773 1.5639
2.3553 -1.30074 0.526895 53.4324 1.58857
2.35535 -1.30727 0.542826 57.2269 1.59115
2.3554 -1.30319 0.53592 57.3261 1.57249
2.35545 -1.30377 0.53428 57.3336 1.5861
2.3555 -1.3053 0.536994 57.7571 1.60878
2.35555 -1.30965 0.548335 59.6072 1.5768
2.3556 -1.30721 0.539826 58.1156 1.6004
2.35565 -1.30606 0.536949 57.7807 1.5957
2.3557 -1.30635 0.542643 56.4971 1.56828
2.35575 -1.30172 0.526524 56.3714 1.61107
2.3558 -1.30607 0.539651 57.2313 1.56709
2.35585 -1.2957 0.517946 54.881 1.60561
2.3559 -1.30561 0.539831 58.0071 1.56254
2.35595 -1.30531 0.537107 57.9031 1.59727
2.356 -1.3058 0.537148 57.4867 1.60726
2.35605 -1.29829 0.521202 55.094 1.59874
2.3561 -1.30087 0.526217 56.1118 1.59511
2.35615 -1.29905 0.527671 56.3781 1.60037
2.3562 -1.29958 0.525328 55.7653 1.56334
2.35625 -1.2981 0.520724 54.7484 1.64101
2.3563 -1.30524 0.535927 57.7215 1.60533
2.35635 -1.30441 0.535201 55.214 1.56305
2.3564 -1.30122 0.531845 56.7745 1.56224
2.35645 -1.30477 0.542281 56.9046 1.57343
2.3565 -1.3032 0.537173 56.8613 1.59311
2.35655 -1.30421 0.537124 57.6182 1.57138
2.3566 -1.30092 0.528724 55.2213 1.59484
2.35665 -1.30475 0.537344 57.8286 1.60486
2.3567 -1.29661 0.520175 54.2798 1.57955
2.35675 -1.30079 0.533205 56.7113 1.56631
2.3568 -1.30251 0.534279 56.7782 1.56126
2.35685 -1.30098 0.529705 55.9699 1.57342
2.3569 -1.30325 0.535761 54.6992 1.55765
2.35695 -1.29754 0.524599 54.535 1.54695
2.357 -1.29952 0.526315 54.8823 1.57724
2.35705 -1.30412 0.536526 57.4401 1.57002
2.3571 -1.30641 0.544529 58.2865 1.55044
2.35715 -1.30025 0.528545 54.6595 1.59837
2.3572 -1.30791 0.546971 59.1036 1.57725
2.35725 -1.30144 0.528984 56.1634 1.54613
2.3573 -1.29894 0.529203 54.5355 1.59982
2.35735 -1.30447 0.53857 58.0539 1.60408
2.3574 -1.30561 0.540809 58.3524 1.57005
2.35745 -1.29672 0.518369 53.647 1.60434
2.3575 -1.30159 0.531444 54.4955 1.56141
2.35755 -1.30079 0.52784 55.1496 1.56219
2.3576 -1.29752 0.52544 55.29 1.57477
2.35765 -1.30504 0.54089 57.8564 1.5701
2.3577 -1.30138 0.531145 52.1068 1.58556
2.35775 -1.30138 0.532731 56.139 1.57936
2.3578 -1.30233 0.537912 57.7066 1.57702
2.35785 -1.29563 0.518319 54.761 1.60525
2.3579 -1.29977 0.528322 56.2944 1.58209
2.35795 -1.29362 0.517037 54.5936 1.58763
2.358 -1.30127 0.53302 57.0654 1.56397
2.35805 -1.29857 0.523943 55.334 1.54134
2.3581 -1.29746 0.525307 55.1208 1.55598
2.35815 -1.29922 0.527992 55.5059 1.59305
2.3582 -1.30198 0.533336 57.1883 1.58798
2.35825 -1.29955 0.531436 55.6368 1.57516
2.3583 -1.29842 0.524829 55.8185 1.59174
2.35835 -1.29751 0.527166 55.3776 1.5595
2.3584 -1.29991 0.527749 56.1348 1.57052
2.35845 -1.30544 0.540063 57.956 1.60563
2.3585 -1.29335 0.517036 53.6178 1.54304
2.35855 -1.30085 0.531314 56.4787 1.57915
2.3586 -1.29842 0.527647 56.0624 1.56373
2.35865 -1.29908 0.53061 56.8869 1.58906
2.3587 -1.29558 0.519496 54.243 1.57988
2.35875 -1.30237 0.537145 57.5525 1.5567
2.3588 -1.30323 0.536917 57.6052 1.57275
2.35885 -1.29271 0.51364 53.321 1.58575
2.3589 -1.30126 0.532906 54.0335 1.56574
2.35895 -1.2937 0.514408 54.119 1.57758
2.359 -1.30037 0.532106 56.6147 1.59783
2.35905 -1.2935 0.518188 54.5505 1.57189
2.3591 -1.29658 0.522072 55.0509 1.60033
2.35915 -1.29651 0.522517 55.2288 1.56668
2.3592 -1.30251 0.536972 57.0235 1.55617
2.35925 -1.30024 0.533113 56.4206 1.57239
2.3593 -1.29463 0.520283 54.0718 1.58092
2.35935 -1.29407 0.52152 55.0156 1.56957
2.3594 -1.2921 0.516526 51.2735 1.58566
2.35945 -1.29626 0.525128 55.7508 1.58406
2.3595 -1.30337 0.540474 57.565 1.54963
2.35955 -1.29731 0.526737 55.2032 1.57128
2.3596 -1.29552 0.524702 54.6556 1.56016
2.35965 -1.30076 0.534162 56.655 1.57752
2.3597 -1.30691 0.546995 58.6432 1.57519
2.35975 -1.29705 0.526325 55.8883 1.56702
2.3598 -1.29633 0.527183 55.8168 1.53564
2.35985 -1.30194 0.53777 57.5487 1.55611
2.3599 -1.30067 0.535688 57.3371 1.57626
2.35995 -1.29842 0.528131 56.232 1.58723
2.36 -1.30008 0.533519 57.053 1.59212
2.36005 -1.2965 0.52359 55.1199 1.55536
2.3601 -1.29582 0.523722 55.414 1.57826
2.36015 -1.29425 0.518274 54.4227 1.59614
2.3602 -1.29442 0.51887 53.9538 1.58469
2.36025 -1.30205 0.538346 57.6233 1.56093
2.3603 -1.29919 0.534896 56.4693 1.54998
2.36035 -1.29626 0.525339 55.812 1.59499
2.3604 -1.2991 0.529864 56.5271 1.60042
2.36045 -1.30162 0.533344 57.0583 1.5721
2.3605 -1.29451 0.52553 55.4757 1.54909
2.36055 -1.2893 0.510405 53.2936 1.57493
2.3606 -1.29412 0.514796 54.3946 1.5956
2.36065 -1.30032 0.531618 56.7253 1.58447
2.3607 -1.29766 0.529065 55.0955 1.55798
2.36075 -1.29626 0.523907 55.7189 1.57972
2.3608 -1.29407 0.523778 53.6571 1.55787
2.36085 -1.29561 0.525825 55.5924 1.52172
2.3609 -1.29296 0.516969 54.3788 1.55814
2.36095 -1.29788 0.526688 55.9443 1.57177
2.361 -1.29709 0.530772 56.2701 1.5577
2.36105 -1.2959 0.529042 55.7734 1.54024
2.3611 -1.29199 0.517069 54.1549 1.59738
2.36115 -1.29151 0.514781 53.806 1.57463
2.3612 -1.29784 0.528588 56.3318 1.58685
2.36125 -1.28979 0.510387 52.271 1.55163
2.3613 -1.29593 0.527861 55.9637 1.55694
2.36135 -1.29411 0.523552 54.7622 1.57378
2.3614 -1.29553 0.523347 53.9343 1.52951
2.36145 -1.29915 0.530837 56.4921 1.51561
2.3615 -1.2921 0.519361 54.4975 1.57373
2.36155 -1.29282 0.520251 54.6702 1.57131
2.3616 -1.29455 0.52633 55.5516 1.52293
2.36165 -1.29319 0.517804 54.3811 1.56803
2.3617 -1.29428 0.521046 54.5898 1.57187
2.36175 -1.29377 0.520864 54.7866 1.56724
2.3618 -1.29388 0.522492 54.336 1.51483
2.36185 -1.29269 0.52162 54.926 1.55936
2.3619 -1.29474 0.525351 55.0378 1.53521
2.36195 -1.29422 0.521376 55.2379 1.57043
2.362 -1.29664 0.525605 55.5298 1.56987
2.36205 -1.29099 0.5203 52.4448 1.5682
2.3621 -1.29319 0.517696 54.4037 1.5833
2.36215 -1.2956 0.527637 55.2236 1.50138
2.3622 -1.29957 0.538 57.2631 1.57316
2.36225 -1.29953 0.533897 57.1819 1.58892
2.3623 -1.29854 0.53256 56.8398 1.57457
2.36235 -1.28998 0.517602 54.183 1.55852
2.3624 -1.28859 0.511624 53.4768 1.54199
2.36245 -1.29771 0.531795 56.5982 1.54862
2.3625 -1.29522 0.527729 55.7469 1.56578
2.36255 -1.29232 0.518153 54.2903 1.5632
2.3626 -1.28399 0.504008 48.2808 1.51713
2.36265 -1.29375 0.5244 54.3879 1.57035
2.3627 -1.29604 0.529921 55.9336 1.54876
2.36275 -1.29014 0.515494 53.7632 1.54794
2.3628 -1.28834 0.510424 53.2393 1.5559
2.36285 -1.29918 0.532324 56.8228 1.58659
2.3629 -1.28884 0.512103 53.509 1.57164
2.36295 -1.28999 0.514371 53.7775 1.54332
2.363 -1.28894 0.511875 53.6427 1.556
2.36305 -1.29506 0.529689 55.4759 1.50917
2.3631 -1.29403 0.523872 54.5326 1.5682
2.36315 -1.29397 0.522965 52.5032 1.55432
2.3632 -1.28964 0.515149 53.4063 1.6005
2.36325 -1.28609 0.507331 52.6808 1.56608
2.3633 -1.29651 0.527726 55.0958 1.59981
2.36335 -1.29058 0.515753 54.3316 1.56899
2.3634 -1.28717 0.509743 53.2786 1.59149
2.36345 -1.29238 0.518277 54.1197 1.57454
2.3635 -1.29374 0.523633 54.8827 1.54495
2.36355 -1.28663 0.510314 53.0887 1.52544
2.3636 -1.28777 0.510386 53.3427 1.57057
2.36365 -1.29177 0.517768 54.3079 1.53013
2.3637 -1.29323 0.522676 54.5179 1.53235
2.36375 -1.28911 0.513399 53.8176 1.56571
2.3638 -1.29587 0.530125 55.8213 1.54662
2.36385 -1.29292 0.523853 54.4341 1.55061
2.3639 -1.29613 0.528434 55.2404 1.56531
2.36395 -1.28608 0.501749 51.4929 1.56282
2.364 -1.29225 0.520352 54.7778 1.5724
2.36405 -1.29794 0.531147 56.319 1.59272
2.3641 -1.28773 0.51252 53.1574 1.55847
2.36415 -1.29356 0.527487 55.9494 1.59486
2.3642 -1.28962 0.515197 53.7501 1.56254
2.36425 -1.28861 0.513164 53.1166 1.55029
2.3643 -1.2867 0.511381 52.9566 1.54592
2.36435 -1.2919 0.518806 54.645 1.5517
2.3644 -1.28404 0.501271 51.8785 1.56243
2.36445 -1.2874 0.515518 53.107 1.50098
2.3645 -1.2872 0.511309 53.2743 1.59292
2.36455 -1.28657 0.50882 53.0029 1.58498
2.3646 -1.29145 0.518382 54.2861 1.55722
2.36465 -1.29512 0.52559 55.7996 1.58604
2.3647 -1.29231 0.520543 53.8896 1.57917
2.36475 -1.29223 0.525181 55.4885 1.57465
2.3648 -1.28464 0.505628 52.3816 1.54008
2.36485 -1.28667 0.51214 53.1961 1.55743
2.3649 -1.28579 0.510088 52.9329 1.53448
2.36495 -1.29083 0.519791 54.5219 1.56373
2.365 -1.28787 0.513357 53.5511 1.54888
2.36505 -1.29105 0.521214 54.2598 1.56866
2.3651 -1.29079 0.520359 52.7809 1.54517
2.36515 -1.28752 0.51076 53.1759 1.58755
2.3652 -1.29216 0.52226 55.172 1.58716
2.36525 -1.29385 0.527645 55.3498 1.5568
2.3653 -1.29054 0.515384 54.0253 1.58831
2.36535 -1.28527 0.508895 52.1411 1.54711
2.3654 -1.28353 0.504657 52.2851 1.56332
2.36545 -1.28632 0.511369 53.1653 1.54247
2.3655 -1.28426 0.506632 52.8486 1.5849
2.36555 -1.29083 0.521301 54.844 1.53831
2.3656 -1.28683 0.510292 52.8363 1.54381
2.36565 -1.29259 0.52425 55.3483 1.55031
2.3657 -1.28709 0.512548 53.4446 1.53824
2.36575 -1.29164 0.521834 54.7974 1.55272
2.3658 -1.28459 0.507503 52.5779 1.57592
2.36585 -1.28851 0.519323 54.4189 1.55509
2.3659 -1.28706 0.514937 53.6207 1.56007
2.36595 -1.28667 0.511017 52.1298 1.55316
2.366 -1.2904 0.517186 54.4336 1.59043
2.36605 -1.2897 0.51667 54.1576 1.55315
2.3661 -1.2873 0.513824 53.5847 1.55461
2.36615 -1.28545 0.511419 51.3856 1.57552
2.3662 -1.28574 0.512271 53.3948 1.56126
2.36625 -1.2924 0.525125 55.4503 1.54505
2.3663 -1.28261 0.508724 52.6732 1.55685
2.36635 -1.28078 0.505168 52.1479 1.56696
2.3664 -1.28918 0.516525 54.1136 1.54516
2.36645 -1.29022 0.518298 54.5648 1.58559
2.3665 -1.28287 0.508377 52.6267 1.56299
2.36655 -1.28415 0.50934 52.7982 1.54911
2.3666 -1.2836 0.508717 52.9062 1.56496
2.36665 -1.2862 0.507468 51.787 1.5709
2.3667 -1.28542 0.511949 52.7879 1.53389
2.36675 -1.28788 0.51541 53 1.55815
2.3668 -1.28353 0.505515 51.7626 1.55547
2.36685 -1.28259 0.505744 52.4607 1.55381
2.3669 -1.2816 0.502686 51.1492 1.58894
2.36695 -1.28887 0.515756 54.0508 1.5507
2.367 -1.28653 0.514361 53.2876 1.49371
2.36705 -1.28481 0.511567 52.1682 1.53698
2.3671 -1.2866 0.512131 53.2243 1.52089
2.36715 -1.2817 0.501514 52.0295 1.56977
2.3672 -1.2869 0.513693 52.4838 1.53215
2.36725 -1.28162 0.506221 51.649 1.54831
2.3673 -1.2863 0.516517 53.8898 1.54471
2.36735 -1.29227 0.525939 55.4118 1.54612
2.3674 -1.28866 0.518608 54.4876 1.548
2.36745 -1.28286 0.509307 52.6453 1.53691
2.3675 -1.28677 0.518403 53.8535 1.5394
2.36755 -1.29009 0.519672 53.971 1.52666
2.3676 -1.28307 0.504159 52.3827 1.55283
2.36765 -1.28902 0.520308 54.392 1.56162
2.3677 -1.28535 0.513756 53.5474 1.55154
2.36775 -1.2845 0.512734 52.1088 1.54696
2.3678 -1.28366 0.510468 53.0306 1.54687
2.36785 -1.28268 0.508068 51.9303 1.5273
2.3679 -1.28348 0.511659 52.6402 1.51405
2.36795 -1.27812 0.496448 50.8863 1.55474
2.368 -1.28632 0.516027 53.8581 1.54781
2.36805 -1.28532 0.512231 53.4028 1.58221
2.3681 -1.28282 0.509686 52.412 1.52105
2.36815 -1.28378 0.510328 51.4429 1.54582
2.3682 -1.28086 0.503071 50.6696 1.56778
2.36825 -1.28055 0.501703 52.0005 1.57785
2.3683 -1.29312 0.528124 55.4628 1.56077
2.36835 -1.28066 0.501171 51.577 1.54417
2.3684 -1.28612 0.516614 53.4371 1.52272
2.36845 -1.27955 0.502769 50.1754 1.54056
2.3685 -1.27299 0.485734 48.9739 1.51347
2.36855 -1.28155 0.505689 52.0901 1.53702
2.3686 -1.28312 0.506871 51.471 1.53027
2.36865 -1.27538 0.490849 49.9425 1.52652
2.3687 -1.28241 0.505906 51.8646 1.57151
2.36875 -1.27725 0.493341 50.065 1.52446
2.3688 -1.28608 0.516851 54.0859 1.57588
2.36885 -1.28014 0.501302 51.2992 1.534
2.3689 -1.28922 0.525703 54.8459 1.54122
2.36895 -1.28445 0.512909 50.4167 1.52715
2.369 -1.27992 0.504958 51.8387 1.5319
2.36905 -1.27917 0.500752 49.9829 1.56146
2.3691 -1.27954 0.503609 51.8911 1.52679
2.36915 -1.27887 0.501223 48.4464 1.5336
2.3692 -1.2907 0.526452 55.5982 1.55467
2.36925 -1.28072 0.502639 51.6969 1.54052
2.3693 -1.28415 0.512138 53.1966 1.5427
2.36935 -1.28463 0.51559 53.5356 1.54992
2.3694 -1.28153 0.506768 52.1442 1.53324
2.36945 -1.27776 0.498028 50.7821 1.51875
2.3695 -1.28121 0.50474 51.5224 1.56831
2.36955 -1.28012 0.496591 51.1683 1.55664
2.3696 -1.28139 0.504059 52.0536 1.5498
2.36965 -1.28691 0.518104 53.9536 1.52995
2.3697 -1.28307 0.512353 52.8071 1.52833
2.36975 -1.27831 0.502067 50.3007 1.51269
2.3698 -1.28078 0.506481 52.1434 1.53633
2.36985 -1.28605 0.518726 53.653 1.52285
2.3699 -1.28363 0.513164 52.8593 1.57032
2.36995 -1.28705 0.516252 53.8214 1.52966
2.37 -1.2834 0.516195 53.6285 1.51505
2.37005 -1.2774 0.496154 50.9835 1.5529
2.3701 -1.28016 0.504391 52.1228 1.53285
2.37015 -1.27962 0.50447 52.1732 1.56888
2.3702 -1.28079 0.507258 52.0759 1.54494
2.37025 -1.28229 0.512977 53.0231 1.5021
2.3703 -1.28061 0.505034 50.6501 1.57064
2.37035 -1.28341 0.514324 53.3963 1.54361
2.3704 -1.28049 0.507614 52.5001 1.53719
2.37045 -1.28274 0.513058 53.1077 1.51106
2.3705 -1.28412 0.512279 53.2152 1.53022
2.37055 -1.27532 0.496305 50.4345 1.53611
2.3706 -1.27943 0.507243 52.2137 1.50718
2.37065 -1.28048 0.507066 50.8626 1.55162
2.3707 -1.28613 0.521746 53.8449 1.51599
2.37075 -1.27857 0.500677 51.3668 1.52877
2.3708 -1.28153 0.510692 50.639 1.53499
2.37085 -1.27895 0.503044 50.3019 1.50028
2.3709 -1.2787 0.502386 51.4941 1.53386
2.37095 -1.27372 0.492997 50.1436 1.51056
2.371 -1.28337 0.510299 52.9504 1.55446
2.37105 -1.2858 0.518482 54.2069 1.56217
2.3711 -1.2765 0.49859 50.427 1.52317
2.37115 -1.28081 0.506567 51.6437 1.55387
2.3712 -1.27678 0.503053 51.314 1.51445
2.37125 -1.27666 0.49753 50.6194 1.52825
2.3713 -1.27734 0.498094 50.9204 1.49998
2.37135 -1.27957 0.50538 51.934 1.53668
2.3714 -1.28374 0.512961 53.2386 1.52974
2.37145 -1.28377 0.518656 53.3934 1.52313
2.3715 -1.27039 0.4876 49.121 1.4861
2.37155 -1.27354 0.487076 49.5126 1.5222
2.3716 -1.27828 0.504114 51.8723 1.54278
2.37165 -1.28425 0.516246 52.6651 1.51845
2.3717 -1.2874 0.525205 55.0074 1.52646
2.37175 -1.27845 0.500569 50.2904 1.54225
2.3718 -1.28296 0.511107 52.8175 1.52521
2.37185 -1.27951 0.504547 52.1497 1.55512
2.3719 -1.27903 0.506679 52.1469 1.51263
2.37195 -1.27776 0.500693 49.7234 1.52352
2.372 -1.27463 0.49487 49.8453 1.52608
2.37205 -1.2772 0.499457 51.1061 1.5047
2.3721 -1.27553 0.497293 50.5315 1.53238
2.37215 -1.28154 0.511371 52.757 1.53286
2.3722 -1.27968 0.505143 52.1872 1.56036
2.37225 -1.27541 0.495554 50.3044 1.54439
2.3723 -1.28279 0.513678 53.1465 1.5425
2.37235 -1.27649 0.500454 50.7021 1.49714
2.3724 -1.27181 0.490181 49.4283 1.49476
2.37245 -1.27486 0.496012 50.5255 1.51651
2.3725 -1.27421 0.501369 51.3219 1.52982
2.37255 -1.27656 0.499372 50.7661 1.52651
2.3726 -1.27613 0.500268 51.1207 1.50596
2.37265 -1.28201 0.509485 52.7945 1.55527
2.3727 -1.27831 0.507189 52.1561 1.52057
2.37275 -1.27886 0.509148 52.1833 1.51003
2.3728 -1.27818 0.502191 51.728 1.5429
2.37285 -1.27474 0.499077 50.0955 1.50545
2.3729 -1.27698 0.502682 51.7378 1.53873
2.37295 -1.27215 0.488326 48.5595 1.51365
2.373 -1.28147 0.513636 53.0607 1.5388
2.37305 -1.28152 0.509937 52.6579 1.5068
2.3731 -1.27139 0.491891 49.5719 1.52947
2.37315 -1.27595 0.50096 50.6971 1.50929
2.3732 -1.28147 0.511477 52.8067 1.56363
2.37325 -1.27249 0.492262 49.7449 1.48381
2.3733 -1.26819 0.486362 48.5949 1.52609
2.37335 -1.27583 0.502137 51.0815 1.49633
2.3734 -1.26854 0.485116 48.4897 1.48319
2.37345 -1.2726 0.493638 50.2511 1.53147
2.3735 -1.27375 0.496286 50.2825 1.49605
2.37355 -1.2761 0.496131 50.1341 1.51429
2.3736 -1.27328 0.494197 49.2222 1.50901
2.37365 -1.27479 0.498401 50.7436 1.50311
2.3737 -1.27402 0.495185 50.4067 1.52047
2.37375 -1.27311 0.492514 50.2324 1.54263
2.3738 -1.27848 0.507464 51.9361 1.54722
2.37385 -1.27093 0.490732 49.4453 1.53566
2.3739 -1.27733 0.505755 51.7884 1.50278
2.37395 -1.2721 0.494051 50.1531 1.53717
2.374 -1.27327 0.497557 50.3496 1.50837
2.37405 -1.27733 0.500433 50.1575 1.55805
2.3741 -1.27488 0.500607 51.15 1.51195
2.37415 -1.27445 0.502461 49.7671 1.50412
2.3742 -1.28072 0.512151 52.7486 1.49665
2.37425 -1.2768 0.507858 51.4128 1.51144
2.3743 -1.27073 0.49107 49.7915 1.53227
2.37435 -1.27403 0.496898 50.0234 1.49002
2.3744 -1.27014 0.49284 49.4871 1.50781
2.37445 -1.27971 0.50854 52.3293 1.53613
2.3745 -1.27256 0.495897 50.0309 1.50529
2.37455 -1.28136 0.513162 53.2052 1.50964
2.3746 -1.28122 0.511427 52.4293 1.51694
2.37465 -1.27255 0.493532 50.2194 1.5248
2.3747 -1.27034 0.48897 49.4134 1.51109
2.37475 -1.27277 0.493415 48.2447 1.49348
2.3748 -1.27012 0.490499 49.4526 1.52206
2.37485 -1.26997 0.491812 49.5231 1.49636
2.3749 -1.26729 0.482725 48.4558 1.49258
2.37495 -1.27036 0.489846 49.6472 1.51888
2.375 -1.26896 0.489473 48.6643 1.50008
2.37505 -1.27518 0.502154 51.2877 1.48837
2.3751 -1.26811 0.485994 47.8182 1.50174
2.37515 -1.27594 0.502775 50.7179 1.52242
2.3752 -1.2761 0.500579 49.6462 1.50848
2.37525 -1.27117 0.49005 49.7414 1.51265
2.3753 -1.26774 0.484149 48.4496 1.49877
2.37535 -1.27587 0.502392 51.4173 1.52658
2.3754 -1.27302 0.499034 50.9067 1.51032
2.37545 -1.26707 0.482392 48.4813 1.47899
2.3755 -1.27524 0.501721 50.0172 1.53237
2.37555 -1.26798 0.483158 48.3765 1.51022
2.3756 -1.27364 0.498334 50.8648 1.49224
2.37565 -1.2785 0.509411 51.3583 1.52002
2.3757 -1.27224 0.497492 48.4741 1.51768
2.37575 -1.27121 0.492471 49.8121 1.4995
2.3758 -1.27024 0.491466 49.6287 1.50145
2.37585 -1.27313 0.495336 50.0507 1.50383
2.3759 -1.274 0.497804 50.0755 1.50406
2.37595 -1.26963 0.487523 49.3167 1.50002
2.376 -1.2742 0.499125 50.9179 1.54414
2.37605 -1.27174 0.49415 50.1766 1.51595
2.3761 -1.27406 0.502488 51.0083 1.49094
2.37615 -1.27163 0.494746 49.8264 1.50527
2.3762 -1.2817 0.517365 52.3701 1.48312
2.37625 -1.26895 0.489594 49.4766 1.52892
2.3763 -1.27377 0.497388 50.3465 1.51816
2.37635 -1.2659 0.480353 47.802 1.53761
2.3764 -1.27186 0.490042 49.5542 1.53391
2.37645 -1.27654 0.506686 52.0739 1.53786
2.3765 -1.26684 0.486807 48.992 1.51152
2.37655 -1.27167 0.495474 50.1889 1.46604
2.3766 -1.26366 0.482556 47.9478 1.45347
2.37665 -1.26986 0.490236 49.7081 1.51992
2.3767 -1.27239 0.495508 50.3488 1.50976
2.37675 -1.27518 0.505452 51.51 1.49512
2.3768 -1.26972 0.491458 49.4829 1.5157
2.37685 -1.27706 0.508326 51.5453 1.52358
2.3769 -1.27584 0.502401 50.8926 1.50478
2.37695 -1.2767 0.510075 52.2033 1.46664
2.377 -1.26613 0.482269 48.2145 1.47936
2.37705 -1.27012 0.497045 49.9164 1.46664
2.3771 -1.27369 0.504535 50.4621 1.50715
2.37715 -1.27051 0.495922 50.1722 1.51621
2.3772 -1.26459 0.47959 47.5993 1.50603
2.37725 -1.27388 0.505639 50.6526 1.52016
2.3773 -1.27326 0.497739 50.7637 1.528
2.37735 -1.27103 0.493777 48.399 1.52413
2.3774 -1.27815 0.512873 49.9337 1.47838
2.37745 -1.27168 0.496246 48.989 1.50107
2.3775 -1.26423 0.479942 47.9674 1.49672
2.37755 -1.27262 0.49898 50.3867 1.50363
2.3776 -1.26463 0.482987 48.2894 1.50021
2.37765 -1.27129 0.499912 50.8126 1.48467
2.3777 -1.2683 0.486745 48.8115 1.52264
2.37775 -1.26568 0.486891 48.0588 1.48893
2.3778 -1.27298 0.498713 50.7356 1.51182
2.37785 -1.26735 0.489462 49.3258 1.53497
2.3779 -1.2688 0.494137 49.5736 1.50076
2.37795 -1.26629 0.488615 47.206 1.51611
2.378 -1.26778 0.490052 49.3071 1.50481
2.37805 -1.27342 0.503258 51.2892 1.50206
2.3781 -1.26751 0.490291 49.2657 1.49892
2.37815 -1.26981 0.49211 49.8876 1.51265
2.3782 -1.27267 0.498 50.6101 1.51346
2.37825 -1.2716 0.496849 50.4402 1.52044
2.3783 -1.27034 0.496063 50.1239 1.48244
2.37835 -1.27153 0.500582 50.5101 1.50094
2.3784 -1.26652 0.487451 47.4882 1.5039
2.37845 -1.26838 0.491894 49.7294 1.51388
2.3785 -1.26778 0.488518 49.2832 1.50942
2.37855 -1.26649 0.48477 48.7252 1.48411
2.3786 -1.26504 0.483947 47.6431 1.46466
2.37865 -1.26702 0.482954 47.743 1.48273
2.3787 -1.26484 0.485942 48.6963 1.51558
2.37875 -1.26973 0.49472 49.3059 1.48506
2.3788 -1.26614 0.485686 48.1834 1.4662
2.37885 -1.26485 0.491919 49.2271 1.48695
2.3789 -1.2639 0.479247 47.7474 1.49784
2.37895 -1.26798 0.492011 48.2388 1.4784
2.379 -1.26145 0.477431 47.2446 1.47789
2.37905 -1.26953 0.497543 50.2527 1.50461
2.3791 -1.26524 0.485374 48.6966 1.49268
2.37915 -1.25832 0.468401 46.3145 1.49704
2.3792 -1.26502 0.488437 48.2915 1.5024
2.37925 -1.27235 0.497463 49.3669 1.47888
2.3793 -1.26381 0.483249 47.9749 1.47366
2.37935 -1.2654 0.485551 47.8565 1.44424
2.3794 -1.26499 0.489135 48.3729 1.492
2.37945 -1.26715 0.489314 49.2339 1.47628
2.3795 -1.26219 0.478285 47.4899 1.48929
2.37955 -1.26883 0.493124 49.8113 1.47954
2.3796 -1.26329 0.481469 47.9207 1.49331
2.37965 -1.26494 0.481456 47.9097 1.50059
2.3797 -1.26169 0.478307 47.4644 1.49042
2.37975 -1.26996 0.494923 49.3277 1.49236
2.3798 -1.26584 0.489561 49.2199 1.52074
2.37985 -1.27029 0.497633 49.8599 1.49609
2.3799 -1.26127 0.478257 47.5748 1.46793
2.37995 -1.26446 0.488356 49.1971 1.51087
2.38 -1.26382 0.482243 47.8758 1.49916
2.38005 -1.26724 0.492593 47.9817 1.49344
2.3801 -1.26745 0.490653 49.6063 1.53433
2.38015 -1.27029 0.493992 50.0924 1.53092
2.3802 -1.26492 0.486878 48.5981 1.44798
2.38025 -1.26447 0.487835 48.9088 1.47098
2.3803 -1.26286 0.481413 47.639 1.49092
2.38035 -1.26781 0.491103 49.595 1.51034
2.3804 -1.26059 0.477964 46.9697 1.46207
2.38045 -1.26553 0.490758 49.225 1.49589
2.3805 -1.26851 0.494835 49.7695 1.50078
2.38055 -1.2605 0.477401 47.546 1.49511
2.3806 -1.26698 0.492138 49.4332 1.48629
2.38065 -1.26543 0.488925 49.1855 1.49569
2.3807 -1.26102 0.481594 47.4602 1.46548
2.38075 -1.2678 0.491469 49.056 1.4993
2.3808 -1.26652 0.49138 48.6475 1.46832
2.38085 -1.26557 0.495502 49.6823 1.47601
2.3809 -1.26369 0.482317 48.1246 1.4928
2.38095 -1.26744 0.492009 49.469 1.48282
2.381 -1.26507 0.489218 48.6387 1.5131
2.38105 -1.26633 0.490646 48.5515 1.49839
2.3811 -1.26116 0.477929 43.452 1.48391
2.38115 -1.26627 0.488742 49.1395 1.46844
2.3812 -1.26407 0.486014 48.6967 1.51483
2.38125 -1.26259 0.482038 47.5212 1.47702
2.3813 -1.25871 0.478613 47.4195 1.47952
2.38135 -1.26224 0.484139 48.1546 1.46656
2.3814 -1.25883 0.475146 46.397 1.48478
2.38145 -1.27291 0.503999 51.3727 1.5169
2.3815 -1.2604 0.477479 47.4351 1.47341
2.38155 -1.26167 0.481915 47.6268 1.4596
2.3816 -1.2652 0.493965 49.4186 1.45565
2.38165 -1.26628 0.492273 49.347 1.48638
2.3817 -1.27096 0.499677 50.5266 1.46711
2.38175 -1.26358 0.482966 48.0642 1.49062
2.3818 -1.26738 0.492171 49.7592 1.49746
2.38185 -1.26306 0.484034 47.9634 1.46815
2.3819 -1.25841 0.475143 46.3215 1.48733
2.38195 -1.26462 0.492876 49.4046 1.47988
2.382 -1.26684 0.49216 48.426 1.49676
2.38205 -1.26523 0.48782 49.0887 1.50004
2.3821 -1.26219 0.481598 48.0607 1.49859
2.38215 -1.2617 0.484603 48.413 1.50079
2.3822 -1.26042 0.483846 48.1028 1.46318
2.38225 -1.26167 0.480795 47.9717 1.50443
2.3823 -1.26479 0.489124 48.1339 1.52976
2.38235 -1.25994 0.477729 47.3825 1.4666
2.3824 -1.26208 0.483667 48.3238 1.4799
2.38245 -1.25798 0.474727 46.9573 1.5274
2.3825 -1.25933 0.479008 46.8473 1.43136
2.38255 -1.26464 0.488188 48.9926 1.48092
2.3826 -1.26066 0.478503 47.1294 1.46432
2.38265 -1.25674 0.474108 46.4796 1.45571
2.3827 -1.26053 0.480331 47.8412 1.51317
2.38275 -1.2626 0.481853 48.2069 1.49703
2.3828 -1.26101 0.477997 47.691 1.47591
2.38285 -1.25849 0.474006 46.674 1.45828
2.3829 -1.26365 0.488134 48.3968 1.46509
2.38295 -1.26012 0.481486 46.9917 1.47219
2.383 -1.26037 0.482802 47.9015 1.46813
2.38305 -1.25742 0.474163 46.6595 1.46695
2.3831 -1.25411 0.465873 45.1023 1.49116
2.38315 -1.26502 0.490127 49.3344 1.51193
2.3832 -1.26322 0.486732 48.7052 1.51519
2.38325 -1.25858 0.474005 46.792 1.47443
2.3833 -1.25788 0.474041 46.7672 1.48776
2.38335 -1.26719 0.494294 49.3654 1.48287
2.3834 -1.2583 0.476445 47.1077 1.50464
2.38345 -1.25809 0.480003 47.5202 1.48225
2.3835 -1.2597 0.479614 47.1111 1.46653
2.38355 -1.26276 0.48834 48.7549 1.4746
2.3836 -1.25845 0.477983 47.3731 1.48977
2.38365 -1.2607 0.479364 47.5041 1.48497
2.3837 -1.2619 0.48561 48.4038 1.49458
2.38375 -1.2567 0.476912 45.895 1.4805
2.3838 -1.26542 0.488603 49.13 1.48853
2.38385 -1.26382 0.486114 48.2044 1.49642
2.3839 -1.26049 0.483873 47.89 1.46511
2.38395 -1.25992 0.480092 47.6889 1.44366
2.384 -1.25356 0.46375 45.2538 1.4287
2.38405 -1.26616 0.491545 49.3217 1.48961
2.3841 -1.26196 0.488502 48.5954 1.476
2.38415 -1.26243 0.484509 48.4039 1.48219
2.3842 -1.26251 0.487273 48.7111 1.48
2.38425 -1.26275 0.487328 48.6114 1.46823
2.3843 -1.25773 0.479466 46.3435 1.46088
2.38435 -1.25959 0.480728 47.8124 1.47493
2.3844 -1.2544 0.470596 46.1424 1.47408
2.38445 -1.26564 0.490107 48.8062 1.48615
2.3845 -1.2626 0.486737 47.4856 1.50417
2.38455 -1.25927 0.485667 47.4097 1.50716
2.3846 -1.25403 0.468277 46.0943 1.4762
2.38465 -1.2532 0.472108 45.8074 1.46253
2.3847 -1.26123 0.485066 47.8851 1.46782
2.38475 -1.26066 0.487013 48.4945 1.48392
2.3848 -1.2624 0.489016 48.7065 1.49193
2.38485 -1.25738 0.478354 46.67 1.44856
2.3849 -1.25648 0.477492 46.2409 1.44214
2.38495 -1.26237 0.48611 48.7686 1.48211
2.385 -1.25616 0.474655 46.5551 1.45564
2.38505 -1.2628 0.486556 48.5057 1.51369
2.3851 -1.25516 0.473096 46.2468 1.44089
2.38515 -1.26109 0.484872 48.2963 1.51959
2.3852 -1.25825 0.477873 47.326 1.4661
2.38525 -1.26455 0.492893 49.4584 1.46078
2.3853 -1.26245 0.48442 48.1092 1.49656
2.38535 -1.25943 0.485283 48.3082 1.49029
2.3854 -1.26007 0.482772 48.11 1.48593
2.38545 -1.25516 0.475907 46.7169 1.43315
2.3855 -1.25628 0.476743 46.5834 1.46752
2.38555 -1.24957 0.459102 44.5667 1.44126
2.3856 -1.26518 0.495091 49.4809 1.4997
2.38565 -1.25849 0.480044 46.5772 1.46307
2.3857 -1.25106 0.464204 44.2716 1.43164
2.38575 -1.25512 0.472545 45.9479 1.46615
2.3858 -1.2601 0.485206 47.1209 1.47703
2.38585 -1.25972 0.486429 48.4018 1.47265
2.3859 -1.25808 0.478319 46.8465 1.46998
2.38595 -1.25591 0.475396 46.7786 1.47873
2.386 -1.26301 0.488699 48.0923 1.49499
2.38605 -1.25409 0.473117 46.0423 1.45659
2.3861 -1.25285 0.467018 45.6495 1.45897
2.38615 -1.25371 0.471782 46.1235 1.47045
2.3862 -1.25282 0.466857 45.6498 1.46895
2.38625 -1.25424 0.473325 46.1587 1.44899
2.3863 -1.25641 0.478846 47.2886 1.46293
2.38635 -1.26103 0.486791 47.3549 1.47994
2.3864 -1.25782 0.479882 47.5252 1.4747
2.38645 -1.25658 0.473657 46.817 1.50381
2.3865 -1.25559 0.472857 46.3824 1.45522
2.38655 -1.25434 0.470392 46.0129 1.43958
2.3866 -1.25557 0.475479 46.7908 1.47255
2.38665 -1.25481 0.475508 46.5901 1.45648
2.3867 -1.25333 0.47379 45.906 1.45149
2.38675 -1.25185 0.467075 45.2796 1.43039
2.3868 -1.25937 0.483383 48.1585 1.48065
2.38685 -1.26178 0.491469 48.9093 1.48313
2.3869 -1.25783 0.480052 47.4866 1.47196
2.38695 -1.25127 0.467662 45.6308 1.44597
2.387 -1.25978 0.482954 47.9355 1.48382
2.38705 -1.25462 0.471861 46.5475 1.48452
2.3871 -1.26122 0.487707 48.584 1.48448
2.38715 -1.25895 0.483596 47.8413 1.44881
2.3872 -1.25651 0.477628 47.121 1.47175
2.38725 -1.26027 0.486743 48.112 1.41924
2.3873 -1.2526 0.470405 45.9892 1.46998
2.38735 -1.25611 0.479602 47.3196 1.47933
2.3874 -1.25968 0.487372 48.6394 1.47666
2.38745 -1.25934 0.484248 47.6881 1.43658
2.3875 -1.25654 0.474869 46.4818 1.46428
2.38755 -1.25302 0.47227 46.4823 1.46212
2.3876 -1.25229 0.470639 46.0954 1.46685
2.38765 -1.25993 0.489598 48.5397 1.47233
2.3877 -1.25923 0.480697 47.6391 1.46645
2.38775 -1.25257 0.47016 45.6636 1.41991
2.3878 -1.26041 0.486487 48.5141 1.46644
2.38785 -1.26135 0.488469 48.2305 1.49
2.3879 -1.25925 0.485217 48.0304 1.45022
2.38795 -1.25628 0.481053 47.2072 1.47959
2.388 -1.25215 0.469927 45.8577 1.42021
2.38805 -1.25251 0.470663 46.2269 1.46759
2.3881 -1.24697 0.451024 43.5038 1.44818
2.38815 -1.25578 0.479692 47.3732 1.45609
2.3882 -1.25699 0.479114 47.0854 1.46228
2.38825 -1.25051 0.469055 45.6007 1.41709
2.3883 -1.25667 0.481037 47.5013 1.46227
2.38835 -1.25808 0.483335 47.8882 1.48102
2.3884 -1.25562 0.478127 47.1972 1.48645
2.38845 -1.25854 0.48723 48.2869 1.43663
2.3885 -1.25725 0.481843 47.4948 1.48175
2.38855 -1.25625 0.483322 47.8457 1.45717
2.3886 -1.25543 0.478458 47.1755 1.45992
2.38865 -1.24896 0.466431 45.1859 1.45034
2.3887 -1.25577 0.476889 46.9047 1.47838
2.38875 -1.25592 0.480178 45.9982 1.45788
2.3888 -1.25216 0.474934 45.5718 1.44075
2.38885 -1.25165 0.473361 45.9183 1.41054
2.3889 -1.25835 0.486352 48.4546 1.48681
2.38895 -1.25505 0.474639 46.45 1.45171
2.389 -1.25061 0.468508 45.5822 1.4481
2.38905 -1.25693 0.484015 47.1099 1.46469
2.3891 -1.2529 0.470879 46.1449 1.43311
2.38915 -1.25431 0.475079 46.5816 1.45535
2.3892 -1.257 0.482469 47.1919 1.4663
2.38925 -1.25553 0.475893 47.1284 1.4941
2.3893 -1.25098 0.471069 45.8504 1.47734
2.38935 -1.24921 0.465246 45.1162 1.40908
2.3894 -1.25116 0.467922 45.1241 1.46171
2.38945 -1.24959 0.469044 45.6228 1.43833
2.3895 -1.24476 0.456655 42.4592 1.44238
2.38955 -1.25601 0.48025 47.3192 1.46713
2.3896 -1.2477 0.463601 44.8734 1.47062
2.38965 -1.25253 0.472119 45.9985 1.43867
2.3897 -1.25164 0.472566 45.1375 1.46467
2.38975 -1.25037 0.470351 45.7272 1.48794
2.3898 -1.25549 0.476604 46.9171 1.48391
2.38985 -1.25049 0.468466 45.7957 1.43785
2.3899 -1.2482 0.465393 45.3086 1.47138
2.38995 -1.24824 0.462575 44.3219 1.49594
2.39 -1.24848 0.464929 45.2999 1.46764
2.39005 -1.25125 0.472555 44.5288 1.4585
2.3901 -1.25462 0.479816 47.0673 1.43832
2.39015 -1.25251 0.477751 46.5271 1.43861
2.3902 -1.25067 0.472321 45.9574 1.42846
2.39025 -1.25652 0.482675 47.4954 1.45817
2.3903 -1.2514 0.473432 46.2463 1.41278
2.39035 -1.25008 0.473443 45.6609 1.4548
2.3904 -1.24927 0.466777 45.4217 1.46906
2.39045 -1.25656 0.483418 47.6683 1.43376
2.3905 -1.24812 0.459931 44.6003 1.43191
2.39055 -1.2499 0.471941 46.0263 1.42857
2.3906 -1.25182 0.471503 46.3608 1.47064
2.39065 -1.25218 0.473084 45.9594 1.438
2.3907 -1.25691 0.483965 47.8029 1.46789
2.39075 -1.25005 0.467168 45.5815 1.47152
2.3908 -1.24764 0.465466 45.1024 1.42707
2.39085 -1.2511 0.469941 45.9939 1.45915
2.3909 -1.24241 0.45656 43.548 1.38979
2.39095 -1.25004 0.469162 45.7289 1.44656
2.391 -1.25535 0.478441 46.5287 1.44413
2.39105 -1.24679 0.462059 44.5013 1.42997
2.3911 -1.24842 0.469721 45.3508 1.42306
2.39115 -1.24912 0.467826 44.4802 1.43836
2.3912 -1.24978 0.471297 45.8746 1.4396
2.39125 -1.24813 0.466784 45.2415 1.43976
2.3913 -1.25164 0.472024 46.0553 1.42301
2.39135 -1.25361 0.476678 46.8536 1.4786
2.3914 -1.24155 0.450724 43.0581 1.42066
2.39145 -1.24873 0.465955 45.1392 1.44266
2.3915 -1.25024 0.472694 46.0471 1.46528
2.39155 -1.25011 0.472191 45.536 1.44386
2.3916 -1.24955 0.471263 45.907 1.43351
2.39165 -1.25231 0.474869 46.586 1.46909
2.3917 -1.24516 0.459505 43.8402 1.42303
2.39175 -1.2512 0.473981 46.2434 1.48044
2.3918 -1.24499 0.456608 43.5916 1.4084
2.39185 -1.25237 0.470406 45.6241 1.46834
2.3919 -1.25637 0.482189 47.7371 1.45653
2.39195 -1.24959 0.471543 45.846 1.45905
2.392 -1.24489 0.462027 43.724 1.46462
2.39205 -1.24643 0.462301 44.7973 1.44665
2.3921 -1.25098 0.471233 46.2746 1.47357
2.39215 -1.24655 0.465692 45.0964 1.43909
2.3922 -1.25189 0.475514 46.288 1.48544
2.39225 -1.24746 0.466477 45.2299 1.43378
2.3923 -1.24202 0.454116 43.423 1.42718
2.39235 -1.24915 0.473598 46.1119 1.44996
2.3924 -1.24996 0.472068 45.8223 1.45344
2.39245 -1.24416 0.459096 43.5482 1.43737
2.3925 -1.24957 0.468622 45.6537 1.41348
2.39255 -1.2463 0.468154 45.1959 1.42612
2.3926 -1.24572 0.461539 44.65 1.45496
2.39265 -1.24725 0.467964 45.0143 1.45591
2.3927 -1.24577 0.464941 45.1051 1.44569
2.39275 -1.25025 0.471304 43.7541 1.44121
2.3928 -1.2537 0.480597 47.3811 1.44412
2.39285 -1.24764 0.467211 44.898 1.4283
2.3929 -1.24378 0.456559 43.8665 1.4484
2.39295 -1.24913 0.470249 45.8239 1.45324
2.393 -1.24798 0.469392 45.513 1.44583
2.39305 -1.2477 0.469271 45.7519 1.45841
2.3931 -1.24728 0.462217 43.6165 1.43165
2.39315 -1.24601 0.463689 44.9083 1.44307
2.3932 -1.24971 0.469228 45.8596 1.47692
2.39325 -1.24912 0.471211 45.8696 1.47963
2.3933 -1.24716 0.465999 45.3853 1.43495
2.39335 -1.24414 0.4584 42.9911 1.45309
2.3934 -1.24696 0.467582 44.8054 1.42508
2.39345 -1.24465 0.462106 44.5095 1.44972
2.3935 -1.24757 0.467727 45.3602 1.45261
2.39355 -1.24415 0.462345 43.9211 1.44116
2.3936 -1.25031 0.472139 45.6493 1.42061
2.39365 -1.25151 0.473739 46.182 1.46219
2.3937 -1.24568 0.461452 44.6606 1.45308
2.39375 -1.24415 0.462487 44.4533 1.4138
2.3938 -1.24676 0.464005 44.5824 1.4527
2.39385 -1.24338 0.455169 43.6502 1.4397
2.3939 -1.24517 0.462869 44.3507 1.40654
2.39395 -1.24646 0.467551 44.795 1.43482
2.394 -1.24757 0.465551 45.2575 1.46783
2.39405 -1.24654 0.468962 43.7643 1.41224
2.3941 -1.24896 0.469157 45.242 1.43239
2.39415 -1.25198 0.481095 47.0282 1.44712
2.3942 -1.24399 0.463741 44.7848 1.45571
2.39425 -1.24558 0.462899 44.1598 1.44623
2.3943 -1.24545 0.465364 44.964 1.43825
2.39435 -1.24374 0.463737 44.6548 1.42867
2.3944 -1.24251 0.459053 43.7863 1.44297
2.39445 -1.24272 0.461946 44.3293 1.4306
2.3945 -1.24401 0.461938 44.4313 1.43284
2.39455 -1.24824 0.47158 45.8585 1.43506
2.3946 -1.2475 0.467253 44.0941 1.44881
2.39465 -1.24561 0.465484 45.0911 1.44836
2.3947 -1.24245 0.458852 43.8991 1.42922
2.39475 -1.2435 0.461159 44.3718 1.44194
2.3948 -1.2465 0.463023 44.1762 1.43853
2.39485 -1.24476 0.46099 43.6479 1.43178
2.3949 -1.24427 0.464205 44.5727 1.41339
2.39495 -1.25301 0.486191 47.8084 1.44656
2.395 -1.24015 0.450486 42.8527 1.40992
2.39505 -1.24439 0.466873 45.276 1.45051
2.3951 -1.24441 0.462351 44.0508 1.44816
2.39515 -1.24342 0.462565 44.6368 1.40966
2.3952 -1.24328 0.462851 44.6119 1.45037
2.39525 -1.24683 0.470631 45.4661 1.42075
2.3953 -1.24338 0.46442 44.3039 1.4384
2.39535 -1.24708 0.469712 45.7011 1.45089
2.3954 -1.24129 0.45866 43.2147 1.43565
2.39545 -1.24244 0.455132 43.6627 1.47448
2.3955 -1.24217 0.454866 43.5941 1.41533
2.39555 -1.23967 0.455909 43.3426 1.41294
2.3956 -1.24658 0.465161 44.5632 1.47893
2.39565 -1.24446 0.461064 44.6165 1.44823
2.3957 -1.24507 0.464187 44.4907 1.42825
2.39575 -1.24656 0.472609 45.7871 1.41086
2.3958 -1.24267 0.457821 44.009 1.45254
2.39585 -1.23897 0.454319 43.3864 1.41249
2.3959 -1.23681 0.451129 42.7931 1.42143
2.39595 -1.23778 0.451035 42.7461 1.41594
2.396 -1.24891 0.47316 46.2487 1.44612
2.39605 -1.23941 0.451887 42.961 1.4098
2.3961 -1.24566 0.465515 44.7541 1.44811
2.39615 -1.23837 0.449879 42.7491 1.41101
2.3962 -1.24415 0.466209 44.6861 1.4258
2.39625 -1.24183 0.455847 43.6111 1.42246
2.3963 -1.24238 0.461236 44.5254 1.42757
2.39635 -1.2387 0.451522 42.7462 1.43114
2.3964 -1.24067 0.458021 43.6783 1.4087
2.39645 -1.24013 0.45826 44.0198 1.45156
2.3965 -1.23236 0.441167 41.3079 1.3725
2.39655 -1.24177 0.457898 44.0986 1.44852
2.3966 -1.24458 0.469076 45.2467 1.42921
2.39665 -1.24163 0.457943 43.9588 1.42014
2.3967 -1.24038 0.459241 43.7801 1.39299
2.39675 -1.24185 0.457195 43.8904 1.41872
2.3968 -1.23997 0.455474 43.5297 1.43254
2.39685 -1.24177 0.461475 44.2799 1.41784
2.3969 -1.2423 0.461633 44.3795 1.41374
2.39695 -1.24072 0.458127 42.8877 1.42464
2.397 -1.24203 0.461422 43.7465 1.43447
2.39705 -1.24168 0.459901 43.77 1.41994
2.3971 -1.23735 0.449133 42.6449 1.40931
2.39715 -1.24498 0.469744 45.2572 1.40582
2.3972 -1.24299 0.464443 43.5675 1.42384
2.39725 -1.23681 0.451437 42.8559 1.39382
2.3973 -1.24006 0.454576 43.0353 1.45741
2.39735 -1.23907 0.455229 43.5225 1.43131
2.3974 -1.2418 0.460119 44.1231 1.41275
2.39745 -1.23927 0.455927 43.2418 1.38735
2.3975 -1.24027 0.458057 43.7852 1.38699
2.39755 -1.24182 0.461723 44.1164 1.43726
2.3976 -1.23856 0.452021 43.047 1.40158
2.39765 -1.23966 0.453821 43.1773 1.40264
2.3977 -1.24051 0.458321 43.681 1.3785
2.39775 -1.23824 0.453037 43.0935 1.40786
2.3978 -1.23842 0.456426 43.3079 1.39393
2.39785 -1.24434 0.466676 44.7643 1.41088
2.3979 -1.23892 0.454983 43.166 1.37778
2.39795 -1.24572 0.470531 45.5682 1.45483
2.398 -1.2407 0.458407 43.9129 1.43019
2.39805 -1.24204 0.464496 44.505 1.42214
2.3981 -1.23538 0.444962 41.6243 1.36692
2.39815 -1.24091 0.45911 44.1597 1.45189
2.3982 -1.24093 0.458277 43.9372 1.43902
2.39825 -1.2424 0.46018 44.3299 1.42446
2.3983 -1.23618 0.450074 42.6007 1.42254
2.39835 -1.24467 0.46892 45.1601 1.40738
2.3984 -1.23631 0.451834 42.804 1.40845
2.39845 -1.24146 0.459806 44.1683 1.42511
2.3985 -1.23697 0.451092 42.8961 1.39951
2.39855 -1.23758 0.454082 43.1281 1.42765
2.3986 -1.24329 0.464415 44.6385 1.41437
2.39865 -1.22921 0.433136 40.3127 1.38438
2.3987 -1.22999 0.441429 40.466 1.37425
2.39875 -1.23998 0.458634 44.0166 1.46084
2.3988 -1.23417 0.445318 42.0293 1.4159
2.39885 -1.2345 0.442467 41.4656 1.41766
2.3989 -1.24169 0.462604 43.4832 1.43144
2.39895 -1.24382 0.467514 44.538 1.39396
2.399 -1.24204 0.468093 44.1082 1.39642
2.39905 -1.23615 0.453493 42.8056 1.40545
2.3991 -1.23961 0.458154 42.9735 1.40464
2.39915 -1.2302 0.441568 41.0691 1.35666
2.3992 -1.23375 0.447549 42.2433 1.39641
2.39925 -1.23303 0.44536 41.4648 1.38453
2.3993 -1.24188 0.464298 44.3591 1.42825
2.39935 -1.24135 0.467164 44.3277 1.40342
2.3994 -1.23774 0.453268 42.9646 1.41547
2.39945 -1.24106 0.459451 44.0292 1.43705
2.3995 -1.23932 0.457907 43.6727 1.39046
2.39955 -1.23595 0.450285 42.4385 1.37634
2.3996 -1.2382 0.455988 43.3558 1.40334
2.39965 -1.23928 0.455167 43.334 1.40628
2.3997 -1.24043 0.454713 43.1878 1.40231
2.39975 -1.23437 0.448063 42.4193 1.42853
2.3998 -1.23866 0.456284 43.7161 1.4545
2.39985 -1.23944 0.458403 43.2979 1.39947
2.3999 -1.23392 0.444325 41.6342 1.39819
2.39995 -1.23641 0.452656 42.9224 1.37013
