2.25 -1.47531 0.722968 88.3409 1.55401
2.25005 -1.47821 0.729931 97.494 1.49716
2.2501 -1.47362 0.720502 94.1217 1.55563
2.25015 -1.47229 0.718401 94.8219 1.59182
2.2502 -1.47386 0.720366 94.3291 1.58957
2.25025 -1.47403 0.724744 98.0254 1.54085
2.2503 -1.47047 0.716759 87.2435 1.5644
2.25035 -1.47219 0.720953 96.0614 1.54534
2.2504 -1.47858 0.730229 88.8632 1.54519
2.25045 -1.47426 0.723486 92.5783 1.5365
2.2505 -1.46711 0.707991 92.0226 1.63668
2.25055 -1.47429 0.724441 97.8398 1.55439
2.2506 -1.47171 0.71782 96.1674 1.5857
2.25065 -1.47417 0.720666 95.8512 1.57747
2.2507 -1.47425 0.723057 77.7031 1.56251
2.25075 -1.4715 0.718542 97.2063 1.58176
2.2508 -1.47618 0.724734 95.989 1.53389
2.25085 -1.46931 0.711035 91.6819 1.62423
2.2509 -1.47389 0.721673 96.6412 1.57341
2.25095 -1.47682 0.725878 98.1761 1.53582
2.251 -1.47169 0.719016 90.086 1.58899
2.25105 -1.4737 0.723856 96.2667 1.55243
2.2511 -1.47428 0.726509 97.8229 1.51413
2.25115 -1.46967 0.716226 73.8904 1.58758
2.2512 -1.47311 0.723962 97.8444 1.57137
2.25125 -1.46649 0.712881 91.8196 1.5929
2.2513 -1.46767 0.71264 94.7427 1.61287
2.25135 -1.46541 0.710144 93.715 1.60552
2.2514 -1.4739 0.722621 92.6545 1.55213
2.25145 -1.47254 0.71702 96.0595 1.58034
2.2515 -1.47206 0.720715 84.9482 1.56379
2.25155 -1.47348 0.722587 96.8202 1.52252
2.2516 -1.4754 0.725861 91.1665 1.54153
2.25165 -1.47689 0.732345 75.5448 1.50453
2.2517 -1.46893 0.717408 92.5251 1.55169
2.25175 -1.47094 0.717302 96.5414 1.59457
2.2518 -1.46815 0.713247 94.1677 1.60483
2.25185 -1.47017 0.719171 81.6255 1.53948
2.2519 -1.475 0.724192 91.5723 1.55204
2.25195 -1.46938 0.717359 95.9543 1.56576
2.252 -1.47318 0.719594 93.4401 1.59417
2.25205 -1.46491 0.7069 95.0055 1.67624
2.2521 -1.47152 0.719438 97.2974 1.58382
2.25215 -1.472 0.720494 94.0154 1.59953
2.2522 -1.47251 0.724581 98.0019 1.51069
2.25225 -1.47444 0.722697 77.306 1.58743
2.2523 -1.47222 0.72147 96.9134 1.54507
2.25235 -1.4743 0.725884 85.7129 1.52081
2.2524 -1.4704 0.718699 94.0634 1.56051
2.25245 -1.46931 0.715882 96.5483 1.59584
2.2525 -1.46955 0.717595 96.4779 1.55126
2.25255 -1.47577 0.725926 93.8286 1.52693
2.2526 -1.4671 0.714875 73.7733 1.59171
2.25265 -1.47387 0.724164 86.1814 1.54851
2.2527 -1.47265 0.720881 95.1383 1.58098
2.25275 -1.47037 0.71918 92.5116 1.56505
2.2528 -1.46445 0.710632 95.3001 1.60594
2.25285 -1.47132 0.722339 97.4216 1.53619
2.2529 -1.46323 0.704838 91.3698 1.64968
2.25295 -1.46347 0.70521 94.289 1.61769
2.253 -1.46821 0.716412 88.8129 1.57407
2.25305 -1.46826 0.716479 96.5294 1.56457
2.2531 -1.46704 0.712937 95.8648 1.56364
2.25315 -1.47008 0.716426 90.5995 1.61435
2.2532 -1.46942 0.716716 96.3666 1.57257
2.25325 -1.47151 0.719532 95.4386 1.55243
2.2533 -1.46789 0.716546 95.1705 1.56472
2.25335 -1.47147 0.722193 96.3006 1.53766
2.2534 -1.47468 0.726848 88.8926 1.51152
2.25345 -1.46822 0.715644 95.9046 1.58805
2.2535 -1.47014 0.718961 97.0749 1.56618
2.25355 -1.46889 0.717699 95.5326 1.58084
2.2536 -1.46913 0.715883 96.3763 1.58797
2.25365 -1.4714 0.721259 90.3784 1.57841
2.2537 -1.47228 0.725167 98.2018 1.53973
2.25375 -1.47041 0.721037 97.2533 1.56351
2.2538 -1.47453 0.725247 98.1698 1.54287
2.25385 -1.46863 0.716602 94.4836 1.60038
2.2539 -1.46657 0.715329 96.1809 1.57423
2.25395 -1.46376 0.706919 94.5181 1.62169
2.254 -1.47099 0.722189 88.3645 1.51428
2.25405 -1.47467 0.728347 83.4779 1.51535
2.2541 -1.47063 0.72364 97.763 1.52789
2.25415 -1.47087 0.725541 97.5825 1.49129
2.2542 -1.47129 0.722407 97.1385 1.56517
2.25425 -1.47025 0.722331 96.5502 1.53279
2.2543 -1.47016 0.719902 94.9678 1.54823
2.25435 -1.47 0.717536 95.9004 1.58583
2.2544 -1.46551 0.709088 94.9562 1.64936
2.25445 -1.46534 0.709916 93.3868 1.60072
2.2545 -1.46952 0.716394 94.852 1.58976
2.25455 -1.46871 0.718904 96.6752 1.53793
2.2546 -1.4671 0.719342 96.6479 1.55897
2.25465 -1.47154 0.723249 80.4817 1.5282
2.2547 -1.47021 0.721118 94.1835 1.55483
2.25475 -1.46631 0.713 90.5012 1.6038
2.2548 -1.4696 0.721059 80.4616 1.52694
2.25485 -1.47006 0.721293 97.4255 1.55762
2.2549 -1.47199 0.724474 73.24 1.5407
2.25495 -1.46684 0.716987 89.3487 1.54363
2.255 -1.47181 0.72481 97.814 1.51027
2.25505 -1.46819 0.716352 95.1064 1.57018
2.2551 -1.46685 0.717881 86.3082 1.54412
2.25515 -1.4695 0.719483 94.0693 1.56825
2.2552 -1.46735 0.713672 78.1524 1.60066
2.25525 -1.47211 0.723288 97.7119 1.5395
2.2553 -1.46523 0.71452 95.3891 1.55152
2.25535 -1.47107 0.723277 95.4196 1.55183
2.2554 -1.46845 0.719859 96.9676 1.60207
2.25545 -1.46171 0.707913 91.8678 1.62786
2.2555 -1.46904 0.716924 93.4575 1.54993
2.25555 -1.47052 0.722648 97.5906 1.54501
2.2556 -1.46558 0.711651 90.8421 1.60533
2.25565 -1.46317 0.709413 93.7704 1.60944
2.2557 -1.46692 0.718059 96.5398 1.56848
2.25575 -1.4663 0.713631 93.6776 1.56839
2.2558 -1.46095 0.705064 94.1721 1.62797
2.25585 -1.47135 0.721972 96.7365 1.55971
2.2559 -1.46116 0.707967 94.4206 1.57202
2.25595 -1.47131 0.726371 61.8537 1.50336
2.256 -1.46687 0.71704 79.3538 1.55353
2.25605 -1.46638 0.712857 78.0658 1.59084
2.2561 -1.46803 0.717295 84.0531 1.57583
2.25615 -1.4639 0.711433 95.2887 1.57845
2.2562 -1.46562 0.714966 90.3578 1.54675
2.25625 -1.46288 0.7099 88.5529 1.64424
2.2563 -1.46486 0.714207 90.2539 1.55547
2.25635 -1.46827 0.718484 95.2422 1.53847
2.2564 -1.46729 0.715519 92.4357 1.60265
2.25645 -1.46734 0.718748 95.5022 1.53299
2.2565 -1.46109 0.708263 71.6329 1.56784
2.25655 -1.46884 0.72024 86.2265 1.52201
2.2566 -1.47158 0.724456 97.1399 1.54841
2.25665 -1.46559 0.715418 90.4646 1.5647
2.2567 -1.46652 0.716699 93.2273 1.57569
2.25675 -1.46081 0.701723 91.6378 1.66551
2.2568 -1.46664 0.7135 92.1781 1.56972
2.25685 -1.46134 0.706296 52.8829 1.63168
2.2569 -1.46909 0.719113 96.881 1.55724
2.25695 -1.46764 0.719377 95.5229 1.54145
2.257 -1.46528 0.711547 95.5333 1.58521
2.25705 -1.46219 0.707629 94.8797 1.64424
2.2571 -1.46607 0.717693 96.1341 1.52321
2.25715 -1.46579 0.715718 88.1252 1.53854
2.2572 -1.46467 0.710739 94.327 1.63147
2.25725 -1.46003 0.705943 94.0114 1.62062
2.2573 -1.47059 0.723396 92.7757 1.51193
2.25735 -1.46982 0.723569 97.5267 1.4766
2.2574 -1.46496 0.712959 95.4651 1.58034
2.25745 -1.46154 0.710015 92.2357 1.56447
2.2575 -1.45874 0.700512 86.0776 1.63202
2.25755 -1.46144 0.706026 90.3719 1.57595
2.2576 -1.46924 0.720282 92.508 1.55204
2.25765 -1.46845 0.722261 79.8314 1.52358
2.2577 -1.46213 0.714873 95.3595 1.53704
2.25775 -1.46269 0.710811 92.4024 1.54213
2.2578 -1.46669 0.71862 82.5519 1.57899
2.25785 -1.46243 0.706749 86.0393 1.60833
2.2579 -1.46126 0.707945 48.8436 1.60252
2.25795 -1.46478 0.714871 93.9217 1.55832
2.258 -1.45949 0.707692 73.1728 1.61117
2.25805 -1.46424 0.714806 91.3231 1.54985
2.2581 -1.46283 0.714077 78.2948 1.57656
2.25815 -1.46371 0.712659 95.2225 1.57641
2.2582 -1.45873 0.705993 89.1839 1.59234
2.25825 -1.46105 0.706845 89.1624 1.59912
2.2583 -1.46392 0.712854 73.3698 1.54271
2.25835 -1.4569 0.701656 88.4309 1.63187
2.2584 -1.4672 0.719713 96.7244 1.5254
2.25845 -1.46355 0.713568 94.5509 1.53136
2.2585 -1.45898 0.705761 92.8543 1.59333
2.25855 -1.46289 0.711331 94.2641 1.59451
2.2586 -1.45724 0.701169 88.2733 1.62364
2.25865 -1.45947 0.705205 93.345 1.60119
2.2587 -1.4614 0.710101 85.4174 1.57324
2.25875 -1.45868 0.705607 93.1467 1.62207
2.2588 -1.46439 0.717136 93.4459 1.57146
2.25885 -1.45715 0.701308 93.0816 1.61694
2.2589 -1.46405 0.716017 95.8403 1.53658
2.25895 -1.46203 0.711766 94.3596 1.57507
2.259 -1.45918 0.709424 72.3711 1.5783
2.25905 -1.45639 0.700145 92.5166 1.63984
2.2591 -1.45994 0.710798 89.1454 1.55716
2.25915 -1.46452 0.716829 92.7135 1.57129
2.2592 -1.46563 0.716184 96.1459 1.59136
2.25925 -1.46367 0.717701 79.6404 1.52477
2.2593 -1.45948 0.705348 91.6568 1.60791
2.25935 -1.46433 0.717377 96.0829 1.53361
2.2594 -1.4633 0.713652 95.5655 1.56904
2.25945 -1.4594 0.705035 93.5435 1.56052
2.2595 -1.4627 0.714502 94.2198 1.57169
2.25955 -1.46563 0.72005 80.567 1.5271
2.2596 -1.45831 0.707028 89.318 1.55197
2.25965 -1.45646 0.704475 72.8961 1.58888
2.2597 -1.46515 0.717791 95.5438 1.53538
2.25975 -1.45727 0.699989 89.6058 1.61976
2.2598 -1.45741 0.699928 83.9218 1.64886
2.25985 -1.45988 0.709851 75.3546 1.55836
2.2599 -1.46162 0.71248 94.9066 1.59116
2.25995 -1.45826 0.706708 94.1988 1.57621
2.26 -1.46275 0.712885 94.7996 1.53175
2.26005 -1.45948 0.71064 88.4859 1.58404
2.2601 -1.45444 0.696986 84.7628 1.65394
2.26015 -1.46709 0.721974 96.3606 1.5488
2.2602 -1.45823 0.70901 91.6183 1.60014
2.26025 -1.45725 0.703087 93.4225 1.58524
2.2603 -1.46208 0.712833 92.0405 1.58849
2.26035 -1.45351 0.699824 91.1994 1.58604
2.2604 -1.45569 0.699474 91.8804 1.64741
2.26045 -1.45789 0.706152 87.6662 1.61672
2.2605 -1.45574 0.704616 93.4417 1.60142
2.26055 -1.45307 0.698917 84.4808 1.64237
2.2606 -1.45826 0.708947 94.115 1.57726
2.26065 -1.46046 0.710481 89.8014 1.56158
2.2607 -1.45612 0.702457 92.9228 1.59004
2.26075 -1.461 0.710097 94.1531 1.60233
2.2608 -1.46259 0.715906 95.8646 1.54721
2.26085 -1.45984 0.710457 94.4348 1.57963
2.2609 -1.46149 0.708651 90.6122 1.58463
2.26095 -1.46268 0.714825 81.9924 1.55599
2.261 -1.45722 0.703087 90.2852 1.61748
2.26105 -1.45761 0.707231 94.0153 1.58177
2.2611 -1.45856 0.708024 81.4386 1.57645
2.26115 -1.46191 0.713996 90.8396 1.53301
2.2612 -1.45102 0.697856 92.0233 1.60538
2.26125 -1.45965 0.708247 92.6886 1.59529
2.2613 -1.45631 0.700582 91.7772 1.63384
2.26135 -1.46264 0.717198 89.8453 1.55847
2.2614 -1.45352 0.700556 91.0904 1.58146
2.26145 -1.45498 0.70058 92.0074 1.60675
2.2615 -1.45735 0.707543 90.1085 1.60368
2.26155 -1.45707 0.706317 87.9037 1.58613
2.2616 -1.4547 0.701227 92.6215 1.62347
2.26165 -1.46075 0.712661 87.2453 1.55626
2.2617 -1.45878 0.70888 78.2224 1.56032
2.26175 -1.45804 0.707877 94.2415 1.54898
2.2618 -1.4523 0.6972 90.9916 1.65305
2.26185 -1.45752 0.706519 72.4332 1.59765
2.2619 -1.45894 0.70919 93.2465 1.62896
2.26195 -1.45132 0.692121 90.9252 1.70054
2.262 -1.45446 0.700989 91.4389 1.61004
2.26205 -1.45852 0.708821 88.8763 1.59751
2.2621 -1.45499 0.702006 90.3681 1.56022
2.26215 -1.45281 0.702529 88.9168 1.57426
2.2622 -1.453 0.698964 91.7785 1.61892
2.26225 -1.45082 0.694635 77.2833 1.62521
2.2623 -1.45835 0.70813 94.1746 1.58145
2.26235 -1.4565 0.703559 88.1229 1.63035
2.2624 -1.45444 0.700622 87.1176 1.60509
2.26245 -1.45285 0.69968 90.5087 1.58774
2.2625 -1.45926 0.710382 83.1364 1.57294
2.26255 -1.45806 0.708026 89.238 1.58876
2.2626 -1.45979 0.711782 82.9454 1.55485
2.26265 -1.4519 0.698215 90.3305 1.63535
2.2627 -1.45522 0.705636 85.3873 1.56885
2.26275 -1.46225 0.716992 95.2886 1.52036
2.2628 -1.45505 0.705959 93.5678 1.58388
2.26285 -1.46034 0.713656 87.9354 1.53182
2.2629 -1.45471 0.704268 92.4789 1.60958
2.26295 -1.45248 0.698986 86.5327 1.65298
2.263 -1.44711 0.689187 89.8572 1.6322
2.26305 -1.45144 0.696618 91.8056 1.64887
2.2631 -1.45539 0.703924 77.2984 1.61996
2.26315 -1.45669 0.708776 94.1726 1.54366
2.2632 -1.45377 0.701806 90.7695 1.60663
2.26325 -1.4547 0.703492 92.7501 1.60064
2.2633 -1.45294 0.701198 90.24 1.6174
2.26335 -1.45809 0.711435 94.5277 1.54069
2.2634 -1.45485 0.704412 93.2078 1.59567
2.26345 -1.44912 0.691523 85.8026 1.67233
2.2635 -1.45642 0.707068 93.3283 1.57825
2.26355 -1.45495 0.70427 78.1736 1.60905
2.2636 -1.44876 0.694683 91.0877 1.61872
2.26365 -1.4551 0.704253 92.0165 1.59873
2.2637 -1.45601 0.70723 90.0354 1.55979
2.26375 -1.45199 0.692968 90.161 1.63604
2.2638 -1.44489 0.687259 90.0953 1.67657
2.26385 -1.45245 0.700711 90.5093 1.59212
2.2639 -1.45024 0.694812 91.3063 1.64651
2.26395 -1.4616 0.716274 91.3044 1.53127
2.264 -1.45702 0.711316 63.151 1.52602
2.26405 -1.45444 0.703919 78.5168 1.5643
2.2641 -1.45164 0.699422 91.1983 1.59435
2.26415 -1.45186 0.697003 86.5218 1.64961
2.2642 -1.44663 0.687993 86.0412 1.65899
2.26425 -1.44995 0.696472 90.3243 1.63962
2.2643 -1.45669 0.705542 92.0732 1.58602
2.26435 -1.45205 0.699744 91.996 1.6115
2.2644 -1.46188 0.718903 92.6518 1.5319
2.26445 -1.4527 0.699384 83.3004 1.6457
2.2645 -1.45035 0.69981 91.0345 1.61455
2.26455 -1.45459 0.709326 75.2402 1.54471
2.2646 -1.45198 0.698398 91.5419 1.62175
2.26465 -1.45181 0.701177 89.3062 1.60458
2.2647 -1.45206 0.699523 91.0062 1.61408
2.26475 -1.45427 0.707643 93.6067 1.52994
2.2648 -1.452 0.698766 91.4962 1.631
2.26485 -1.45385 0.705912 88.6495 1.55701
2.2649 -1.45126 0.702415 92.7793 1.60666
2.26495 -1.44706 0.694164 91.145 1.62571
2.265 -1.45057 0.697835 86.7011 1.62139
2.26505 -1.45526 0.705812 93.1602 1.62783
2.2651 -1.44837 0.695085 89.1668 1.65314
2.26515 -1.4449 0.687844 90.163 1.67523
2.2652 -1.45333 0.703398 93.125 1.61084
2.26525 -1.44834 0.695014 91.4666 1.6184
2.2653 -1.44947 0.696202 90.7923 1.66076
2.26535 -1.45251 0.699989 88.0985 1.59573
2.2654 -1.45071 0.698652 90.7317 1.6262
2.26545 -1.46012 0.71226 64.4187 1.57724
2.2655 -1.45382 0.704345 89.7139 1.60166
2.26555 -1.44843 0.695749 78.4793 1.62018
2.2656 -1.44931 0.697064 91.1681 1.62136
2.26565 -1.45479 0.707603 92.2874 1.57003
2.2657 -1.45254 0.703006 91.8929 1.57973
2.26575 -1.4487 0.696586 91.7532 1.64039
2.2658 -1.44824 0.695286 89.9391 1.61882
2.26585 -1.45508 0.704719 91.0123 1.59733
2.2659 -1.45258 0.702312 90.0564 1.56095
2.26595 -1.44898 0.698667 91.1007 1.59498
2.266 -1.4511 0.698654 63.0277 1.61621
2.26605 -1.45373 0.708576 92.8484 1.53679
2.2661 -1.45246 0.700876 90.7191 1.60329
2.26615 -1.44083 0.681118 86.8947 1.72011
2.2662 -1.45493 0.710381 94.1148 1.54542
2.26625 -1.45077 0.700571 87.3635 1.57168
2.2663 -1.44845 0.698434 90.3087 1.59973
2.26635 -1.44907 0.698562 91.3111 1.60685
2.2664 -1.44118 0.681977 88.9583 1.67005
2.26645 -1.44326 0.686835 83.8845 1.62464
2.2665 -1.44821 0.699088 88.3952 1.58916
2.26655 -1.44874 0.695828 91.5657 1.62
2.2666 -1.45108 0.699933 84.9246 1.6294
2.26665 -1.44474 0.6888 85.9006 1.6479
2.2667 -1.44949 0.697896 91.2669 1.61841
2.26675 -1.4519 0.704024 93.0632 1.57474
2.2668 -1.45016 0.700935 89.8658 1.57696
2.26685 -1.45182 0.703977 87.7916 1.55888
2.2669 -1.446 0.692735 90.9067 1.63715
2.26695 -1.45229 0.704223 78.5085 1.60175
2.267 -1.44911 0.698392 91.9213 1.6054
2.26705 -1.44528 0.68955 89.7026 1.65059
2.2671 -1.45035 0.70022 78.8276 1.60839
2.26715 -1.44475 0.689069 89.4759 1.65354
2.2672 -1.4495 0.70167 90.777 1.60183
2.26725 -1.45172 0.703064 77.4791 1.56666
2.2673 -1.44712 0.694129 75.1919 1.6425
2.26735 -1.45117 0.700465 92.3403 1.58017
2.2674 -1.45018 0.699224 81.3707 1.61969
2.26745 -1.4526 0.705849 93.0132 1.56753
2.2675 -1.45203 0.702309 92.5237 1.56857
2.26755 -1.44782 0.69461 91.1032 1.59876
2.2676 -1.44524 0.692931 90.1922 1.61959
2.26765 -1.43842 0.676707 87.973 1.68101
2.2677 -1.44757 0.696341 91.0747 1.60545
2.26775 -1.4473 0.696639 91.3502 1.60395
2.2678 -1.44582 0.695016 89.7282 1.60189
2.26785 -1.44309 0.690732 90.4553 1.6442
2.2679 -1.44763 0.693403 87.2918 1.63475
2.26795 -1.44854 0.696285 91.4353 1.56646
2.268 -1.44674 0.692674 80.089 1.62596
2.26805 -1.45033 0.701904 85.5705 1.56885
2.2681 -1.45211 0.70907 90.657 1.53825
2.26815 -1.44629 0.698573 85.7293 1.55773
2.2682 -1.44027 0.685566 88.3953 1.67519
2.26825 -1.44223 0.68508 86.5598 1.67831
2.2683 -1.45273 0.705604 83.7815 1.5723
2.26835 -1.44549 0.691926 79.2327 1.63849
2.2684 -1.45359 0.704311 91.8896 1.56349
2.26845 -1.44266 0.691647 87.475 1.60291
2.2685 -1.44676 0.698063 77.186 1.57273
2.26855 -1.454 0.709105 92.0134 1.53135
2.2686 -1.44673 0.695581 89.5401 1.59899
2.26865 -1.44794 0.695394 88.7366 1.64352
2.2687 -1.44858 0.701031 91.7211 1.60201
2.26875 -1.45024 0.702756 91.7027 1.58547
2.2688 -1.44713 0.697495 91.5785 1.61819
2.26885 -1.44865 0.699428 86.4644 1.61586
2.2689 -1.44605 0.693391 86.0909 1.62334
2.26895 -1.44153 0.686973 88.3332 1.63507
2.269 -1.44749 0.700208 75.47 1.56073
2.26905 -1.45119 0.705049 87.1752 1.54381
2.2691 -1.44513 0.694026 90.8027 1.62187
2.26915 -1.44691 0.696759 89.434 1.59624
2.2692 -1.44455 0.692366 84.5621 1.62021
2.26925 -1.44142 0.686031 87.7098 1.66976
2.2693 -1.44433 0.696339 85.5555 1.58713
2.26935 -1.44438 0.691363 84.4373 1.64293
2.2694 -1.44564 0.694378 87.403 1.60838
2.26945 -1.43897 0.68282 88.8204 1.65215
2.2695 -1.44653 0.697524 91.3216 1.58261
2.26955 -1.44384 0.690306 90.0364 1.64456
2.2696 -1.44594 0.69772 83.3058 1.55707
2.26965 -1.43915 0.686801 88.3001 1.63816
2.2697 -1.44779 0.699221 91.8906 1.59175
2.26975 -1.44175 0.687541 88.1399 1.65344
2.2698 -1.45222 0.707092 92.4987 1.53793
2.26985 -1.44277 0.690943 87.0326 1.63501
2.2699 -1.44461 0.693902 89.6323 1.62942
2.26995 -1.43735 0.67899 81.4049 1.67529
2.27 -1.45194 0.706301 93.0953 1.52662
2.27005 -1.4413 0.685839 89.3252 1.62697
2.2701 -1.43542 0.67578 87.1506 1.68262
2.27015 -1.44034 0.686066 88.2406 1.62022
2.2702 -1.44314 0.692863 87.3002 1.62797
2.27025 -1.43857 0.683355 85.8601 1.65394
2.2703 -1.44625 0.697254 91.5669 1.59524
2.27035 -1.4394 0.682779 80.5989 1.6555
2.2704 -1.44115 0.690605 89.7127 1.62022
2.27045 -1.4445 0.696257 90.6581 1.59729
2.2705 -1.44562 0.694068 81.396 1.62519
2.27055 -1.43645 0.681043 82.644 1.62866
2.2706 -1.43874 0.684344 79.146 1.59973
2.27065 -1.44285 0.68917 89.3642 1.62349
2.2707 -1.44166 0.688578 79.7528 1.62537
2.27075 -1.44439 0.69333 90.4506 1.62273
2.2708 -1.44041 0.689719 89.0876 1.60012
2.27085 -1.44543 0.698205 83.0785 1.55422
2.2709 -1.44696 0.698597 87.2812 1.59296
2.27095 -1.44031 0.689738 86.1196 1.60487
2.271 -1.43992 0.684989 84.2571 1.64446
2.27105 -1.44149 0.688944 88.4263 1.62977
2.2711 -1.44594 0.697507 90.4924 1.58369
2.27115 -1.43819 0.683058 87.3907 1.63906
2.2712 -1.44579 0.699308 91.638 1.58081
2.27125 -1.43801 0.685022 86.1696 1.66066
2.2713 -1.44079 0.690166 88.3146 1.59894
2.27135 -1.43745 0.682828 87.5903 1.633
2.2714 -1.44225 0.691561 88.5616 1.63453
2.27145 -1.44378 0.692068 89.7501 1.62106
2.2715 -1.44003 0.686727 85.1886 1.65835
2.27155 -1.44446 0.69219 89.4686 1.63963
2.2716 -1.44833 0.704002 91.6075 1.55023
2.27165 -1.44037 0.68348 84.097 1.63635
2.2717 -1.44013 0.686262 89.321 1.65666
2.27175 -1.44539 0.696059 86.8346 1.60434
2.2718 -1.44389 0.693183 85.5125 1.62784
2.27185 -1.44055 0.689058 89.5835 1.60616
2.2719 -1.44208 0.690787 90.2989 1.61155
2.27195 -1.43577 0.680176 87.0194 1.6884
2.272 -1.44275 0.689865 88.0937 1.61612
2.27205 -1.43972 0.688909 85.3152 1.60915
2.2721 -1.43337 0.674001 84.3816 1.6951
2.27215 -1.44548 0.697667 86.8017 1.58528
2.2722 -1.4411 0.68965 89.4177 1.61799
2.27225 -1.43854 0.688513 89.0549 1.62441
2.2723 -1.44178 0.68851 86.5055 1.64492
2.27235 -1.44108 0.691252 87.1112 1.59851
2.2724 -1.44357 0.695321 84.4326 1.56705
2.27245 -1.44297 0.693969 85.6337 1.60456
2.2725 -1.4427 0.693767 89.5559 1.59607
2.27255 -1.44327 0.694171 86.2328 1.61409
2.2726 -1.43826 0.686163 83.3389 1.58859
2.27265 -1.43919 0.687658 81.9881 1.62316
2.2727 -1.4435 0.69657 90.5696 1.5771
2.27275 -1.43953 0.687986 89.3739 1.60971
2.2728 -1.43797 0.687788 88.7311 1.58844
2.27285 -1.44056 0.689676 89.3518 1.64547
2.2729 -1.44191 0.689323 83.8612 1.65759
2.27295 -1.43507 0.681641 86.1279 1.64521
2.273 -1.43384 0.676171 73.6543 1.64041
2.27305 -1.44458 0.698508 90.9631 1.55994
2.2731 -1.44039 0.692375 87.6023 1.58355
2.27315 -1.44154 0.694985 90.573 1.58732
2.2732 -1.43972 0.690368 88.1508 1.57045
2.27325 -1.43601 0.679621 87.4165 1.65506
2.2733 -1.43949 0.690154 88.8796 1.61992
2.27335 -1.43544 0.681014 87.1203 1.62381
2.2734 -1.43702 0.684974 88.7696 1.6329
2.27345 -1.43122 0.674114 86.2434 1.70699
2.2735 -1.43876 0.687994 88.2897 1.62745
2.27355 -1.4332 0.678899 81.8813 1.64535
2.2736 -1.43702 0.684681 86.8353 1.64143
2.27365 -1.43729 0.68787 87.6816 1.58547
2.2737 -1.43983 0.690154 89.6835 1.59488
2.27375 -1.43352 0.676437 87.0644 1.66715
2.2738 -1.43945 0.688626 89.4061 1.60626
2.27385 -1.43881 0.684506 88.5035 1.6435
2.2739 -1.43098 0.676164 86.7115 1.635
2.27395 -1.43393 0.678026 83.2981 1.66636
2.274 -1.43027 0.672864 86.5315 1.66222
2.27405 -1.43776 0.684097 77.6193 1.62883
2.2741 -1.4355 0.682662 88.055 1.6475
2.27415 -1.44067 0.691062 90.1028 1.60662
2.2742 -1.43712 0.686246 82.1058 1.63561
2.27425 -1.4364 0.684435 88.6181 1.60822
2.2743 -1.43965 0.688111 88.3702 1.64796
2.27435 -1.44369 0.695438 90.9459 1.60295
2.2744 -1.43398 0.681755 87.5684 1.64337
2.27445 -1.43447 0.679117 86.1532 1.65158
2.2745 -1.43148 0.673185 71.0628 1.64654
2.27455 -1.43669 0.684327 88.815 1.65229
2.2746 -1.43703 0.685402 89.03 1.62101
2.27465 -1.43926 0.693737 88.1173 1.57077
2.2747 -1.43359 0.68143 88.1328 1.6609
2.27475 -1.43826 0.689514 78.2451 1.57094
2.2748 -1.43102 0.675214 86.6462 1.66042
2.27485 -1.43557 0.684465 87.5586 1.63287
2.2749 -1.43438 0.679888 74.9572 1.65506
2.27495 -1.43191 0.675267 86.9943 1.66111
2.275 -1.43527 0.679739 88.0217 1.63925
2.27505 -1.43887 0.690801 83.821 1.60743
2.2751 -1.43222 0.67681 78.5218 1.66758
2.27515 -1.43543 0.687804 89.1054 1.62284
2.2752 -1.43396 0.68217 86.8533 1.61346
2.27525 -1.43116 0.676499 85.5477 1.65564
2.2753 -1.43602 0.685422 87.2976 1.6065
2.27535 -1.43393 0.681853 88.0106 1.59627
2.2754 -1.4339 0.679819 80.865 1.63326
2.27545 -1.44145 0.695144 90.3994 1.55577
2.2755 -1.43506 0.683916 85.149 1.60345
2.27555 -1.43007 0.672238 85.3835 1.69561
2.2756 -1.44079 0.69589 75.438 1.57174
2.27565 -1.43646 0.687008 80.2153 1.57189
2.2757 -1.43154 0.678297 86.8222 1.66472
2.27575 -1.43556 0.685781 80.5064 1.61154
2.2758 -1.4347 0.68539 87.5703 1.61855
2.27585 -1.42804 0.668554 85.071 1.68407
2.2759 -1.4327 0.678505 87.4198 1.62864
2.27595 -1.42928 0.673586 86.2145 1.61643
2.276 -1.43761 0.687483 87.3108 1.61832
2.27605 -1.43342 0.681159 86.0174 1.60792
2.2761 -1.43164 0.677814 61.8079 1.65003
2.27615 -1.43809 0.690401 89.5963 1.58377
2.2762 -1.43238 0.681563 87.0272 1.64465
2.27625 -1.43461 0.683661 88.048 1.62504
2.2763 -1.4262 0.665033 84.6385 1.64164
2.27635 -1.4298 0.676158 85.5973 1.65696
2.2764 -1.44043 0.693266 86.6098 1.58562
2.27645 -1.43204 0.678414 86.4369 1.64667
2.2765 -1.43282 0.680734 59.3183 1.63177
2.27655 -1.43517 0.685056 84.2884 1.62436
2.2766 -1.43801 0.690761 88.2574 1.5662
2.27665 -1.42905 0.670829 84.1287 1.66357
2.2767 -1.43029 0.674141 83.2859 1.66483
2.27675 -1.43698 0.690553 80.8297 1.56002
2.2768 -1.43602 0.685865 85.819 1.59417
2.27685 -1.4322 0.676565 87.065 1.63429
2.2769 -1.43324 0.682971 84.8198 1.62762
2.27695 -1.43238 0.68476 87.7337 1.60481
2.277 -1.43177 0.679341 86.7059 1.64785
2.27705 -1.43183 0.679601 87.6205 1.66086
2.2771 -1.43111 0.678635 80.0348 1.63801
2.27715 -1.43179 0.679084 87.5865 1.63557
2.2772 -1.43691 0.688704 82.2286 1.59936
2.27725 -1.43843 0.689323 88.8144 1.5667
2.2773 -1.43915 0.693851 86.2931 1.60506
2.27735 -1.43431 0.683567 84.2174 1.5986
2.2774 -1.42621 0.670217 85.7215 1.65152
2.27745 -1.43195 0.684413 87.3729 1.62964
2.2775 -1.43517 0.685308 86.7192 1.6114
2.27755 -1.43317 0.683405 88.2136 1.64447
2.2776 -1.43458 0.686351 82.1491 1.60546
2.27765 -1.42764 0.673418 85.1303 1.6547
2.2777 -1.43858 0.694358 87.8253 1.57534
2.27775 -1.42683 0.673032 85.9557 1.63513
2.2778 -1.42485 0.664741 84.5537 1.71273
2.27785 -1.43277 0.681152 86.4996 1.61052
2.2779 -1.42044 0.658147 82.8705 1.6899
2.27795 -1.43376 0.680697 87.6828 1.59768
2.278 -1.43366 0.686745 82.512 1.57116
2.27805 -1.42791 0.676155 80.0783 1.62887
2.2781 -1.42556 0.668264 84.7417 1.64459
2.27815 -1.43193 0.682615 88.0061 1.60783
2.2782 -1.42662 0.672492 80.6349 1.6509
2.27825 -1.42979 0.6777 82.201 1.63236
2.2783 -1.42309 0.665782 77.9119 1.69789
2.27835 -1.42593 0.666245 84.6646 1.65556
2.2784 -1.43162 0.679449 84.0589 1.62086
2.27845 -1.43263 0.6873 88.0698 1.57522
2.2785 -1.4339 0.682552 85.3506 1.64651
2.27855 -1.43242 0.681601 87.6411 1.61522
2.2786 -1.43527 0.687714 88.6094 1.60331
2.27865 -1.42996 0.677833 85.8261 1.64942
2.2787 -1.43327 0.68432 78.2088 1.62254
2.27875 -1.42591 0.672286 82.9767 1.65327
2.2788 -1.42713 0.673423 79.3437 1.62812
2.27885 -1.42745 0.675184 85.4318 1.60595
2.2789 -1.43073 0.678738 80.6455 1.64158
2.27895 -1.43005 0.679569 84.4149 1.61319
2.279 -1.42427 0.667321 85.194 1.66423
2.27905 -1.43055 0.679166 82.73 1.66161
2.2791 -1.42587 0.669602 85.7032 1.63054
2.27915 -1.42943 0.676316 87.0281 1.62084
2.2792 -1.43205 0.684368 87.8911 1.57627
2.27925 -1.42406 0.670425 82.7866 1.64653
2.2793 -1.42855 0.674791 80.5219 1.64622
2.27935 -1.42575 0.673062 82.4158 1.62874
2.2794 -1.42809 0.677794 84.015 1.61762
2.27945 -1.4243 0.670028 85.3741 1.64255
2.2795 -1.41957 0.658209 83.3594 1.68826
2.27955 -1.43234 0.685219 87.8918 1.58664
2.2796 -1.43127 0.678383 87.3284 1.65815
2.27965 -1.4268 0.675908 85.6099 1.63672
2.2797 -1.4295 0.67976 87.1326 1.60573
2.27975 -1.42697 0.675772 84.6818 1.6306
2.2798 -1.42707 0.674226 78.1897 1.63272
2.27985 -1.43069 0.677841 83.3729 1.6574
2.2799 -1.43376 0.683207 87.8124 1.61167
2.27995 -1.4311 0.681782 86.4898 1.58076
2.28 -1.42546 0.670224 85.1193 1.66974
2.28005 -1.42152 0.666427 80.4259 1.64219
2.2801 -1.42197 0.663912 83.3112 1.69701
2.28015 -1.42495 0.67173 84.1362 1.692
2.2802 -1.42421 0.669343 75.57 1.65945
2.28025 -1.4269 0.674356 84.9457 1.6264
2.2803 -1.42376 0.668661 85.1143 1.64495
2.28035 -1.42819 0.677307 86.4631 1.62356
2.2804 -1.42744 0.678836 87.1237 1.62857
2.28045 -1.42955 0.681566 86.4224 1.60054
2.2805 -1.42516 0.671969 86.053 1.67709
2.28055 -1.42305 0.6663 81.3607 1.65145
2.2806 -1.42782 0.678244 86.9481 1.57896
2.28065 -1.42614 0.67339 84.309 1.67291
2.2807 -1.42718 0.674082 85.9306 1.6421
2.28075 -1.42239 0.667958 84.8067 1.64909
2.2808 -1.42461 0.669356 84.9657 1.68319
2.28085 -1.43244 0.684111 86.87 1.62059
2.2809 -1.43052 0.680351 87.4409 1.62362
2.28095 -1.42143 0.665322 84.5785 1.67008
2.281 -1.43007 0.681467 84.6822 1.60495
2.28105 -1.43305 0.688884 88.9532 1.58553
2.2811 -1.42325 0.668955 85.2645 1.65686
2.28115 -1.42593 0.6727 85.8976 1.62526
2.2812 -1.422 0.666242 81.3491 1.67192
2.28125 -1.42272 0.669504 85.0477 1.60812
2.2813 -1.42023 0.665692 82.6636 1.66477
2.28135 -1.42087 0.663521 84.2235 1.71375
2.2814 -1.42834 0.680264 87.0733 1.62201
2.28145 -1.42242 0.664798 83.8503 1.64381
2.2815 -1.41896 0.662814 82.9992 1.69506
2.28155 -1.42414 0.671106 84.6801 1.63301
2.2816 -1.4235 0.671962 80.2739 1.61476
2.28165 -1.42528 0.672806 80.2899 1.64494
2.2817 -1.42557 0.673062 84.3256 1.66072
2.28175 -1.43303 0.687206 84.9458 1.59017
2.2818 -1.42922 0.681212 83.8481 1.62061
2.28185 -1.42747 0.678168 85.6927 1.59875
2.2819 -1.42356 0.670105 83.553 1.65031
2.28195 -1.42129 0.667092 84.6648 1.64308
2.282 -1.42237 0.668109 83.2249 1.63989
2.28205 -1.42357 0.670383 82.734 1.6465
2.2821 -1.4279 0.674912 77.9721 1.64343
2.28215 -1.41761 0.659971 83.3284 1.65376
2.2822 -1.42215 0.668008 83.8 1.66553
2.28225 -1.42681 0.680383 86.4905 1.60595
2.2823 -1.42254 0.668479 85.1168 1.65378
2.28235 -1.42043 0.665923 84.4224 1.65655
2.2824 -1.42573 0.677576 86.3054 1.60064
2.28245 -1.4289 0.681092 77.8011 1.58448
2.2825 -1.42189 0.668455 80.4809 1.67795
2.28255 -1.42129 0.665134 82.6764 1.67835
2.2826 -1.41785 0.660398 83.0846 1.68374
2.28265 -1.42368 0.668876 83.2642 1.68873
2.2827 -1.42321 0.668929 83.2478 1.67187
2.28275 -1.42585 0.676305 70.029 1.65114
2.2828 -1.41766 0.660164 82.5281 1.65157
2.28285 -1.419 0.664269 81.4202 1.67416
2.2829 -1.42399 0.671371 82.7474 1.65967
2.28295 -1.42768 0.678008 80.0394 1.6169
2.283 -1.42397 0.674338 85.2166 1.64302
2.28305 -1.42233 0.673789 78.6223 1.65244
2.2831 -1.42524 0.674651 81.7455 1.60907
2.28315 -1.42403 0.676605 84.8931 1.59997
2.2832 -1.4148 0.653533 82.2972 1.71469
2.28325 -1.4253 0.678015 85.6623 1.57864
2.2833 -1.41964 0.663734 84.0933 1.63633
2.28335 -1.4212 0.670086 81.0812 1.64434
2.2834 -1.42001 0.662412 82.7502 1.64193
2.28345 -1.41615 0.659756 83.1141 1.68856
2.2835 -1.42456 0.677444 77.3501 1.56997
2.28355 -1.41495 0.652155 82.5167 1.70527
2.2836 -1.41854 0.663255 82.9476 1.63565
2.28365 -1.42521 0.675707 86.5686 1.63435
2.2837 -1.42006 0.665552 83.7563 1.65116
2.28375 -1.42209 0.671283 81.0535 1.58381
2.2838 -1.42787 0.68223 87.333 1.59848
2.28385 -1.42154 0.667412 74.4669 1.66093
2.2839 -1.4255 0.67797 85.4881 1.60392
2.28395 -1.41911 0.664166 84.2624 1.67707
2.284 -1.42183 0.669066 85.1994 1.66285
2.28405 -1.41946 0.661579 83.7486 1.6934
2.2841 -1.41554 0.662051 75.2981 1.61603
2.28415 -1.42329 0.674046 85.861 1.60655
2.2842 -1.41801 0.660983 82.4958 1.65581
2.28425 -1.42668 0.678242 85.6499 1.59438
2.2843 -1.41609 0.66017 82.2054 1.64962
2.28435 -1.42676 0.677363 86.5531 1.59583
2.2844 -1.4212 0.664703 82.5358 1.65579
2.28445 -1.41868 0.663909 83.0175 1.65131
2.2845 -1.4151 0.658735 76.9997 1.70573
2.28455 -1.42052 0.665635 84.1185 1.61921
2.2846 -1.42211 0.674807 83.9643 1.59933
2.28465 -1.42508 0.674526 82.5765 1.61715
2.2847 -1.41923 0.664615 83.5386 1.64353
2.28475 -1.41708 0.661194 83.4189 1.63975
2.2848 -1.4236 0.67361 78.9957 1.64314
2.28485 -1.41928 0.666179 82.1377 1.6461
2.2849 -1.42512 0.674566 84.4626 1.63592
2.28495 -1.41841 0.666989 83.4955 1.63545
2.285 -1.41417 0.65539 82.3977 1.67298
2.28505 -1.42608 0.678112 86.0792 1.59559
2.2851 -1.41777 0.664116 80.9349 1.62675
2.28515 -1.4195 0.670214 84.7219 1.62124
2.2852 -1.42422 0.675318 79.5832 1.62489
2.28525 -1.42026 0.670661 85.2591 1.65573
2.2853 -1.41753 0.664543 83.108 1.66828
2.28535 -1.41145 0.651079 81.6064 1.71666
2.2854 -1.41539 0.660109 81.8924 1.64981
2.28545 -1.42061 0.669479 84.4328 1.61947
2.2855 -1.41407 0.659335 81.6381 1.67045
2.28555 -1.41419 0.659433 78.795 1.64634
2.2856 -1.41576 0.663342 83.7219 1.62151
2.28565 -1.42251 0.673894 80.1341 1.60911
2.2857 -1.41717 0.664466 83.8297 1.6371
2.28575 -1.41646 0.659547 81.8937 1.68775
2.2858 -1.41466 0.655682 82.686 1.72178
2.28585 -1.41531 0.656755 81.247 1.70103
2.2859 -1.42019 0.667335 84.464 1.67547
2.28595 -1.41537 0.655872 82.666 1.70792
2.286 -1.41854 0.667966 84.5314 1.60353
2.28605 -1.41069 0.652396 80.4452 1.67004
2.2861 -1.41456 0.658211 82.2525 1.68559
2.28615 -1.41645 0.662711 83.5986 1.66241
2.2862 -1.41914 0.669579 84.2781 1.6219
2.28625 -1.41775 0.665255 83.165 1.62743
2.2863 -1.41755 0.663898 82.6523 1.62898
2.28635 -1.41208 0.655018 82.2878 1.67428
2.2864 -1.41749 0.664388 83.0033 1.6451
2.28645 -1.41294 0.654444 82.3643 1.69716
2.2865 -1.41562 0.659863 82.6001 1.66425
2.28655 -1.41789 0.664332 81.79 1.6789
2.2866 -1.41991 0.670468 74.1453 1.62757
2.28665 -1.42081 0.671817 84.4654 1.58549
2.2867 -1.41936 0.667895 84.619 1.63699
2.28675 -1.41572 0.662875 83.7919 1.65495
2.2868 -1.41679 0.663876 83.245 1.66048
2.28685 -1.41962 0.669911 83.6261 1.65331
2.2869 -1.41435 0.661536 83.0875 1.64618
2.28695 -1.41811 0.667754 83.6066 1.64663
2.287 -1.41775 0.6636 81.5279 1.6637
2.28705 -1.4168 0.665359 83.1284 1.60023
2.2871 -1.41559 0.662114 80.6477 1.64238
2.28715 -1.4131 0.656924 82.615 1.66205
2.2872 -1.40728 0.649029 80.6117 1.67343
2.28725 -1.41521 0.661793 81.7349 1.62791
2.2873 -1.4308 0.689039 81.9806 1.58121
2.28735 -1.42215 0.67356 84.2092 1.62344
2.2874 -1.42303 0.678156 85.0236 1.57363
2.28745 -1.41611 0.66507 80.8743 1.64418
2.2875 -1.42033 0.673192 84.6003 1.57118
2.28755 -1.41458 0.664111 82.4513 1.63963
2.2876 -1.41556 0.659543 69.0398 1.68318
2.28765 -1.4121 0.657794 82.1527 1.65501
2.2877 -1.40993 0.650181 80.8947 1.67168
2.28775 -1.41163 0.656445 80.8965 1.66864
2.2878 -1.41606 0.66215 82.3528 1.69091
2.28785 -1.4103 0.654764 81.7937 1.66502
2.2879 -1.41542 0.661329 81.6536 1.68024
2.28795 -1.41174 0.656193 82.4953 1.64801
2.288 -1.41409 0.659333 79.5353 1.64683
2.28805 -1.41734 0.669719 84.0811 1.63925
2.2881 -1.41592 0.664381 82.679 1.62167
2.28815 -1.41541 0.660607 83.3006 1.65987
2.2882 -1.41045 0.657283 81.8949 1.67823
2.28825 -1.41014 0.653107 82.0123 1.69248
2.2883 -1.41399 0.659397 81.831 1.67355
2.28835 -1.41056 0.655632 81.0317 1.65702
2.2884 -1.41196 0.65606 82.6319 1.70096
2.28845 -1.41292 0.661228 74.6979 1.63659
2.2885 -1.41122 0.657795 82.6181 1.64728
2.28855 -1.41232 0.659426 82.9038 1.63856
2.2886 -1.41259 0.656426 80.1629 1.68221
2.28865 -1.41899 0.667713 82.5254 1.61829
2.2887 -1.41118 0.653859 81.9375 1.68981
2.28875 -1.41828 0.66531 84.0651 1.65354
2.2888 -1.40936 0.650771 81.43 1.69408
2.28885 -1.41186 0.657912 82.7037 1.68808
2.2889 -1.40973 0.657055 79.8473 1.65395
2.28895 -1.41671 0.666034 69.4227 1.63563
2.289 -1.40982 0.652686 80.6149 1.66759
2.28905 -1.41507 0.662544 82.9405 1.66721
2.2891 -1.41035 0.654957 81.8864 1.64481
2.28915 -1.4131 0.659708 82.0832 1.65041
2.2892 -1.41147 0.656642 71.2112 1.66775
2.28925 -1.40699 0.651262 76.0326 1.67936
2.2893 -1.40695 0.649709 80.7036 1.66446
2.28935 -1.40946 0.653705 78.8996 1.64909
2.2894 -1.41093 0.657144 82.5876 1.69441
2.28945 -1.40987 0.653208 78.3315 1.66104
2.2895 -1.41213 0.656234 81.6594 1.64935
2.28955 -1.41365 0.663249 82.8595 1.65261
2.2896 -1.4167 0.667929 80.7191 1.60837
2.28965 -1.41135 0.656613 74.9106 1.69611
2.2897 -1.41167 0.658993 80.6513 1.66069
2.28975 -1.41812 0.670214 82.2393 1.61598
2.2898 -1.40603 0.646588 79.8034 1.70133
2.28985 -1.41249 0.662927 82.816 1.63361
2.2899 -1.40861 0.649052 80.6774 1.67998
2.28995 -1.40427 0.645431 78.7948 1.68383
2.29 -1.41525 0.668276 84.2594 1.63133
2.29005 -1.40625 0.646233 77.271 1.67313
2.2901 -1.41118 0.656469 81.9902 1.67951
2.29015 -1.41084 0.659759 82.1064 1.63408
2.2902 -1.41298 0.659064 81.5207 1.63438
2.29025 -1.41194 0.660879 79.2597 1.64452
2.2903 -1.40807 0.652418 81.2864 1.68662
2.29035 -1.40664 0.650179 80.4094 1.67303
2.2904 -1.41169 0.65805 82.503 1.65407
2.29045 -1.40871 0.653113 81.4784 1.61889
2.2905 -1.41462 0.667898 84.0429 1.5841
2.29055 -1.40924 0.660235 81.0998 1.63736
2.2906 -1.41522 0.666156 83.8014 1.60236
2.29065 -1.4147 0.663868 83.5957 1.61762
2.2907 -1.4155 0.669494 83.9825 1.61474
2.29075 -1.40747 0.649667 80.4958 1.68909
2.2908 -1.41017 0.657272 80.1704 1.65398
2.29085 -1.40734 0.65214 81.1444 1.63531
2.2909 -1.41889 0.671719 81.6385 1.60827
2.29095 -1.41964 0.675732 84.4131 1.59076
2.291 -1.41084 0.659549 71.1884 1.64885
2.29105 -1.41522 0.665994 83.1824 1.6354
2.2911 -1.40445 0.645503 80.4039 1.71138
2.29115 -1.40587 0.649467 79.804 1.68372
2.2912 -1.40462 0.647947 79.6912 1.66005
2.29125 -1.41328 0.659874 77.0608 1.65054
2.2913 -1.4088 0.653278 80.1056 1.66797
2.29135 -1.41591 0.668441 83.6452 1.63188
2.2914 -1.40625 0.650312 80.0138 1.67653
2.29145 -1.4133 0.663212 82.593 1.61982
2.2915 -1.41148 0.655346 81.7653 1.68581
2.29155 -1.40586 0.652204 81.2233 1.65537
2.2916 -1.40536 0.649809 79.0473 1.70577
2.29165 -1.40376 0.644593 79.7303 1.64509
2.2917 -1.40576 0.654091 79.1506 1.63761
2.29175 -1.40992 0.657449 79.5873 1.67201
2.2918 -1.40272 0.645054 79.8688 1.66114
2.29185 -1.40251 0.643468 78.4287 1.69085
2.2919 -1.40646 0.651623 79.5541 1.67187
2.29195 -1.3981 0.634812 76.3386 1.75615
2.292 -1.41397 0.661407 83.322 1.67517
2.29205 -1.40914 0.656228 82.1328 1.65117
2.2921 -1.41523 0.667699 83.6676 1.60599
2.29215 -1.40786 0.654576 81.9849 1.68206
2.2922 -1.40884 0.656556 81.6132 1.6685
2.29225 -1.40842 0.653829 76.5463 1.67292
2.2923 -1.40879 0.65589 81.7012 1.66282
2.29235 -1.40893 0.659532 82.4298 1.62855
2.2924 -1.40769 0.656764 82.0143 1.62118
2.29245 -1.41316 0.665907 83.3573 1.63204
2.2925 -1.4024 0.64558 78.9301 1.67325
2.29255 -1.40847 0.656114 81.8888 1.6259
2.2926 -1.41058 0.660104 82.7049 1.65012
2.29265 -1.4085 0.657797 78.4693 1.61871
2.2927 -1.40563 0.651565 79.7712 1.68159
2.29275 -1.40746 0.653409 81.5856 1.65863
2.2928 -1.39929 0.636825 78.8963 1.71843
2.29285 -1.41197 0.663806 82.9608 1.61963
2.2929 -1.40117 0.646104 76.3662 1.66022
2.29295 -1.4026 0.647049 80.2966 1.68189
2.293 -1.40445 0.650431 80.8817 1.64567
2.29305 -1.41166 0.66525 80.3237 1.5793
2.2931 -1.40404 0.6505 80.402 1.68259
2.29315 -1.41092 0.66187 71.5383 1.6016
2.2932 -1.39806 0.634102 75.171 1.70969
2.29325 -1.40162 0.645063 72.2251 1.66154
2.2933 -1.40814 0.653636 80.8793 1.67535
2.29335 -1.40137 0.643806 79.7975 1.69743
2.2934 -1.40482 0.646871 80.7353 1.72568
2.29345 -1.40418 0.649085 79.3918 1.62794
2.2935 -1.40121 0.641545 79.5917 1.68918
2.29355 -1.40389 0.647601 74.9858 1.66927
2.2936 -1.40749 0.658838 81.2046 1.61279
2.29365 -1.40467 0.647834 72.5707 1.67137
2.2937 -1.39793 0.637117 78.6735 1.73539
2.29375 -1.40417 0.648698 79.6891 1.65978
2.2938 -1.41147 0.663397 83.1691 1.64644
2.29385 -1.4068 0.653925 81.5043 1.61967
2.2939 -1.39998 0.640427 79.1878 1.69827
2.29395 -1.40369 0.650973 80.1459 1.6427
2.294 -1.40145 0.644563 78.3045 1.68397
2.29405 -1.40614 0.652718 80.8493 1.67724
2.2941 -1.40514 0.650933 75.6513 1.62241
2.29415 -1.39979 0.642463 79.4459 1.65989
2.2942 -1.40254 0.646276 76.7611 1.6754
2.29425 -1.40313 0.64963 80.0655 1.63655
2.2943 -1.39576 0.631379 77.5839 1.7186
2.29435 -1.40351 0.649404 75.4188 1.67997
2.2944 -1.40221 0.649442 79.2076 1.65107
2.29445 -1.3959 0.63609 71.0349 1.66486
2.2945 -1.40407 0.649532 75.491 1.67414
2.29455 -1.40327 0.652343 79.6465 1.63167
2.2946 -1.40292 0.646309 80.236 1.67853
2.29465 -1.39595 0.635488 78.276 1.67734
2.2947 -1.40241 0.649599 76.21 1.63028
2.29475 -1.40356 0.646744 80.3662 1.67049
2.2948 -1.40032 0.643322 78.8637 1.67187
2.29485 -1.39689 0.637715 77.7833 1.68327
2.2949 -1.40227 0.649598 79.3732 1.6467
2.29495 -1.39673 0.638224 76.8638 1.69962
2.295 -1.40405 0.651104 79.934 1.65063
2.29505 -1.3963 0.635737 71.2721 1.71083
2.2951 -1.39583 0.634832 76.1389 1.72477
2.29515 -1.41164 0.663972 82.7351 1.62536
2.2952 -1.40128 0.645983 79.5864 1.61705
2.29525 -1.39514 0.635672 78.1111 1.69534
2.2953 -1.4048 0.652115 80.67 1.64629
2.29535 -1.39756 0.638678 78.6544 1.66585
2.2954 -1.40263 0.649059 80.6742 1.62426
2.29545 -1.39883 0.641058 79.1716 1.67361
2.2955 -1.39953 0.6421 79.4374 1.66495
2.29555 -1.40197 0.645146 79.847 1.68543
2.2956 -1.40379 0.650476 68.0667 1.64206
2.29565 -1.3992 0.642525 71.9928 1.68046
2.2957 -1.39705 0.639542 72.3622 1.65337
2.29575 -1.40293 0.651818 78.2893 1.62693
2.2958 -1.39919 0.643103 74.2972 1.71588
2.29585 -1.40146 0.648418 75.3257 1.67417
2.2959 -1.40428 0.650837 78.0744 1.64521
2.29595 -1.4031 0.649325 76.7921 1.65558
2.296 -1.39997 0.646806 74.3278 1.68265
2.29605 -1.3983 0.641913 78.8104 1.66452
2.2961 -1.39994 0.64439 79.79 1.67718
2.29615 -1.39792 0.641893 79.103 1.71032
2.2962 -1.4055 0.654973 81.2587 1.64943
2.29625 -1.39992 0.648099 78.2112 1.63732
2.2963 -1.40323 0.652677 78.1244 1.65161
2.29635 -1.39756 0.639898 78.3013 1.64077
2.2964 -1.39569 0.64078 75.4213 1.64717
2.29645 -1.3944 0.632958 77.7853 1.6902
2.2965 -1.40627 0.65961 80.8276 1.60403
2.29655 -1.39722 0.64274 78.8685 1.6632
2.2966 -1.4069 0.656798 80.0509 1.6252
2.29665 -1.40533 0.653511 81.396 1.64024
2.2967 -1.40534 0.656937 73.927 1.61611
2.29675 -1.40579 0.656768 79.6909 1.65418
2.2968 -1.40246 0.650433 79.5799 1.64962
2.29685 -1.39937 0.648383 76.4229 1.65478
2.2969 -1.39316 0.633136 75.8908 1.68289
2.29695 -1.40114 0.646 80.055 1.67028
2.297 -1.39932 0.646787 77.9599 1.66322
2.29705 -1.40213 0.649199 73.9346 1.65169
2.2971 -1.39908 0.641706 77.9491 1.68529
2.29715 -1.40004 0.646747 80.0361 1.65976
2.2972 -1.40042 0.645221 77.0785 1.65351
2.29725 -1.39982 0.646024 79.0953 1.6867
2.2973 -1.39788 0.641555 76.5367 1.6531
2.29735 -1.39957 0.646814 78.2906 1.63473
2.2974 -1.39311 0.630303 76.4629 1.68366
2.29745 -1.3979 0.644826 72.3028 1.63312
2.2975 -1.40325 0.650968 79.0454 1.64233
2.29755 -1.40203 0.649131 76.1858 1.65763
2.2976 -1.40214 0.648462 72.3191 1.67669
2.29765 -1.40111 0.650582 72.0501 1.62489
2.2977 -1.39742 0.644923 78.2597 1.62463
2.29775 -1.39315 0.634581 74.9984 1.66402
2.2978 -1.39568 0.638932 78.7101 1.70109
2.29785 -1.39615 0.639123 77.0923 1.69057
2.2979 -1.40191 0.648737 80.4211 1.64573
2.29795 -1.39128 0.633607 75.6159 1.68856
2.298 -1.39353 0.639477 77.889 1.64259
2.29805 -1.39339 0.634529 76.2409 1.69727
2.2981 -1.39575 0.643792 77.9938 1.69098
2.29815 -1.39306 0.633534 76.8505 1.68156
2.2982 -1.39862 0.643691 77.8524 1.65229
2.29825 -1.40083 0.648306 76.1449 1.65519
2.2983 -1.39592 0.640164 78.7247 1.67841
2.29835 -1.39806 0.646408 79.4602 1.66064
2.2984 -1.40973 0.662007 82.6041 1.60465
2.29845 -1.39669 0.642025 78.5197 1.64312
2.2985 -1.39346 0.63857 77.9436 1.63021
2.29855 -1.40174 0.650056 79.5085 1.62339
2.2986 -1.39901 0.645882 78.6403 1.65527
2.29865 -1.38649 0.623883 73.4614 1.67162
2.2987 -1.39282 0.636092 74.4451 1.68928
2.29875 -1.3945 0.636625 77.4784 1.66903
2.2988 -1.39723 0.643716 79.236 1.63489
2.29885 -1.39108 0.629751 76.3379 1.68336
2.2989 -1.38872 0.628321 75.0985 1.70565
2.29895 -1.39169 0.63094 70.9131 1.69604
2.299 -1.39303 0.634801 76.73 1.66389
2.29905 -1.39798 0.643612 74.963 1.65385
2.2991 -1.3985 0.646379 76.1715 1.65483
2.29915 -1.39414 0.639066 78.2549 1.65237
2.2992 -1.39165 0.635241 76.7113 1.67556
2.29925 -1.39122 0.632241 77.283 1.69762
2.2993 -1.40117 0.650475 79.9619 1.68922
2.29935 -1.39164 0.632478 73.3931 1.66703
2.2994 -1.39865 0.647693 79.4379 1.63825
2.29945 -1.39554 0.640664 77.8296 1.66417
2.2995 -1.39589 0.641771 78.3736 1.66533
2.29955 -1.39033 0.63003 76.5701 1.65833
2.2996 -1.39281 0.637142 75.7827 1.70387
2.29965 -1.4002 0.650168 79.8125 1.61097
2.2997 -1.39508 0.642184 78.371 1.60738
2.29975 -1.39821 0.648875 79.7594 1.64567
2.2998 -1.39469 0.641974 69.2405 1.64898
2.29985 -1.39344 0.636342 76.7538 1.67633
2.2999 -1.40004 0.647527 74.9265 1.63719
2.29995 -1.39689 0.645114 79.5258 1.65075
