2.15 -1.6116 0.837958 1.52881 1.11297
2.15005 -1.61182 0.837449 78.9326 1.11694
2.1501 -1.60915 0.834005 4.64378 1.13234
2.15015 -1.60897 0.835378 37.1974 1.1265
2.1502 -1.60971 0.83692 107.744 1.11735
2.15025 -1.61011 0.837738 16.2746 1.11432
2.1503 -1.6092 0.837186 30.6336 1.14263
2.15035 -1.60786 0.834202 41.5332 1.14737
2.1504 -1.61103 0.838473 49.3752 1.08803
2.15045 -1.6125 0.839229 1.46242 1.10377
2.1505 -1.61047 0.834837 130.99 1.16791
2.15055 -1.60893 0.833795 128.745 1.14538
2.1506 -1.6116 0.838339 1.51037 1.08645
2.15065 -1.61028 0.837288 107.044 1.11553
2.1507 -1.61087 0.837399 71.3299 1.10942
2.15075 -1.61185 0.838393 45.7434 1.12063
2.1508 -1.61002 0.836994 65.3902 1.14598
2.15085 -1.60831 0.833097 130.948 1.15452
2.1509 -1.61211 0.839208 96.0426 1.08464
2.15095 -1.60657 0.833148 26.5515 1.14634
2.151 -1.60928 0.836178 1.85883 1.13059
2.15105 -1.60954 0.836416 130.565 1.12576
2.1511 -1.6109 0.83716 97.2222 1.11815
2.15115 -1.606 0.831619 122.152 1.15492
2.1512 -1.60645 0.833426 91.1293 1.16089
2.15125 -1.60832 0.83571 15.6414 1.11816
2.1513 -1.61132 0.83859 1.47491 1.08993
2.15135 -1.60651 0.831181 58.6324 1.17933
2.1514 -1.60637 0.832058 81.5886 1.15753
2.15145 -1.60864 0.837443 1.32346 1.09888
2.1515 -1.60943 0.836611 1.50507 1.12405
2.15155 -1.6093 0.836511 57.7962 1.11843
2.1516 -1.60814 0.834563 78.2016 1.12411
2.15165 -1.60868 0.835522 104.239 1.13618
2.1517 -1.60742 0.834029 125.287 1.1318
2.15175 -1.60745 0.833655 127.303 1.15857
2.1518 -1.60913 0.834732 128.048 1.16966
2.15185 -1.61139 0.840268 131.002 1.09198
2.1519 -1.60663 0.833256 97.5601 1.13833
2.15195 -1.60656 0.832892 33.3116 1.1559
2.152 -1.60927 0.836549 19.9324 1.10684
2.15205 -1.608 0.833998 102.974 1.13732
2.1521 -1.61105 0.838737 106.392 1.11825
2.15215 -1.61074 0.83762 124.77 1.10292
2.1522 -1.60625 0.832154 62.9837 1.18262
2.15225 -1.60749 0.834326 103.692 1.14686
2.1523 -1.60696 0.832662 129.971 1.14911
2.15235 -1.60737 0.835448 1.51651 1.1164
2.1524 -1.60922 0.835668 38.3427 1.13187
2.15245 -1.60474 0.832042 102.219 1.18511
2.1525 -1.60647 0.833026 126.385 1.16195
2.15255 -1.60812 0.835448 131.173 1.12978
2.1526 -1.60375 0.828546 129.367 1.19578
2.15265 -1.60579 0.832677 121.219 1.16881
2.1527 -1.60686 0.832856 130.742 1.15261
2.15275 -1.60705 0.831942 129.902 1.16018
2.1528 -1.6049 0.832487 3.23634 1.13939
2.15285 -1.60575 0.832102 107.993 1.17243
2.1529 -1.60648 0.831052 65.0298 1.16583
2.15295 -1.6068 0.834501 30.3943 1.15635
2.153 -1.60807 0.834787 74.383 1.15987
2.15305 -1.60255 0.827577 62.9332 1.19815
2.1531 -1.60674 0.834292 13.6412 1.13842
2.15315 -1.60476 0.830677 76.7946 1.17103
2.1532 -1.60901 0.836651 1.57259 1.11784
2.15325 -1.6076 0.836272 1.34957 1.11584
2.1533 -1.60581 0.833283 1.67145 1.14367
2.15335 -1.60806 0.835634 40.7823 1.11947
2.1534 -1.60695 0.832516 122.411 1.17818
2.15345 -1.60923 0.837716 1.37467 1.0963
2.1535 -1.60636 0.833559 1.70806 1.14125
2.15355 -1.60794 0.836096 96.6432 1.09333
2.1536 -1.60636 0.833833 130.814 1.14079
2.15365 -1.60818 0.837079 52.7324 1.09738
2.1537 -1.60736 0.834285 58.5993 1.14693
2.15375 -1.60927 0.837898 1.47558 1.0939
2.1538 -1.60262 0.829818 117.798 1.16284
2.15385 -1.60512 0.832348 35.2257 1.16332
2.1539 -1.60701 0.834722 130.818 1.13536
2.15395 -1.60331 0.829058 93.704 1.1845
2.154 -1.60452 0.832405 1.64768 1.14836
2.15405 -1.60392 0.831963 62.9919 1.1524
2.1541 -1.606 0.832461 123.096 1.15699
2.15415 -1.60731 0.835811 1.74093 1.13831
2.1542 -1.60876 0.837747 2.64626 1.09309
2.15425 -1.60469 0.831982 128.654 1.1502
2.1543 -1.60559 0.834476 123.25 1.13923
2.15435 -1.60521 0.832448 96.326 1.19525
2.1544 -1.60621 0.83353 123.705 1.12916
2.15445 -1.60382 0.83 59.897 1.18732
2.1545 -1.60629 0.832668 123.551 1.16402
2.15455 -1.60334 0.831086 70.2542 1.15148
2.1546 -1.60755 0.833955 128.783 1.12519
2.15465 -1.60209 0.828119 90.88 1.19194
2.1547 -1.60349 0.830239 107.284 1.16511
2.15475 -1.60404 0.831184 108.665 1.16067
2.1548 -1.60699 0.834672 30.9127 1.13122
2.15485 -1.60521 0.831942 54.8938 1.15376
2.1549 -1.60804 0.835833 96.6401 1.12558
2.15495 -1.60441 0.832525 19.5472 1.13316
2.155 -1.60466 0.831749 130.177 1.15507
2.15505 -1.60498 0.834177 128.946 1.12015
2.1551 -1.6042 0.8283 126.1 1.18526
2.15515 -1.60224 0.829119 102.318 1.1674
2.1552 -1.60332 0.830931 104.134 1.15799
2.15525 -1.60572 0.835282 65.2526 1.10094
2.1553 -1.60649 0.835779 79.2754 1.1281
2.15535 -1.60492 0.833396 1.86004 1.13637
2.1554 -1.60267 0.830811 129.928 1.15526
2.15545 -1.60408 0.830188 124.089 1.17599
2.1555 -1.60147 0.829263 106.3 1.17718
2.15555 -1.60419 0.831614 80.7046 1.15493
2.1556 -1.60595 0.834619 1.74345 1.11811
2.15565 -1.60512 0.833786 116.282 1.14167
2.1557 -1.60332 0.831145 1.76641 1.17896
2.15575 -1.60548 0.833476 130.287 1.12905
2.1558 -1.60687 0.836778 1.31871 1.10209
2.15585 -1.59987 0.828406 125.376 1.14769
2.1559 -1.60238 0.829511 115.31 1.17634
2.15595 -1.59867 0.823059 32.9385 1.23924
2.156 -1.60044 0.828764 125.797 1.19207
2.15605 -1.60053 0.828649 110.556 1.17227
2.1561 -1.60338 0.829352 122.034 1.18676
2.15615 -1.60298 0.831305 127.025 1.14086
2.1562 -1.60277 0.830875 61.2437 1.15872
2.15625 -1.60171 0.830333 65.2788 1.17343
2.1563 -1.6017 0.831193 11.1154 1.15859
2.15635 -1.6003 0.825697 98.8244 1.21482
2.1564 -1.59974 0.825482 124.871 1.21998
2.15645 -1.60653 0.835088 1.65987 1.12961
2.1565 -1.59934 0.825853 126.092 1.18942
2.15655 -1.60193 0.828875 95.2789 1.19502
2.1566 -1.60562 0.835084 78.7499 1.10664
2.15665 -1.60209 0.828076 121.576 1.18863
2.1567 -1.60111 0.829566 43.8186 1.17405
2.15675 -1.60153 0.829057 106.47 1.18192
2.1568 -1.60567 0.835095 72.0079 1.12626
2.15685 -1.60415 0.833561 81.571 1.12569
2.1569 -1.60498 0.833283 97.7948 1.1513
2.15695 -1.60243 0.83173 92.5354 1.16497
2.157 -1.60359 0.833812 109.721 1.11566
2.15705 -1.60194 0.831331 1.71035 1.12709
2.1571 -1.60221 0.830487 92.6443 1.15456
2.15715 -1.60591 0.834518 2.0298 1.12466
2.1572 -1.60131 0.82961 97.9461 1.17074
2.15725 -1.603 0.833029 80.8561 1.13999
2.1573 -1.60348 0.833617 88.6105 1.15096
2.15735 -1.6 0.827373 104.84 1.18464
2.1574 -1.60257 0.830371 33.7541 1.15735
2.15745 -1.60299 0.832292 101.37 1.14991
2.1575 -1.60033 0.827776 125.319 1.16966
2.15755 -1.60321 0.832869 17.5318 1.13765
2.1576 -1.60099 0.830009 68.6443 1.15458
2.15765 -1.60018 0.82946 123.518 1.1534
2.1577 -1.59924 0.82725 108.443 1.17652
2.15775 -1.59923 0.82752 127.547 1.191
2.1578 -1.60168 0.831075 123.31 1.14115
2.15785 -1.60017 0.825248 126.629 1.2031
2.1579 -1.601 0.827273 51.9584 1.19359
2.15795 -1.60127 0.829839 128.274 1.15669
2.158 -1.60155 0.830187 94.327 1.15729
2.15805 -1.59692 0.825863 71.2566 1.19645
2.1581 -1.602 0.831007 116.029 1.14166
2.15815 -1.60526 0.835267 111.664 1.10917
2.1582 -1.59864 0.826951 128.427 1.18462
2.15825 -1.60054 0.830149 3.09452 1.15526
2.1583 -1.60377 0.834224 114.721 1.12027
2.15835 -1.6009 0.831184 38.4205 1.14448
2.1584 -1.59834 0.82796 85.3804 1.17708
2.15845 -1.60009 0.828166 98.1811 1.17217
2.1585 -1.60044 0.830876 111.638 1.13605
2.15855 -1.60167 0.831977 1.69297 1.15073
2.1586 -1.59892 0.825726 114.195 1.23901
2.15865 -1.60249 0.83174 122.781 1.16536
2.1587 -1.59827 0.827315 115.623 1.1812
2.15875 -1.59887 0.827854 116.9 1.17388
2.1588 -1.60189 0.829746 97.7788 1.15824
2.15885 -1.60162 0.831134 129.663 1.14907
2.1589 -1.59689 0.827046 1.7671 1.1707
2.15895 -1.60082 0.829058 126.574 1.16715
2.159 -1.59993 0.829008 129.175 1.18531
2.15905 -1.59813 0.825461 128.507 1.19188
2.1591 -1.5958 0.822473 115.831 1.22543
2.15915 -1.59936 0.82971 65.9414 1.15536
2.1592 -1.59968 0.830545 1.54503 1.13185
2.15925 -1.60036 0.829517 13.8777 1.14839
2.1593 -1.60045 0.831287 1.51782 1.13202
2.15935 -1.59697 0.826149 125.194 1.19975
2.1594 -1.60209 0.831633 125.635 1.1422
2.15945 -1.59653 0.823354 68.5581 1.21276
2.1595 -1.60117 0.829525 128.933 1.15266
2.15955 -1.59848 0.827742 128.585 1.18358
2.1596 -1.59884 0.827692 127.634 1.17772
2.15965 -1.5985 0.828755 1.80649 1.16001
2.1597 -1.59946 0.828668 128.705 1.1737
2.15975 -1.596 0.822363 123.544 1.23179
2.1598 -1.59936 0.830733 92.4079 1.12662
2.15985 -1.59736 0.825709 78.4091 1.21901
2.1599 -1.59673 0.82659 74.9989 1.18555
2.15995 -1.60088 0.831904 1.5346 1.14355
2.16 -1.59733 0.82682 114.828 1.1781
2.16005 -1.59603 0.824247 87.725 1.19474
2.1601 -1.59841 0.828499 2.17345 1.18669
2.16015 -1.59879 0.827695 124.031 1.16634
2.1602 -1.59788 0.827859 77.435 1.16318
2.16025 -1.59694 0.825118 125.72 1.17709
2.1603 -1.60049 0.831709 1.51618 1.13317
2.16035 -1.59985 0.829346 104.405 1.15126
2.1604 -1.59939 0.828205 85.0373 1.17797
2.16045 -1.59576 0.824535 58.6712 1.19741
2.1605 -1.59814 0.827163 120.468 1.19677
2.16055 -1.59806 0.828575 97.2569 1.17073
2.1606 -1.59697 0.826485 121.212 1.18107
2.16065 -1.5972 0.826246 92.5006 1.19175
2.1607 -1.59981 0.830571 1.62307 1.1437
2.16075 -1.59744 0.827618 82.6524 1.17133
2.1608 -1.59676 0.826365 128.053 1.17179
2.16085 -1.5981 0.828451 128.915 1.15032
2.1609 -1.59855 0.829248 122.233 1.1509
2.16095 -1.59487 0.823177 45.9326 1.21527
2.161 -1.60185 0.833754 1.47975 1.13105
2.16105 -1.59686 0.825118 43.9454 1.19697
2.1611 -1.59746 0.827736 55.9841 1.16274
2.16115 -1.5935 0.822752 100.017 1.19065
2.1612 -1.59976 0.830235 1.73424 1.1405
2.16125 -1.592 0.820761 99.6676 1.22482
2.1613 -1.5998 0.831506 1.58834 1.1342
2.16135 -1.59542 0.825369 126.243 1.18364
2.1614 -1.59629 0.827659 119.93 1.15297
2.16145 -1.59655 0.825865 128.268 1.20165
2.1615 -1.59602 0.824313 89.8756 1.21498
2.16155 -1.59961 0.829563 31.5814 1.1486
2.1616 -1.59582 0.8264 97.1514 1.16006
2.16165 -1.59496 0.824206 112.78 1.21867
2.1617 -1.5942 0.825798 114.564 1.15826
2.16175 -1.59575 0.824658 128.028 1.19287
2.1618 -1.59277 0.823367 86.0825 1.19355
2.16185 -1.59849 0.829344 111.234 1.14522
2.1619 -1.59949 0.831767 117.835 1.13939
2.16195 -1.59725 0.827117 36.4838 1.18299
2.162 -1.59723 0.827731 42.4878 1.13936
2.16205 -1.59701 0.828449 78.477 1.1623
2.1621 -1.59427 0.825141 125.836 1.16731
2.16215 -1.59166 0.82137 126.828 1.21198
2.1622 -1.59774 0.830455 116.466 1.14314
2.16225 -1.60039 0.831808 81.7351 1.12144
2.1623 -1.59805 0.828653 113.391 1.16533
2.16235 -1.59565 0.828134 86.1962 1.1584
2.1624 -1.59508 0.825966 71.6703 1.20261
2.16245 -1.59754 0.828348 110.175 1.1515
2.1625 -1.59684 0.825797 116.057 1.20804
2.16255 -1.59654 0.827789 1.70929 1.14919
2.1626 -1.59649 0.827902 126.273 1.16003
2.16265 -1.59582 0.824552 127.95 1.18944
2.1627 -1.59703 0.828275 93.2849 1.1514
2.16275 -1.59518 0.825428 25.8938 1.16518
2.1628 -1.59295 0.822775 125.534 1.2005
2.16285 -1.59949 0.830295 50.49 1.17468
2.1629 -1.59283 0.824888 1.85961 1.1684
2.16295 -1.59423 0.824414 2.39591 1.1993
2.163 -1.59607 0.827312 88.149 1.1686
2.16305 -1.59379 0.823889 85.0408 1.18768
2.1631 -1.59727 0.828266 91.9923 1.16253
2.16315 -1.59451 0.825161 105.755 1.18103
2.1632 -1.59486 0.825746 108.355 1.20692
2.16325 -1.59685 0.827936 61.2714 1.17835
2.1633 -1.5946 0.826651 125.941 1.16501
2.16335 -1.58935 0.816163 52.3206 1.27795
2.1634 -1.59547 0.826766 119.83 1.1623
2.16345 -1.59321 0.821663 31.6093 1.22817
2.1635 -1.59529 0.826262 74.0663 1.16818
2.16355 -1.59654 0.82805 128.061 1.16036
2.1636 -1.59767 0.830791 97.773 1.14547
2.16365 -1.59393 0.822115 106.481 1.20944
2.1637 -1.5983 0.830664 125.645 1.1268
2.16375 -1.59441 0.823046 119.691 1.21196
2.1638 -1.59202 0.822538 126.627 1.19546
2.16385 -1.5968 0.829701 118.48 1.15408
2.1639 -1.59318 0.824898 114.432 1.18026
2.16395 -1.59471 0.825316 120.432 1.17778
2.164 -1.59474 0.826745 94.4174 1.16772
2.16405 -1.59496 0.825079 107.943 1.17233
2.1641 -1.59579 0.828416 124.018 1.15521
2.16415 -1.59429 0.825349 111.901 1.19833
2.1642 -1.59173 0.821544 104.842 1.23254
2.16425 -1.59484 0.825088 127.847 1.17159
2.1643 -1.59527 0.824925 55.1968 1.20425
2.16435 -1.58831 0.81784 119.997 1.24437
2.1644 -1.59314 0.823158 47.0543 1.19915
2.16445 -1.59319 0.825924 82.5903 1.18212
2.1645 -1.59671 0.830698 1.53879 1.14757
2.16455 -1.59625 0.828646 80.1825 1.13459
2.1646 -1.58899 0.819027 115.99 1.24378
2.16465 -1.59246 0.82361 125.049 1.18078
2.1647 -1.59565 0.827007 100.127 1.18654
2.16475 -1.59278 0.823726 122.88 1.19786
2.1648 -1.59422 0.824551 99.5804 1.17538
2.16485 -1.59119 0.82212 126.183 1.20069
2.1649 -1.59649 0.828977 117.1 1.14242
2.16495 -1.59205 0.823395 108.318 1.19227
2.165 -1.59242 0.824162 105.42 1.20162
2.16505 -1.59503 0.828696 13.177 1.13931
2.1651 -1.59137 0.819626 126.617 1.25268
2.16515 -1.59086 0.822291 73.7807 1.2031
2.1652 -1.59243 0.822596 119.832 1.19824
2.16525 -1.5929 0.824273 95.0366 1.17141
2.1653 -1.59123 0.822153 22.8059 1.21426
2.16535 -1.5923 0.82442 1.97847 1.1739
2.1654 -1.59441 0.826874 124.468 1.15627
2.16545 -1.59485 0.824189 126.432 1.21928
2.1655 -1.58969 0.82056 99.3987 1.201
2.16555 -1.59267 0.823499 109.708 1.19809
2.1656 -1.58988 0.818689 123.67 1.24846
2.16565 -1.58877 0.820453 120.519 1.23865
2.1657 -1.59078 0.821245 100.273 1.20802
2.16575 -1.58852 0.817067 98.6127 1.24443
2.1658 -1.5938 0.826132 127.16 1.1757
2.16585 -1.59261 0.823836 119.305 1.16796
2.1659 -1.59076 0.823338 113.029 1.1886
2.16595 -1.59181 0.823304 121.018 1.21599
2.166 -1.59038 0.822161 125.825 1.19687
2.16605 -1.59187 0.824112 69.048 1.21754
2.1661 -1.59277 0.824247 126.647 1.18436
2.16615 -1.58825 0.820651 118.628 1.21003
2.1662 -1.59102 0.82175 126.287 1.20084
2.16625 -1.59047 0.822156 109.791 1.19255
2.1663 -1.59301 0.824658 58.3295 1.18216
2.16635 -1.59103 0.822114 67.8985 1.19854
2.1664 -1.59157 0.822904 123.183 1.18118
2.16645 -1.59172 0.824369 126.484 1.17283
2.1665 -1.58761 0.818193 93.6927 1.22971
2.16655 -1.59082 0.822927 125.266 1.17967
2.1666 -1.59113 0.823502 121.608 1.16867
2.16665 -1.58827 0.818694 117.264 1.24042
2.1667 -1.59186 0.824335 109.197 1.16362
2.16675 -1.5906 0.823606 125.277 1.18504
2.1668 -1.58919 0.819922 66.6787 1.2174
2.16685 -1.58982 0.821232 46.0114 1.21162
2.1669 -1.5897 0.818839 116.551 1.25061
2.16695 -1.58909 0.821125 125.78 1.19712
2.167 -1.58899 0.819036 82.77 1.25302
2.16705 -1.59153 0.822647 126.702 1.20358
2.1671 -1.59249 0.825251 103.598 1.17774
2.16715 -1.58766 0.817826 19.4261 1.22165
2.1672 -1.59122 0.824585 113.136 1.15382
2.16725 -1.59057 0.823401 118.773 1.19291
2.1673 -1.58787 0.819258 63.3093 1.23601
2.16735 -1.59372 0.826582 89.3601 1.13394
2.1674 -1.58836 0.821359 9.39036 1.20409
2.16745 -1.58851 0.820765 88.9459 1.19319
2.1675 -1.58861 0.819674 99.6607 1.22378
2.16755 -1.59006 0.821552 124.076 1.18996
2.1676 -1.58963 0.823193 92.4801 1.16828
2.16765 -1.59081 0.822232 126.478 1.199
2.1677 -1.59136 0.823792 6.39382 1.17825
2.16775 -1.59154 0.824189 121.535 1.18623
2.1678 -1.58711 0.819127 113.555 1.2293
2.16785 -1.5897 0.82272 110.255 1.19134
2.1679 -1.58905 0.822313 122.049 1.1937
2.16795 -1.59159 0.824972 84.4547 1.14996
2.168 -1.58971 0.823304 121.121 1.16507
2.16805 -1.58881 0.820878 2.18034 1.2054
2.1681 -1.59104 0.823937 97.8053 1.17874
2.16815 -1.58725 0.819777 13.692 1.21646
2.1682 -1.589 0.819356 125.525 1.22289
2.16825 -1.59005 0.824417 93.7572 1.17892
2.1683 -1.58703 0.820508 109.992 1.20298
2.16835 -1.58981 0.823141 118.523 1.1912
2.1684 -1.58931 0.82321 113.021 1.18504
2.16845 -1.58719 0.81822 112.453 1.23941
2.1685 -1.58744 0.820084 124.076 1.20498
2.16855 -1.58939 0.822621 87.2716 1.20051
2.1686 -1.59154 0.825136 126.659 1.16233
2.16865 -1.58804 0.819451 112.264 1.22553
2.1687 -1.58922 0.82294 1.76326 1.18698
2.16875 -1.5887 0.822604 124.481 1.17303
2.1688 -1.5872 0.817625 120.072 1.25337
2.16885 -1.58891 0.821495 85.4672 1.18833
2.1689 -1.58827 0.820827 2.13396 1.19663
2.16895 -1.58541 0.816733 107.983 1.24718
2.169 -1.58861 0.820995 120.866 1.20265
2.16905 -1.58829 0.820002 83.8598 1.2109
2.1691 -1.58594 0.81881 110.755 1.2205
2.16915 -1.58744 0.819439 126.065 1.21439
2.1692 -1.58547 0.815465 122.167 1.24634
2.16925 -1.5894 0.823814 70.5722 1.18114
2.1693 -1.58737 0.818483 111.004 1.23209
2.16935 -1.58987 0.822767 113.731 1.17875
2.1694 -1.59155 0.82644 1.68825 1.16168
2.16945 -1.58047 0.807655 117.744 1.33062
2.1695 -1.59068 0.826019 1.5798 1.13229
2.16955 -1.58699 0.818929 125.839 1.234
2.1696 -1.58475 0.815564 121.981 1.2463
2.16965 -1.5896 0.82314 42.9579 1.1949
2.1697 -1.58803 0.820624 108.063 1.2077
2.16975 -1.58969 0.824123 7.41503 1.15853
2.1698 -1.58686 0.820309 124.251 1.21591
2.16985 -1.58521 0.817484 116.851 1.2434
2.1699 -1.58769 0.82272 106.116 1.17725
2.16995 -1.58682 0.819498 124.1 1.2056
2.17 -1.58751 0.820821 124.17 1.18134
2.17005 -1.5865 0.820231 120.866 1.20201
2.1701 -1.5862 0.819732 2.15748 1.20827
2.17015 -1.58563 0.817061 124.553 1.24698
2.1702 -1.58905 0.823457 111.144 1.15764
2.17025 -1.58824 0.820944 123.462 1.19793
2.1703 -1.58543 0.819047 63.1176 1.22272
2.17035 -1.58616 0.820132 1.83708 1.18158
2.1704 -1.58427 0.81647 104.536 1.23359
2.17045 -1.58472 0.815797 123.042 1.25054
2.1705 -1.58219 0.812617 91.5097 1.28559
2.17055 -1.58423 0.817658 2.1116 1.23536
2.1706 -1.58341 0.816505 124.713 1.21158
2.17065 -1.58516 0.817463 74.2024 1.21833
2.1707 -1.58769 0.821259 83.3687 1.18357
2.17075 -1.58585 0.818336 121.259 1.22696
2.1708 -1.5841 0.81669 105.813 1.2364
2.17085 -1.58632 0.819729 82.165 1.23172
2.1709 -1.58221 0.812613 112.933 1.27105
2.17095 -1.5836 0.813729 58.8924 1.25362
2.171 -1.58596 0.821151 115.555 1.18275
2.17105 -1.58421 0.816437 7.30018 1.22612
2.1711 -1.58442 0.817799 120.111 1.21514
2.17115 -1.58332 0.815295 86.8349 1.24913
2.1712 -1.58713 0.820356 122.409 1.18183
2.17125 -1.58525 0.818269 125.134 1.22363
2.1713 -1.58567 0.820116 119.492 1.18124
2.17135 -1.58527 0.81865 64.5752 1.21005
2.1714 -1.58564 0.818792 115.948 1.22408
2.17145 -1.58686 0.82229 1.84643 1.17564
2.1715 -1.58372 0.817415 5.15275 1.2185
2.17155 -1.58323 0.815351 93.8797 1.24599
2.1716 -1.58544 0.820579 78.9534 1.18119
2.17165 -1.58734 0.822886 122.93 1.13202
2.1717 -1.58473 0.819093 53.5868 1.20619
2.17175 -1.58496 0.8185 93.1845 1.18947
2.1718 -1.58589 0.818755 86.0345 1.22555
2.17185 -1.58655 0.820881 1.9516 1.18332
2.1719 -1.58331 0.814992 116.858 1.25955
2.17195 -1.58812 0.821919 33.478 1.17616
2.172 -1.5831 0.81654 84.2861 1.22415
2.17205 -1.58714 0.82139 99.9524 1.2016
2.1721 -1.58303 0.814443 119.93 1.25157
2.17215 -1.58451 0.817612 72.5145 1.2401
2.1722 -1.58209 0.814811 124.62 1.24768
2.17225 -1.58207 0.812534 115.522 1.26881
2.1723 -1.5857 0.821492 59.2756 1.18422
2.17235 -1.58501 0.818068 97.2973 1.20932
2.1724 -1.58457 0.818082 63.4049 1.22901
2.17245 -1.58065 0.812104 36.9168 1.27875
2.1725 -1.58503 0.818434 93.6831 1.22595
2.17255 -1.58488 0.819094 4.33804 1.21144
2.1726 -1.58181 0.817027 113.607 1.21294
2.17265 -1.57919 0.812414 123.645 1.27202
2.1727 -1.58315 0.814235 83.4064 1.26292
2.17275 -1.58465 0.820578 71.1096 1.20189
2.1728 -1.58572 0.819361 100.772 1.21652
2.17285 -1.58196 0.815196 57.9948 1.23459
2.1729 -1.5842 0.816358 122.35 1.23767
2.17295 -1.58197 0.815045 121.913 1.23312
2.173 -1.58302 0.814906 97.8569 1.24632
2.17305 -1.58593 0.819445 125.756 1.20538
2.1731 -1.58018 0.811842 123.104 1.26963
2.17315 -1.58481 0.820398 33.1314 1.18653
2.1732 -1.58017 0.810899 103.772 1.27059
2.17325 -1.58364 0.819122 116.909 1.1989
2.1733 -1.58137 0.814428 46.1773 1.22384
2.17335 -1.57979 0.810438 108.497 1.26631
2.1734 -1.58364 0.818416 70.1717 1.21267
2.17345 -1.58562 0.821762 124.305 1.20269
2.1735 -1.58384 0.819437 121.688 1.19792
2.17355 -1.5809 0.814884 123.813 1.22612
2.1736 -1.58412 0.819136 22.2244 1.22704
2.17365 -1.58298 0.817488 48.8687 1.21772
2.1737 -1.58061 0.813783 82.2211 1.26125
2.17375 -1.58331 0.81776 57.9563 1.22692
2.1738 -1.57676 0.808949 85.918 1.28447
2.17385 -1.5799 0.811364 120.771 1.25465
2.1739 -1.58135 0.817231 10.2253 1.18892
2.17395 -1.58197 0.816369 120.399 1.21492
2.174 -1.58415 0.818826 113.316 1.20141
2.17405 -1.58484 0.820667 33.446 1.19111
2.1741 -1.58035 0.815821 122.636 1.2091
2.17415 -1.58095 0.815507 32.9043 1.25912
2.1742 -1.57987 0.814415 113.8 1.24316
2.17425 -1.57688 0.810023 107.533 1.27436
2.1743 -1.58197 0.817915 111.244 1.18298
2.17435 -1.58114 0.816339 118.243 1.21589
2.1744 -1.58403 0.819609 1.9655 1.1801
2.17445 -1.57981 0.813532 91.7602 1.25483
2.1745 -1.57863 0.813527 55.7562 1.24617
2.17455 -1.58686 0.822218 126.266 1.17462
2.1746 -1.57967 0.813535 121.755 1.25116
2.17465 -1.57949 0.811001 119.084 1.28818
2.1747 -1.57654 0.808527 119.907 1.26195
2.17475 -1.57812 0.812094 123.661 1.25474
2.1748 -1.57935 0.815064 97.2579 1.22796
2.17485 -1.57842 0.811444 100.412 1.27038
2.1749 -1.58451 0.818962 125.461 1.2195
2.17495 -1.5828 0.818918 105.263 1.20164
2.175 -1.5794 0.814645 124.271 1.23168
2.17505 -1.58562 0.823612 1.62209 1.15443
2.1751 -1.58092 0.814557 122.052 1.22519
2.17515 -1.57529 0.809279 6.38211 1.26644
2.1752 -1.58347 0.818834 94.4395 1.20724
2.17525 -1.58326 0.819171 1.84414 1.18277
2.1753 -1.58161 0.817264 122.916 1.20915
2.17535 -1.57852 0.809573 112.492 1.29416
2.1754 -1.57962 0.813188 120.366 1.23277
2.17545 -1.57862 0.812275 106.466 1.24796
2.1755 -1.58153 0.817894 113.999 1.19055
2.17555 -1.57938 0.814289 100.36 1.21752
2.1756 -1.58444 0.819921 65.9573 1.18894
2.17565 -1.57928 0.813056 100.866 1.24444
2.1757 -1.5785 0.814126 124.064 1.22622
2.17575 -1.57847 0.812977 122.298 1.24009
2.1758 -1.58147 0.817012 116.895 1.19474
2.17585 -1.57867 0.812569 121.665 1.24237
2.1759 -1.58035 0.816608 103.134 1.22916
2.17595 -1.57903 0.813585 122.055 1.227
2.176 -1.57779 0.812109 118.806 1.27507
2.17605 -1.57713 0.811257 119.791 1.28079
2.1761 -1.57982 0.814305 20.3157 1.24212
2.17615 -1.58322 0.81882 75.1907 1.22229
2.1762 -1.57888 0.813542 123.076 1.23911
2.17625 -1.57872 0.816224 2.1952 1.19544
2.1763 -1.57733 0.811041 86.1292 1.25992
2.17635 -1.57598 0.80966 117.584 1.26474
2.1764 -1.57525 0.809943 117.252 1.27073
2.17645 -1.57562 0.811237 57.0144 1.25073
2.1765 -1.5761 0.809263 79.8076 1.2603
2.17655 -1.57844 0.812092 116.411 1.24357
2.1766 -1.58125 0.81688 110.734 1.20593
2.17665 -1.57703 0.811465 117.056 1.26745
2.1767 -1.57682 0.811858 120.014 1.21919
2.17675 -1.5753 0.811491 123.268 1.24199
2.1768 -1.57835 0.812675 123.602 1.24156
2.17685 -1.57824 0.811528 64.3982 1.25049
2.1769 -1.57432 0.807443 122.255 1.29704
2.17695 -1.57682 0.812585 115.585 1.25839
2.177 -1.57632 0.810741 85.9761 1.26363
2.17705 -1.57862 0.814684 106.2 1.23447
2.1771 -1.57652 0.810475 117.954 1.28842
2.17715 -1.57807 0.813176 83.2168 1.23291
2.1772 -1.5765 0.812544 123.478 1.22728
2.17725 -1.5782 0.814724 100.771 1.21288
2.1773 -1.57857 0.813059 67.8163 1.23575
2.17735 -1.57952 0.814663 65.0841 1.22886
2.1774 -1.57576 0.810858 64.0988 1.24717
2.17745 -1.5783 0.814199 122.619 1.23314
2.1775 -1.57802 0.815301 1.93073 1.21539
2.17755 -1.57876 0.813944 120.333 1.23169
2.1776 -1.57875 0.813205 123.742 1.24811
2.17765 -1.57557 0.810796 121.902 1.22587
2.1777 -1.58243 0.818827 122.919 1.19001
2.17775 -1.57576 0.809623 120.567 1.28511
2.1778 -1.57601 0.809779 123.074 1.27613
2.17785 -1.56959 0.80298 94.2386 1.33359
2.1779 -1.57541 0.811397 116.065 1.27128
2.17795 -1.57515 0.809517 7.32213 1.26776
2.178 -1.57354 0.804535 79.7472 1.32025
2.17805 -1.58194 0.820618 24.6374 1.19603
2.1781 -1.57973 0.817548 117.646 1.19053
2.17815 -1.58115 0.819004 101.58 1.18127
2.1782 -1.57838 0.812911 97.7325 1.2567
2.17825 -1.57837 0.815411 122.537 1.20663
2.1783 -1.57901 0.815478 120.737 1.20993
2.17835 -1.5753 0.811543 56.5251 1.25374
2.1784 -1.57294 0.805487 116.264 1.30002
2.17845 -1.57317 0.807064 84.9465 1.27511
2.1785 -1.57709 0.813755 104.626 1.22985
2.17855 -1.57573 0.80944 122.49 1.26586
2.1786 -1.575 0.811206 44.9957 1.21136
2.17865 -1.57125 0.805302 110.025 1.28867
2.1787 -1.57525 0.811641 2.2429 1.24784
2.17875 -1.57745 0.812522 70.087 1.22845
2.1788 -1.57058 0.803092 76.2812 1.35141
2.17885 -1.57658 0.813523 114.492 1.24405
2.1789 -1.57547 0.809841 49.0012 1.26434
2.17895 -1.57435 0.809868 122.8 1.25513
2.179 -1.57413 0.809429 105.244 1.25253
2.17905 -1.57708 0.816137 60.3129 1.18716
2.1791 -1.57515 0.810647 108.728 1.25519
2.17915 -1.5765 0.812856 50.9229 1.23947
2.1792 -1.57965 0.816934 39.6381 1.19127
2.17925 -1.58273 0.821621 28.9547 1.16665
2.1793 -1.57334 0.808006 117.96 1.29435
2.17935 -1.57477 0.809766 37.7803 1.26426
2.1794 -1.5745 0.810383 35.4781 1.23572
2.17945 -1.57598 0.810172 97.4824 1.25079
2.1795 -1.57733 0.811767 109.163 1.27261
2.17955 -1.57629 0.813026 2.45976 1.23262
2.1796 -1.57492 0.811369 57.2688 1.22387
2.17965 -1.57831 0.815582 120.854 1.22141
2.1797 -1.57493 0.811582 122.7 1.23222
2.17975 -1.57508 0.812917 119.76 1.20867
2.1798 -1.57471 0.811896 46.8195 1.21951
2.17985 -1.57485 0.809265 117.434 1.2555
2.1799 -1.57452 0.810362 119.019 1.26669
2.17995 -1.57209 0.807346 108.66 1.2786
2.18 -1.57489 0.812623 114.434 1.22835
2.18005 -1.5722 0.806339 100.506 1.29774
2.1801 -1.57622 0.812763 22.4427 1.22704
2.18015 -1.57529 0.810493 122.721 1.2651
2.1802 -1.57704 0.814138 106.526 1.2394
2.18025 -1.57507 0.809287 114.547 1.25889
2.1803 -1.57723 0.815315 1.91141 1.19705
2.18035 -1.57267 0.809183 121.134 1.24545
2.1804 -1.5751 0.810624 89.5735 1.24133
2.18045 -1.57365 0.808192 103.621 1.25798
2.1805 -1.57554 0.81378 121.969 1.20282
2.18055 -1.57514 0.813332 102.02 1.2267
2.1806 -1.57152 0.80464 111.884 1.30945
2.18065 -1.57654 0.816772 1.79224 1.1862
2.1807 -1.56934 0.805019 116.636 1.28787
2.18075 -1.57411 0.809186 22.9889 1.27734
2.1808 -1.57448 0.813883 64.7234 1.21552
2.18085 -1.57248 0.807755 111.081 1.26777
2.1809 -1.57596 0.813914 106.042 1.22129
2.18095 -1.57162 0.805263 43.555 1.32001
2.181 -1.57478 0.810178 118.074 1.25419
2.18105 -1.57379 0.8117 14.0807 1.22924
2.1811 -1.56936 0.803889 91.7606 1.28049
2.18115 -1.57298 0.809812 110.516 1.25165
2.1812 -1.57369 0.811829 83.1921 1.21984
2.18125 -1.57067 0.805611 110.918 1.2951
2.1813 -1.57165 0.807197 105.181 1.27445
2.18135 -1.57273 0.809187 98.5951 1.27124
2.1814 -1.57725 0.814908 64.3214 1.21412
2.18145 -1.5703 0.808048 74.1355 1.2428
2.1815 -1.57554 0.814131 122.38 1.23586
2.18155 -1.56993 0.805402 118.662 1.29204
2.1816 -1.57394 0.812488 115.857 1.22734
2.18165 -1.57246 0.811157 122.013 1.23066
2.1817 -1.57232 0.809954 122.261 1.23591
2.18175 -1.57396 0.811399 95.1866 1.22804
2.1818 -1.57179 0.810613 99.4547 1.23909
2.18185 -1.57383 0.808183 102.851 1.28526
2.1819 -1.57211 0.806124 117.404 1.29677
2.18195 -1.5752 0.814598 86.1612 1.21556
2.182 -1.57278 0.811178 115.583 1.22918
2.18205 -1.57402 0.811979 76.6202 1.22996
2.1821 -1.57232 0.807204 98.1803 1.26852
2.18215 -1.5742 0.811218 119.893 1.22795
2.1822 -1.57548 0.81432 76.0246 1.19204
2.18225 -1.56809 0.802546 98.8475 1.31969
2.1823 -1.57348 0.81075 120.406 1.22289
2.18235 -1.56982 0.805369 118.527 1.28852
2.1824 -1.56792 0.801984 106.473 1.32394
2.18245 -1.56996 0.806248 94.6597 1.28564
2.1825 -1.5698 0.805135 66.6442 1.27434
2.18255 -1.57476 0.812904 117.814 1.21616
2.1826 -1.56964 0.804484 96.808 1.30134
2.18265 -1.56728 0.798531 114.417 1.37051
2.1827 -1.56945 0.803721 121.286 1.28893
2.18275 -1.57323 0.811122 110.29 1.23031
2.1828 -1.57547 0.814331 66.7076 1.21727
2.18285 -1.56759 0.800833 73.3614 1.33196
2.1829 -1.56786 0.803965 100.349 1.29107
2.18295 -1.57073 0.80733 94.6334 1.27948
2.183 -1.57317 0.812718 122.452 1.22867
2.18305 -1.56988 0.806518 94.4538 1.27223
2.1831 -1.57246 0.811229 95.2883 1.23972
2.18315 -1.57122 0.808456 2.57869 1.26997
2.1832 -1.57248 0.810593 40.9943 1.23423
2.18325 -1.57087 0.806768 114.048 1.26327
2.1833 -1.57466 0.812986 46.2172 1.21347
2.18335 -1.57351 0.811958 62.4913 1.21486
2.1834 -1.56875 0.803641 113.347 1.29695
2.18345 -1.57157 0.807439 2.79607 1.26532
2.1835 -1.56987 0.806144 109.914 1.2825
2.18355 -1.57048 0.806556 96.2097 1.27971
2.1836 -1.57051 0.806482 120.019 1.28259
2.18365 -1.57221 0.810053 86.5854 1.26394
2.1837 -1.57394 0.814812 105.191 1.17474
2.18375 -1.56672 0.801971 120.666 1.3049
2.1838 -1.57037 0.807073 121.868 1.29149
2.18385 -1.57295 0.812414 122.751 1.20964
2.1839 -1.56697 0.800542 120.121 1.33105
2.18395 -1.56475 0.800473 112.938 1.31191
2.184 -1.57046 0.808497 39.873 1.28242
2.18405 -1.56939 0.807191 22.719 1.2517
2.1841 -1.5681 0.805492 117.377 1.26835
2.18415 -1.56154 0.794721 88.7047 1.36838
2.1842 -1.56863 0.80621 113.312 1.27026
2.18425 -1.56563 0.801282 107.483 1.28796
2.1843 -1.5707 0.806747 118.846 1.25005
2.18435 -1.5701 0.808103 120.212 1.26697
2.1844 -1.56775 0.806468 105.766 1.25321
2.18445 -1.56915 0.806284 8.84821 1.2583
2.1845 -1.56612 0.80368 95.0008 1.2857
2.18455 -1.56542 0.802085 87.4094 1.29606
2.1846 -1.57025 0.805984 120.783 1.28836
2.18465 -1.56538 0.802411 109.355 1.30471
2.1847 -1.57068 0.811203 88.8178 1.21087
2.18475 -1.56488 0.800085 105.042 1.32167
2.1848 -1.5699 0.806767 90.7898 1.28393
2.18485 -1.56722 0.803921 46.6959 1.30913
2.1849 -1.56382 0.799875 86.8453 1.31546
2.18495 -1.57151 0.809821 97.7888 1.24697
2.185 -1.56779 0.805932 101.89 1.26217
2.18505 -1.56896 0.807873 121.504 1.25476
2.1851 -1.56534 0.800955 114.947 1.32694
2.18515 -1.56603 0.803088 118.62 1.28602
2.1852 -1.56732 0.80493 94.5151 1.29194
2.18525 -1.57026 0.808951 70.2617 1.23032
2.1853 -1.56793 0.80571 98.6447 1.2501
2.18535 -1.56801 0.807612 37.5796 1.26972
2.1854 -1.56552 0.80288 86.6603 1.286
2.18545 -1.56691 0.804107 72.6959 1.26639
2.1855 -1.56468 0.800579 103.313 1.30564
2.18555 -1.57088 0.809673 80.4893 1.26224
2.1856 -1.5661 0.802763 102.231 1.29441
2.18565 -1.56488 0.802495 119.292 1.27748
2.1857 -1.56774 0.806 120.801 1.24948
2.18575 -1.56638 0.801453 112.621 1.31142
2.1858 -1.56825 0.804051 120.93 1.30055
2.18585 -1.57063 0.810074 91.3486 1.23796
2.1859 -1.56667 0.804498 108.012 1.28662
2.18595 -1.56821 0.805927 86.5332 1.27176
2.186 -1.56596 0.802237 95.6049 1.29266
2.18605 -1.56699 0.806992 95.5558 1.23861
2.1861 -1.56689 0.803632 78.1592 1.28638
2.18615 -1.56302 0.79853 103.862 1.31434
2.1862 -1.56746 0.805988 116.791 1.2788
2.18625 -1.56771 0.806324 104.048 1.24307
2.1863 -1.56792 0.808187 101.928 1.23007
2.18635 -1.56973 0.809254 4.4863 1.22444
2.1864 -1.56627 0.804223 112.53 1.27349
2.18645 -1.56798 0.80709 109.317 1.25039
2.1865 -1.56891 0.808769 71.4141 1.23797
2.18655 -1.564 0.801047 119.072 1.31441
2.1866 -1.5671 0.80485 120.105 1.29206
2.18665 -1.57031 0.81172 103.847 1.20713
2.1867 -1.57011 0.809647 105.206 1.23521
2.18675 -1.56618 0.803936 113.285 1.28806
2.1868 -1.56748 0.806531 119.815 1.24924
2.18685 -1.56164 0.799605 102.082 1.27824
2.1869 -1.55886 0.791591 97.8863 1.37731
2.18695 -1.56612 0.805243 52.3559 1.26658
2.187 -1.56564 0.804193 120.683 1.27227
2.18705 -1.56661 0.803032 96.9025 1.29057
2.1871 -1.56385 0.801591 100.285 1.27978
2.18715 -1.56578 0.8055 40.6351 1.24905
2.1872 -1.56417 0.801821 94.6765 1.27938
2.18725 -1.55988 0.794005 118.578 1.35138
2.1873 -1.56364 0.799813 119.98 1.31409
2.18735 -1.56246 0.798395 113.073 1.3206
2.1874 -1.56278 0.80218 45.9869 1.28962
2.18745 -1.56483 0.802268 119.426 1.29963
2.1875 -1.56693 0.805219 114.457 1.28143
2.18755 -1.56067 0.798222 118.308 1.35548
2.1876 -1.56483 0.80497 35.697 1.27555
2.18765 -1.5672 0.805116 102.075 1.30528
2.1877 -1.56295 0.799575 88.8024 1.29399
2.18775 -1.56393 0.803073 110.307 1.27929
2.1878 -1.56177 0.799412 56.5243 1.29316
2.18785 -1.56546 0.805 40.4586 1.26278
2.1879 -1.56638 0.806494 75.7784 1.25216
2.18795 -1.56378 0.803841 54.7958 1.23233
2.188 -1.56557 0.805515 120.218 1.25799
2.18805 -1.56425 0.801272 79.3113 1.28752
2.1881 -1.56473 0.804144 120.748 1.27054
2.18815 -1.56124 0.797743 69.6342 1.33206
2.1882 -1.56512 0.805317 82.9883 1.25865
2.18825 -1.563 0.800887 62.7138 1.29643
2.1883 -1.56568 0.803368 100.876 1.2618
2.18835 -1.56062 0.797083 118.533 1.33429
2.1884 -1.56221 0.801816 113.644 1.26387
2.18845 -1.56215 0.799581 116.67 1.31631
2.1885 -1.56535 0.803736 99.3824 1.30485
2.18855 -1.56413 0.801184 23.5046 1.30246
2.1886 -1.56567 0.805045 74.3875 1.28554
2.18865 -1.56311 0.799917 118.072 1.31733
2.1887 -1.5594 0.794373 94.2368 1.3527
2.18875 -1.56301 0.800389 53.1928 1.31382
2.1888 -1.56305 0.801966 113.134 1.29881
2.18885 -1.56444 0.801724 116.815 1.2814
2.1889 -1.56307 0.801341 101.822 1.29535
2.18895 -1.55864 0.795289 82.9083 1.32589
2.189 -1.5609 0.800712 107.568 1.30516
2.18905 -1.56156 0.801004 98.5483 1.27308
2.1891 -1.56179 0.800959 118.433 1.28173
2.18915 -1.5632 0.803302 30.0706 1.26004
2.1892 -1.56088 0.798003 81.1886 1.32618
2.18925 -1.56564 0.806521 94.8286 1.23727
2.1893 -1.5643 0.803075 56.2949 1.26549
2.18935 -1.56131 0.800225 109.881 1.30029
2.1894 -1.56308 0.802466 119.552 1.28569
2.18945 -1.56402 0.801931 56.8657 1.30859
2.1895 -1.55986 0.797739 32.3092 1.30342
2.18955 -1.55979 0.796341 90.6137 1.31521
2.1896 -1.55954 0.798309 104.674 1.31759
2.18965 -1.55993 0.7982 109.461 1.31138
2.1897 -1.56353 0.805237 80.6129 1.2389
2.18975 -1.56207 0.799738 113.203 1.28914
2.1898 -1.5573 0.793338 95.8754 1.33428
2.18985 -1.56148 0.800644 108.161 1.28828
2.1899 -1.56102 0.799215 117.443 1.31275
2.18995 -1.5617 0.799695 108.38 1.28375
2.19 -1.56142 0.799913 115.505 1.29098
2.19005 -1.56067 0.797366 66.54 1.29655
2.1901 -1.56553 0.805259 7.65635 1.26636
2.19015 -1.56093 0.799125 105.607 1.29047
2.1902 -1.56006 0.797838 114.041 1.33639
2.19025 -1.56299 0.801784 63.7235 1.32209
2.1903 -1.56189 0.801643 80.0722 1.30367
2.19035 -1.56392 0.806197 91.859 1.23588
2.1904 -1.55969 0.796451 118.047 1.33918
2.19045 -1.5617 0.801144 91.9498 1.29087
2.1905 -1.56225 0.802193 44.9877 1.29541
2.19055 -1.56157 0.799234 22.0074 1.33037
2.1906 -1.5565 0.792269 109.136 1.39504
2.19065 -1.5581 0.796124 99.9807 1.32196
2.1907 -1.56384 0.803287 112.289 1.27674
2.19075 -1.56056 0.800538 87.7463 1.27994
2.1908 -1.56161 0.801022 96.7652 1.30041
2.19085 -1.55669 0.794636 102.937 1.33578
2.1909 -1.55663 0.793705 114.229 1.33608
2.19095 -1.55525 0.791569 117.593 1.35226
2.191 -1.5586 0.796869 99.41 1.31618
2.19105 -1.55969 0.799089 110.298 1.31128
2.1911 -1.56249 0.80097 117.803 1.33429
2.19115 -1.55708 0.79629 78.6309 1.33142
2.1912 -1.55602 0.791307 116.77 1.35679
2.19125 -1.5585 0.795975 118.572 1.33587
2.1913 -1.56022 0.801953 115.568 1.27813
2.19135 -1.56407 0.804845 111.5 1.24729
2.1914 -1.56121 0.801451 90.3142 1.285
2.19145 -1.56477 0.805669 91.0177 1.2541
2.1915 -1.55849 0.796356 116.533 1.33297
2.19155 -1.55839 0.798975 114.533 1.29111
2.1916 -1.55701 0.794253 117.274 1.33758
2.19165 -1.5604 0.802911 118.082 1.24284
2.1917 -1.55909 0.798195 75.331 1.31663
2.19175 -1.56133 0.800735 63.9804 1.29508
2.1918 -1.55736 0.798547 2.55338 1.29814
2.19185 -1.55917 0.798219 71.3399 1.30471
2.1919 -1.55702 0.79751 74.5532 1.29232
2.19195 -1.55718 0.796751 70.9871 1.32642
2.192 -1.55597 0.791799 114.056 1.35921
2.19205 -1.56092 0.802281 111.9 1.26937
2.1921 -1.55712 0.795791 112.883 1.30224
2.19215 -1.55606 0.794624 76.785 1.31535
2.1922 -1.55606 0.794296 77.244 1.31891
2.19225 -1.55542 0.794834 40.1863 1.32185
2.1923 -1.56 0.800199 101.363 1.28526
2.19235 -1.5568 0.794828 116.643 1.33698
2.1924 -1.56199 0.802161 96.7996 1.28101
2.19245 -1.55548 0.7929 115.686 1.34722
2.1925 -1.55541 0.791706 114.229 1.36718
2.19255 -1.55615 0.794171 118.093 1.33029
2.1926 -1.55922 0.800198 10.1663 1.26721
2.19265 -1.55577 0.793444 117.955 1.34668
2.1927 -1.55689 0.795021 93.527 1.34873
2.19275 -1.5559 0.794465 111.838 1.33997
2.1928 -1.55591 0.795852 117.948 1.33541
2.19285 -1.55938 0.799703 107.226 1.29732
2.1929 -1.55566 0.79367 115.053 1.33505
2.19295 -1.55543 0.792772 107.278 1.35092
2.193 -1.55945 0.799997 114.474 1.29396
2.19305 -1.55442 0.792175 110.516 1.3405
2.1931 -1.55415 0.791599 54.8 1.35146
2.19315 -1.56106 0.802156 115.646 1.24846
2.1932 -1.55219 0.786689 116.556 1.38305
2.19325 -1.55547 0.795258 118.149 1.32978
2.1933 -1.5562 0.796624 118.421 1.32025
2.19335 -1.55764 0.796159 65.6329 1.31107
2.1934 -1.55626 0.794554 115.746 1.35557
2.19345 -1.55574 0.794164 114.825 1.33063
2.1935 -1.55648 0.795516 103.245 1.32176
2.19355 -1.55851 0.800706 112.928 1.29451
2.1936 -1.55943 0.800212 72.0147 1.28199
2.19365 -1.55617 0.796086 113.764 1.29239
2.1937 -1.55728 0.796827 101.875 1.29916
2.19375 -1.55937 0.801757 119.554 1.24438
2.1938 -1.5569 0.797504 83.2531 1.28336
2.19385 -1.554 0.79396 111.688 1.35023
2.1939 -1.55934 0.800503 118.395 1.27438
2.19395 -1.56013 0.80337 119.066 1.25351
2.194 -1.55983 0.802759 98.8814 1.25571
2.19405 -1.5558 0.797167 110.318 1.29269
2.1941 -1.55395 0.794068 107.965 1.32328
2.19415 -1.55402 0.791356 100.892 1.36041
2.1942 -1.55904 0.79929 7.5515 1.31268
2.19425 -1.55604 0.795947 71.2141 1.31915
2.1943 -1.55772 0.798403 116.963 1.2668
2.19435 -1.5537 0.792963 105.628 1.33395
2.1944 -1.55104 0.78875 68.5727 1.34901
2.19445 -1.55196 0.792481 95.3415 1.35461
2.1945 -1.54989 0.787227 102.628 1.39378
2.19455 -1.55666 0.798543 117.394 1.28606
2.1946 -1.54781 0.783862 115.351 1.41756
2.19465 -1.55583 0.796325 84.9195 1.31698
2.1947 -1.5515 0.793032 84.5192 1.32689
2.19475 -1.55636 0.795783 112.154 1.32582
2.1948 -1.5551 0.79722 23.3929 1.30489
2.19485 -1.55564 0.795098 112.349 1.30799
2.1949 -1.55683 0.797999 117.694 1.29331
2.19495 -1.55831 0.798916 113.227 1.30289
2.195 -1.55152 0.792336 113.228 1.35003
2.19505 -1.5501 0.78835 104.615 1.36833
2.1951 -1.5542 0.794189 83.6503 1.31746
2.19515 -1.55797 0.797652 115.817 1.31019
2.1952 -1.5588 0.799439 113.018 1.29597
2.19525 -1.55087 0.790095 37.7847 1.34632
2.1953 -1.54947 0.787018 107.881 1.37986
2.19535 -1.55829 0.801214 62.9594 1.26511
2.1954 -1.55082 0.789549 116.108 1.35546
2.19545 -1.5511 0.788984 81.6015 1.38649
2.1955 -1.55459 0.796435 116.541 1.30472
2.19555 -1.55295 0.792984 112.908 1.32539
2.1956 -1.55706 0.797918 84.2453 1.2969
2.19565 -1.55588 0.797187 71.1104 1.28681
2.1957 -1.5545 0.795394 88.0003 1.32294
2.19575 -1.55364 0.795693 107.305 1.3095
2.1958 -1.55283 0.793523 103.846 1.32809
2.19585 -1.55578 0.798854 116.612 1.25089
2.1959 -1.55251 0.790514 111.387 1.36034
2.19595 -1.55069 0.79218 90.9027 1.34285
2.196 -1.55363 0.795498 114.603 1.32085
2.19605 -1.55392 0.794812 105.742 1.33227
2.1961 -1.55642 0.797033 118.527 1.33376
2.19615 -1.55325 0.794651 77.7087 1.31676
2.1962 -1.54732 0.785092 111.966 1.37929
2.19625 -1.55289 0.795112 80.0311 1.33419
2.1963 -1.55555 0.798687 56.935 1.2802
2.19635 -1.55295 0.794365 35.7243 1.33032
2.1964 -1.55195 0.791331 111.017 1.34167
2.19645 -1.55109 0.792383 57.8113 1.33592
2.1965 -1.5533 0.793212 28.5539 1.31644
2.19655 -1.55355 0.796356 96.0162 1.28447
2.1966 -1.55445 0.796543 118.23 1.29777
2.19665 -1.55216 0.792735 62.5244 1.31165
2.1967 -1.55129 0.792872 96.6534 1.31876
2.19675 -1.5539 0.796131 110.399 1.30317
2.1968 -1.54956 0.788796 110.555 1.36656
2.19685 -1.5523 0.796817 115.934 1.27783
2.1969 -1.55355 0.797389 90.8996 1.29038
2.19695 -1.55397 0.79544 88.5705 1.31212
2.197 -1.55349 0.794517 87.2733 1.31797
2.19705 -1.55149 0.789674 95.2872 1.35066
2.1971 -1.55563 0.795222 117.215 1.30519
2.19715 -1.54682 0.784507 104.962 1.40259
2.1972 -1.55304 0.795404 103.81 1.31744
2.19725 -1.55466 0.79903 110.015 1.27304
2.1973 -1.54944 0.789433 115.503 1.35813
2.19735 -1.55091 0.791642 105.369 1.35079
2.1974 -1.54881 0.787673 94.6333 1.37224
2.19745 -1.5535 0.795759 107.627 1.30507
2.1975 -1.54801 0.78447 101.559 1.3801
2.19755 -1.55555 0.800238 116.794 1.27903
2.1976 -1.55778 0.801421 72.8561 1.24708
2.19765 -1.55433 0.798835 113.09 1.27371
2.1977 -1.54851 0.786203 112.082 1.36813
2.19775 -1.55182 0.792499 115.793 1.33536
2.1978 -1.55141 0.792847 103.968 1.31372
2.19785 -1.54955 0.789739 115.17 1.32462
2.1979 -1.54749 0.787544 88.1398 1.38354
2.19795 -1.54725 0.78765 115.438 1.36237
2.198 -1.55424 0.798557 45.0548 1.27184
2.19805 -1.5514 0.791606 101.251 1.3045
2.1981 -1.54983 0.790098 95.2218 1.34258
2.19815 -1.54514 0.783722 83.3473 1.38724
2.1982 -1.54863 0.790583 104.346 1.3223
2.19825 -1.54628 0.783301 111.318 1.39924
2.1983 -1.54637 0.781896 114.383 1.43292
2.19835 -1.54525 0.781867 111.34 1.41507
2.1984 -1.55076 0.790885 116.322 1.34323
2.19845 -1.54843 0.788037 101.035 1.34383
2.1985 -1.54567 0.786947 75.0545 1.37258
2.19855 -1.54796 0.790944 72.1781 1.29492
2.1986 -1.55161 0.794766 102.109 1.2973
2.19865 -1.54892 0.790095 92.8873 1.34516
2.1987 -1.54501 0.78157 99.8948 1.41159
2.19875 -1.5516 0.795348 39.0197 1.32531
2.1988 -1.55143 0.792817 115.048 1.34046
2.19885 -1.54421 0.781393 113.305 1.41627
2.1989 -1.55261 0.794828 117.466 1.30688
2.19895 -1.55466 0.797849 115.357 1.2836
2.199 -1.55223 0.794029 114.236 1.3172
2.19905 -1.5515 0.794606 96.5132 1.30265
2.1991 -1.54327 0.780266 85.4612 1.42673
2.19915 -1.55294 0.792568 96.9136 1.32063
2.1992 -1.54982 0.790135 115.499 1.36312
2.19925 -1.55225 0.794003 106.822 1.30737
2.1993 -1.5498 0.791695 93.0668 1.3291
2.19935 -1.54703 0.786654 115.768 1.37084
2.1994 -1.55251 0.797276 109.362 1.29088
2.19945 -1.55117 0.794999 86.237 1.31591
2.1995 -1.54989 0.79159 112.681 1.33129
2.19955 -1.5469 0.786397 100.533 1.38031
2.1996 -1.55054 0.794808 115.77 1.29818
2.19965 -1.54341 0.781532 105.889 1.38862
2.1997 -1.54907 0.790993 110.668 1.34064
2.19975 -1.54891 0.789153 110.745 1.35728
2.1998 -1.5484 0.790225 94.8342 1.30515
2.19985 -1.54561 0.785887 108.921 1.35244
2.1999 -1.54488 0.785525 65.4021 1.36857
2.19995 -1.53996 0.774709 112.797 1.47551
