2 -1.75336 0.913329 0.425654 0.720674
2.01 -1.75051 0.915197 0.314637 0.684582
2.02 -1.73979 0.909367 0.35141 0.721392
2.03 -1.73572 0.908034 0.343107 0.691463
2.04 -1.72501 0.9031 0.373057 0.695584
2.05 -1.71687 0.899139 0.438823 0.746835
2.06 -1.70147 0.888311 0.625823 0.822287
2.07 -1.69356 0.886092 0.555233 0.798682
2.08 -1.6814 0.875117 1.31865 0.932136
2.09 -1.66933 0.868483 1.1534 0.941138
2.1 -1.66303 0.866045 1.06534 0.947387
2.11 -1.66202 0.870437 0.784968 0.8852
2.12 -1.65329 0.865201 0.872211 0.967439
2.13 -1.62909 0.842821 1.37187 1.08462
2.14 -1.62427 0.831423 4.2093 1.3999
2.15 -1.61426 0.827535 2.55753 1.16598
2.16 -1.61619 0.844776 1.16318 1.05748
2.17 -1.60457 0.838483 1.10745 1.08986
2.18 -1.59871 0.83803 0.897214 0.956435
2.19 -1.57913 0.819914 1.50302 1.14536
2.2 -1.56764 0.81208 1.74187 1.19289
2.21 -1.56191 0.815136 1.07025 1.04888
2.22 -1.50607 0.73107 6.99561 1.62111
2.23 -1.52282 0.77827 2.29455 1.34496
2.24 -1.50901 0.758715 3.55 1.4925
2.25 -1.48513 0.740932 2.95803 1.30401
2.26 -1.50227 0.774034 2.06118 1.25131
2.27 -1.41993 0.641232 7.99145 1.69108
2.28 -1.45422 0.710917 5.31605 1.74242
2.29 -1.42924 0.682646 6.74321 1.70503
2.3 -1.40458 0.648187 7.60027 1.68593
2.31 -1.38995 0.646842 5.56361 1.43441
2.32 -1.40796 0.683758 4.39198 1.46323
2.33 -1.37416 0.619788 8.14936 1.56771
2.34 -1.34286 0.587432 7.55512 1.64476
2.35 -1.30839 0.547472 7.61312 1.48358
2.36 -1.32715 0.581981 6.9567 1.48938
2.37 -1.32702 0.608099 4.36899 1.37498
2.38 -1.27589 0.506757 8.86421 1.54947
2.39 -1.26236 0.484066 9.3174 1.67203
