2 -1.74566 0.911315 0.388413 0.72726
2.00005 -1.74609 0.91202 0.353627 0.715417
2.0001 -1.7457 0.911464 0.380748 0.734708
2.00015 -1.7452 0.911365 0.361988 0.720506
2.0002 -1.74559 0.911398 0.368983 0.714533
2.00025 -1.74422 0.91023 0.409435 0.742927
2.0003 -1.74502 0.911009 0.386059 0.722971
2.00035 -1.74463 0.910751 0.396244 0.731597
2.0004 -1.74556 0.910944 0.392833 0.726429
2.00045 -1.74554 0.911096 0.397689 0.731557
2.0005 -1.74514 0.911218 0.37953 0.726206
2.00055 -1.74454 0.910556 0.39305 0.721868
2.0006 -1.74582 0.911952 0.358544 0.721695
2.00065 -1.74388 0.910612 0.377991 0.739329
2.0007 -1.74434 0.910566 0.423722 0.73634
2.00075 -1.7438 0.909834 0.448013 0.742898
2.0008 -1.7461 0.911657 0.377245 0.717785
2.00085 -1.74484 0.911066 0.387963 0.732036
2.0009 -1.74598 0.912268 0.334755 0.702577
2.00095 -1.74467 0.911047 0.370252 0.722532
2.001 -1.74586 0.911776 0.363093 0.711566
2.00105 -1.74487 0.910795 0.391421 0.732559
2.0011 -1.74365 0.910112 0.400241 0.73415
2.00115 -1.74478 0.911294 0.35401 0.71155
2.0012 -1.74553 0.911794 0.355784 0.718291
2.00125 -1.74563 0.911882 0.351061 0.711058
2.0013 -1.7439 0.9103 0.404636 0.730404
2.00135 -1.74405 0.910519 0.399459 0.729431
2.0014 -1.74387 0.910541 0.400541 0.731391
2.00145 -1.74339 0.910086 0.40452 0.73741
2.0015 -1.74586 0.91152 0.378638 0.718301
2.00155 -1.74452 0.910972 0.387046 0.722212
2.0016 -1.74332 0.910136 0.389816 0.728131
2.00165 -1.7432 0.909527 0.436546 0.737186
2.0017 -1.74365 0.909824 106.48 0.741104
2.00175 -1.74467 0.911098 0.363055 0.721799
2.0018 -1.7453 0.911893 0.367194 0.717193
2.00185 -1.7444 0.911074 0.365504 0.717932
2.0019 -1.74314 0.909762 0.458548 0.744507
2.00195 -1.74323 0.910134 0.41366 0.735852
2.002 -1.7438 0.910639 0.386883 0.72713
2.00205 -1.74383 0.910332 0.404212 0.729889
2.0021 -1.74419 0.910669 0.378519 0.725177
2.00215 -1.74329 0.910334 0.377103 0.734368
2.0022 -1.74418 0.911079 0.362045 0.716209
2.00225 -1.74379 0.910536 0.379464 0.732846
2.0023 -1.74397 0.91099 0.365602 0.7202
2.00235 -1.74312 0.910141 0.391301 0.724698
2.0024 -1.74447 0.911114 0.378227 0.72495
2.00245 -1.74408 0.91068 0.379396 0.71685
2.0025 -1.74323 0.909811 0.488108 0.743952
2.00255 -1.74272 0.910246 0.380293 0.733997
2.0026 -1.74324 0.91045 0.387075 0.72709
2.00265 -1.74333 0.91061 0.364461 0.724454
2.0027 -1.74381 0.910989 0.366724 0.719443
2.00275 -1.74403 0.91087 0.365152 0.709744
2.0028 -1.74137 0.908715 0.440316 0.749103
2.00285 -1.74243 0.908965 0.474548 0.746492
2.0029 -1.74346 0.909947 0.429665 0.7393
2.00295 -1.74284 0.909378 0.442154 0.750937
2.003 -1.74393 0.910772 0.372813 0.721673
2.00305 -1.74283 0.910033 0.403295 0.725926
2.0031 -1.74357 0.91044 0.386991 0.720423
2.00315 -1.74327 0.910023 0.41855 0.7414
2.0032 -1.74306 0.910184 0.382331 0.726486
2.00325 -1.7435 0.910495 0.377748 0.7217
2.0033 -1.74372 0.910511 0.398085 0.728712
2.00335 -1.74325 0.910188 0.39858 0.732832
2.0034 -1.74408 0.911013 0.362971 0.724694
2.00345 -1.74301 0.909742 0.435346 0.738883
2.0035 -1.74266 0.909536 0.419216 0.732613
2.00355 -1.74361 0.910866 0.373691 0.722859
2.0036 -1.74306 0.910373 0.388788 0.72715
2.00365 -1.74205 0.909784 0.379943 0.724085
2.0037 -1.74299 0.910615 0.360609 0.728938
2.00375 -1.74128 0.908744 0.434958 0.743306
2.0038 -1.74302 0.910126 0.385124 0.727829
2.00385 -1.7428 0.909743 0.504208 0.737589
2.0039 -1.74103 0.908695 0.433597 0.74906
2.00395 -1.74209 0.90981 0.388551 0.731747
2.004 -1.74368 0.911072 0.352056 0.723726
2.00405 -1.7423 0.910189 0.370304 0.725098
2.0041 -1.74162 0.908844 165.398 0.739671
2.00415 -1.74307 0.910532 0.372366 0.732775
2.0042 -1.74266 0.909709 0.414336 0.741692
2.00425 -1.74272 0.91003 0.426285 0.736482
2.0043 -1.74114 0.908854 0.420249 0.744803
2.00435 -1.74298 0.910788 0.353252 0.701938
2.0044 -1.74155 0.909664 0.39539 0.740726
2.00445 -1.74205 0.909464 0.437418 0.742906
2.0045 -1.74186 0.909243 0.432234 0.748912
2.00455 -1.74178 0.909916 0.372855 0.720298
2.0046 -1.74144 0.909197 0.415024 0.737509
2.00465 -1.74054 0.908868 0.406988 0.736555
2.0047 -1.7415 0.909014 0.42094 0.745928
2.00475 -1.74177 0.909775 0.379286 0.724961
2.0048 -1.74316 0.910578 0.373426 0.719146
2.00485 -1.74198 0.909659 0.394725 0.733486
2.0049 -1.74167 0.90951 0.400139 0.734727
2.00495 -1.73998 0.908265 0.436155 0.745416
2.005 -1.7408 0.909239 0.389925 0.746324
2.00505 -1.7418 0.909741 0.382856 0.730386
2.0051 -1.74261 0.910415 0.36791 0.71962
2.00515 -1.74175 0.909614 0.386291 0.726339
2.0052 -1.74071 0.908691 0.438745 0.754327
2.00525 -1.74132 0.9094 0.394237 0.739437
2.0053 -1.74005 0.908833 0.391829 0.729439
2.00535 -1.74138 0.9092 0.426369 0.74846
2.0054 -1.74132 0.909467 0.396724 0.728116
2.00545 -1.74153 0.90969 0.37823 0.723592
2.0055 -1.7416 0.910035 0.376572 0.7329
2.00555 -1.7411 0.909689 0.377171 0.741368
2.0056 -1.74038 0.908778 0.432291 0.74785
2.00565 -1.74022 0.908905 0.400918 0.737275
2.0057 -1.74051 0.908659 0.42434 0.756559
2.00575 -1.74137 0.909802 0.367767 0.729538
2.0058 -1.74062 0.90952 0.372021 0.722613
2.00585 -1.74014 0.908722 0.412995 0.745848
2.0059 -1.74155 0.909526 0.398809 0.741215
2.00595 -1.74121 0.909552 0.389035 0.737378
2.006 -1.74168 0.909944 0.371404 0.72541
2.00605 -1.74139 0.909682 0.384079 0.734189
2.0061 -1.74145 0.909742 0.37555 0.73123
2.00615 -1.74171 0.909689 0.400776 0.737292
2.0062 -1.74053 0.909245 0.396784 0.741337
2.00625 -1.7415 0.909493 0.398938 0.737996
2.0063 -1.74062 0.909226 0.402626 0.728505
2.00635 -1.74133 0.910014 0.363215 0.722835
2.0064 -1.74205 0.909833 0.391197 0.725154
2.00645 -1.74003 0.908833 0.408517 0.743259
2.0065 -1.74134 0.909657 0.379671 0.725691
2.00655 -1.73967 0.908632 0.453223 0.743318
2.0066 -1.74173 0.909784 0.378344 0.724312
2.00665 -1.74132 0.90944 0.382681 0.735018
2.0067 -1.74038 0.90878 0.399276 0.733108
2.00675 -1.73971 0.908714 0.402179 0.746529
2.0068 -1.74168 0.909497 0.436616 0.740028
2.00685 -1.74058 0.909221 0.398205 0.728405
2.0069 -1.74058 0.909344 0.391246 0.739033
2.00695 -1.73961 0.908173 0.422657 0.749255
2.007 -1.74152 0.909883 0.385397 0.735695
2.00705 -1.73996 0.908787 0.394419 0.735386
2.0071 -1.74046 0.909512 0.363861 0.725866
2.00715 -1.74125 0.909609 0.385805 0.735019
2.0072 -1.73869 0.907724 0.42601 0.747084
2.00725 -1.74208 0.910269 0.36445 0.718454
2.0073 -1.74071 0.909058 0.408179 0.741817
2.00735 -1.73934 0.908456 0.397786 0.738134
2.0074 -1.73976 0.908963 0.388986 0.736658
2.00745 -1.73965 0.90853 0.420272 0.746474
2.0075 -1.73923 0.908137 0.422397 0.739083
2.00755 -1.73867 0.907798 0.452528 0.753137
2.0076 -1.74032 0.909116 0.395176 0.73716
2.00765 -1.74053 0.909145 0.40151 0.737839
2.0077 -1.73926 0.908236 0.409257 0.751313
2.00775 -1.73827 0.907601 0.442579 0.755427
2.0078 -1.74045 0.909831 0.351938 0.721732
2.00785 -1.73925 0.907544 0.52425 0.766223
2.0079 -1.7402 0.909167 0.377308 0.731879
2.00795 -1.73876 0.908498 0.383537 0.734822
2.008 -1.73908 0.908025 0.427727 0.749582
2.00805 -1.73834 0.908167 0.39803 0.739287
2.0081 -1.73924 0.908362 0.418304 0.744546
2.00815 -1.73768 0.907549 0.412181 0.747734
2.0082 -1.73989 0.90869 0.418047 0.734435
2.00825 -1.73831 0.908277 0.393938 0.744677
2.0083 -1.73966 0.908999 0.38128 0.729558
2.00835 -1.74043 0.909378 0.379702 0.723635
2.0084 -1.73996 0.908541 0.418101 0.747342
2.00845 -1.73866 0.907743 0.426742 0.745633
2.0085 -1.73926 0.9081 0.414816 0.743785
2.00855 -1.7394 0.908102 0.430252 0.75092
2.0086 -1.73866 0.908277 0.406412 0.743488
2.00865 -1.73752 0.907079 0.44706 0.759526
2.0087 -1.74049 0.909316 0.378912 0.734712
2.00875 -1.73991 0.908755 0.404501 0.73483
2.0088 -1.73825 0.908159 0.390131 0.735786
2.00885 -1.74026 0.909372 0.365674 0.730687
2.0089 -1.73953 0.908819 0.384219 0.744335
2.00895 -1.73744 0.907417 0.421393 0.750481
2.009 -1.73865 0.908392 0.400156 0.743668
2.00905 -1.7394 0.908915 0.396899 0.741647
2.0091 -1.73933 0.908781 0.387545 0.734862
2.00915 -1.73876 0.908121 0.405123 0.747923
2.0092 -1.7376 0.90751 0.424521 0.750675
2.00925 -1.73807 0.907743 0.419829 0.754641
2.0093 -1.73857 0.908397 0.38276 0.735075
2.00935 -1.73966 0.908705 0.386815 0.730026
2.0094 -1.73832 0.908381 0.375055 0.735507
2.00945 -1.73798 0.908081 0.384284 0.740124
2.0095 -1.73745 0.907394 0.423204 0.750592
2.00955 -1.73928 0.908786 0.378576 0.722592
2.0096 -1.73779 0.907506 0.453828 0.759157
2.00965 -1.73925 0.90881 0.377279 0.732251
2.0097 -1.73849 0.908276 0.398821 0.741114
2.00975 -1.7383 0.907905 0.413242 0.746797
2.0098 -1.73806 0.907588 0.429016 0.7414
2.00985 -1.73794 0.907639 0.415696 0.75153
2.0099 -1.73842 0.908196 0.399135 0.740426
2.00995 -1.73795 0.907969 0.405731 0.743314
2.01 -1.73841 0.907891 0.424134 0.752843
2.01005 -1.73841 0.908167 0.398172 0.736057
2.0101 -1.73648 0.907235 0.40303 0.753068
2.01015 -1.73735 0.907283 0.471359 0.747626
2.0102 -1.73796 0.907751 0.420946 0.750526
2.01025 -1.73863 0.908184 0.392793 0.726816
2.0103 -1.73738 0.907707 0.403581 0.739943
2.01035 -1.73754 0.90757 0.446653 0.747004
2.0104 -1.73772 0.907419 0.421665 0.753402
2.01045 -1.73582 0.906042 0.467381 0.758934
2.0105 -1.73598 0.906231 0.467964 0.766457
2.01055 -1.73783 0.907438 0.437416 0.749592
2.0106 -1.73716 0.907222 0.438817 0.749109
2.01065 -1.73696 0.90706 0.4645 0.755512
2.0107 -1.73794 0.908024 0.398235 0.735047
2.01075 -1.73801 0.908015 0.401859 0.740099
2.0108 -1.73711 0.907006 0.439427 0.757844
2.01085 -1.73874 0.908507 0.414409 0.73699
2.0109 -1.73745 0.907335 0.425619 0.756298
2.01095 -1.73692 0.907613 0.386538 0.740295
2.011 -1.73669 0.906878 0.437675 0.758007
2.01105 -1.73695 0.907484 0.396556 0.7393
2.0111 -1.73682 0.907179 0.408443 0.733193
2.01115 -1.7377 0.90849 0.372609 0.727495
2.0112 -1.73743 0.908054 0.392474 0.754318
2.01125 -1.7371 0.906199 141.111 0.769508
2.0113 -1.7371 0.907858 0.377702 0.738256
2.01135 -1.73681 0.907143 0.413409 0.753248
2.0114 -1.738 0.908271 0.388393 0.732487
2.01145 -1.73663 0.907207 0.429481 0.752992
2.0115 -1.73777 0.907916 0.393344 0.732787
2.01155 -1.7359 0.906678 0.431693 0.750321
2.0116 -1.73499 0.906318 0.462958 0.753703
2.01165 -1.73705 0.907306 0.435142 0.749518
2.0117 -1.73709 0.907624 0.409714 0.750791
2.01175 -1.73604 0.906937 0.414894 0.750774
2.0118 -1.73693 0.907102 0.435683 0.751704
2.01185 -1.73585 0.906941 0.411274 0.747963
2.0119 -1.73733 0.907706 0.41957 0.758478
2.01195 -1.73601 0.906546 0.444976 0.752642
2.012 -1.73823 0.908095 0.400785 0.740579
2.01205 -1.73516 0.906277 0.425461 0.74958
2.0121 -1.73611 0.907128 0.418813 0.743901
2.01215 -1.73617 0.906524 0.46904 0.765781
2.0122 -1.73673 0.907353 0.414201 0.756313
2.01225 -1.73748 0.907772 0.414062 0.755361
2.0123 -1.73582 0.906894 0.437461 0.753235
2.01235 -1.73619 0.907387 0.387569 0.74735
2.0124 -1.73447 0.905839 0.455445 0.74903
2.01245 -1.7363 0.907002 0.425826 0.758755
2.0125 -1.73591 0.907005 0.41242 0.74073
2.01255 -1.73618 0.907656 0.377441 0.738947
2.0126 -1.73561 0.906497 0.445261 0.757609
2.01265 -1.73687 0.907663 0.394558 0.738419
2.0127 -1.73504 0.906399 0.429185 0.75559
2.01275 -1.73488 0.90631 0.439302 0.766054
2.0128 -1.73664 0.907541 0.404563 0.740429
2.01285 -1.73584 0.906926 0.421167 0.757045
2.0129 -1.73596 0.906999 0.422509 0.751487
2.01295 -1.73583 0.907039 0.415726 0.742878
2.013 -1.73708 0.907758 0.401731 0.740769
2.01305 -1.73481 0.906034 0.457842 0.764643
2.0131 -1.73377 0.904887 0.555322 0.766382
2.01315 -1.73577 0.906825 0.419305 0.755428
2.0132 -1.73513 0.906078 0.459366 0.759835
2.01325 -1.73657 0.907601 0.391692 0.737394
2.0133 -1.73615 0.907339 0.3981 0.741485
2.01335 -1.73441 0.906141 0.416359 0.751614
2.0134 -1.73637 0.906656 0.456761 0.762069
2.01345 -1.73527 0.906565 0.423537 0.760419
2.0135 -1.73454 0.905949 0.428784 0.759141
2.01355 -1.73488 0.905778 0.471285 0.771738
2.0136 -1.73582 0.906756 0.437399 0.752073
2.01365 -1.73546 0.907233 0.380263 0.730913
2.0137 -1.73464 0.906369 0.419428 0.753583
2.01375 -1.73442 0.905943 0.43178 0.752842
2.0138 -1.73462 0.906241 0.436306 0.754176
2.01385 -1.73491 0.905994 0.458809 0.759194
2.0139 -1.73571 0.90693 0.432831 0.746869
2.01395 -1.73578 0.906807 0.428318 0.752788
2.014 -1.73602 0.907237 0.408942 0.739873
2.01405 -1.73461 0.906208 0.423824 0.760267
2.0141 -1.73597 0.907406 0.385504 0.729359
2.01415 -1.7358 0.907512 0.377998 0.731206
2.0142 -1.73556 0.907217 0.386415 0.727588
2.01425 -1.73423 0.906315 0.415214 0.744556
2.0143 -1.73408 0.905913 0.436045 0.750305
2.01435 -1.73434 0.906188 0.415369 0.75586
2.0144 -1.73454 0.906605 0.398443 0.743638
2.01445 -1.73466 0.906518 0.402384 0.748879
2.0145 -1.73387 0.905248 0.496138 0.767607
2.01455 -1.7337 0.90468 0.569677 0.764873
2.0146 -1.7357 0.906846 0.412892 0.753346
2.01465 -1.735 0.906305 0.427657 0.752953
2.0147 -1.73408 0.905813 0.432663 0.762589
2.01475 -1.73429 0.905722 0.497123 0.759278
2.0148 -1.73515 0.906702 0.413922 0.755861
2.01485 -1.73438 0.906445 0.413272 0.746661
2.0149 -1.73467 0.906437 0.429742 0.75269
2.01495 -1.73439 0.906396 0.40499 0.749352
2.015 -1.73373 0.905822 0.42279 0.748977
2.01505 -1.73316 0.905396 0.446054 0.755834
2.0151 -1.73415 0.906316 0.398876 0.746236
2.01515 -1.73425 0.906313 0.417138 0.753327
2.0152 -1.73152 0.902986 0.895595 0.7878
2.01525 -1.73339 0.905003 0.498218 0.772533
2.0153 -1.73509 0.90722 0.381416 0.737052
2.01535 -1.73398 0.906366 0.400941 0.747611
2.0154 -1.73375 0.906071 0.400003 0.748624
2.01545 -1.73299 0.905093 0.473283 0.771998
2.0155 -1.73354 0.90564 0.431664 0.75256
2.01555 -1.73376 0.904802 161.486 0.772493
2.0156 -1.73511 0.906683 0.416555 0.737408
2.01565 -1.73439 0.906766 0.38461 0.739588
2.0157 -1.73471 0.906959 0.393493 0.750551
2.01575 -1.73333 0.906005 0.416341 0.750244
2.0158 -1.734 0.906673 0.394166 0.75718
2.01585 -1.73333 0.90545 0.454521 0.769038
2.0159 -1.73391 0.906092 0.417852 0.742225
2.01595 -1.73362 0.905593 0.460009 0.747307
2.016 -1.73265 0.905295 0.468508 0.763847
2.01605 -1.73375 0.905941 0.433795 0.751217
2.0161 -1.73341 0.905979 0.410346 0.748891
2.01615 -1.73388 0.906421 0.40215 0.743925
2.0162 -1.73394 0.90632 0.417871 0.758132
2.01625 -1.73433 0.906933 0.38515 0.742955
2.0163 -1.73097 0.903046 0.621565 0.783445
2.01635 -1.73375 0.906273 0.406124 0.753059
2.0164 -1.73322 0.905636 0.430917 0.758561
2.01645 -1.73248 0.905167 0.46331 0.764282
2.0165 -1.73467 0.906601 0.414258 0.743228
2.01655 -1.73076 0.903336 0.515523 0.792365
2.0166 -1.73309 0.905603 0.447181 0.751905
2.01665 -1.73296 0.905903 0.399968 0.73417
2.0167 -1.73284 0.904932 0.479773 0.766529
2.01675 -1.73281 0.90574 0.414354 0.758595
2.0168 -1.73175 0.904569 0.472242 0.76709
2.01685 -1.73303 0.905678 0.428884 0.752554
2.0169 -1.73209 0.904574 0.52832 0.775051
2.01695 -1.73262 0.905421 0.416607 0.750954
2.017 -1.7343 0.906928 0.37737 0.748094
2.01705 -1.73377 0.905927 0.432611 0.761963
2.0171 -1.73362 0.906468 0.385907 0.746855
2.01715 -1.73186 0.904875 0.441654 0.760921
2.0172 -1.73207 0.905112 0.435534 0.762068
2.01725 -1.73193 0.904902 0.430221 0.758472
2.0173 -1.73212 0.905016 0.429816 0.759486
2.01735 -1.73166 0.904441 0.51974 0.775786
2.0174 -1.73419 0.906799 0.392128 0.735194
2.01745 -1.73246 0.905656 0.417533 0.758061
2.0175 -1.73365 0.905688 0.449143 0.758811
2.01755 -1.73269 0.905325 0.436694 0.755018
2.0176 -1.73181 0.905079 0.420979 0.753764
2.01765 -1.73185 0.904683 0.451413 0.763889
2.0177 -1.73187 0.905273 0.412552 0.748905
2.01775 -1.73118 0.904054 0.464807 0.766833
2.0178 -1.73264 0.905781 0.414382 0.753072
2.01785 -1.73156 0.904534 0.457561 0.763502
2.0179 -1.73285 0.905471 0.442289 0.759098
2.01795 -1.73207 0.90473 0.466027 0.763715
2.018 -1.73191 0.904595 0.496442 0.768883
2.01805 -1.73183 0.904655 0.445677 0.763354
2.0181 -1.7321 0.905034 0.461354 0.762302
2.01815 -1.7307 0.904191 0.446647 0.758091
2.0182 -1.73224 0.90525 0.427613 0.754864
2.01825 -1.73171 0.904806 0.436714 0.756373
2.0183 -1.73132 0.904724 0.436802 0.759639
2.01835 -1.73115 0.904911 0.418755 0.753042
2.0184 -1.73269 0.906001 0.401407 0.746793
2.01845 -1.73106 0.904537 0.445397 0.765621
2.0185 -1.73054 0.903189 0.610712 0.774777
2.01855 -1.73081 0.904584 0.437903 0.76293
2.0186 -1.73171 0.904609 0.473242 0.774197
2.01865 -1.73124 0.904761 0.450826 0.753313
2.0187 -1.73007 0.903894 0.494201 0.775455
2.01875 -1.73164 0.90512 0.418029 0.753612
2.0188 -1.72966 0.903275 0.485947 0.771327
2.01885 -1.73126 0.904487 0.464892 0.762227
2.0189 -1.73016 0.903792 0.457869 0.763957
2.01895 -1.73044 0.903574 0.496876 0.780539
2.019 -1.73056 0.90456 0.437382 0.758123
2.01905 -1.73347 0.90631 0.396188 0.74413
2.0191 -1.73238 0.905598 0.427001 0.755067
2.01915 -1.73118 0.904969 0.425671 0.762232
2.0192 -1.73122 0.904594 0.426976 0.748643
2.01925 -1.73162 0.905342 0.40277 0.752015
2.0193 -1.73066 0.904538 0.425793 0.760287
2.01935 -1.73103 0.90459 0.453932 0.76834
2.0194 -1.73216 0.905572 0.412489 0.745883
2.01945 -1.73295 0.906084 0.405893 0.755779
2.0195 -1.73089 0.904173 0.466536 0.76758
2.01955 -1.73076 0.90437 0.446329 0.765893
2.0196 -1.73061 0.90472 0.427008 0.767596
2.01965 -1.73095 0.904529 0.446132 0.761312
2.0197 -1.731 0.904441 0.49303 0.762488
2.01975 -1.72927 0.90292 0.534583 0.790336
2.0198 -1.73024 0.903377 43.1691 0.783707
2.01985 -1.73098 0.904798 0.447239 0.750889
2.0199 -1.7302 0.903895 0.462597 0.77161
2.01995 -1.72918 0.903709 0.434478 0.7578
2.02 -1.73002 0.904119 0.437532 0.769881
2.02005 -1.72953 0.903581 0.474159 0.771458
2.0201 -1.73018 0.904531 0.424172 0.760611
2.02015 -1.73107 0.905059 0.411511 0.749795
2.0202 -1.7308 0.905058 0.411412 0.751082
2.02025 -1.72986 0.904338 0.416426 0.75721
2.0203 -1.7301 0.904022 0.460814 0.772975
2.02035 -1.73145 0.904929 0.435993 0.760393
2.0204 -1.72967 0.903854 0.439574 0.767357
2.02045 -1.7298 0.903966 0.477429 0.775603
2.0205 -1.73079 0.904488 0.440126 0.76182
2.02055 -1.73061 0.904483 0.445286 0.768329
2.0206 -1.72885 0.903203 0.476625 0.774354
2.02065 -1.72962 0.904059 0.434708 0.77352
2.0207 -1.72925 0.903867 0.443042 0.776234
2.02075 -1.72743 0.901693 0.561066 0.796644
2.0208 -1.73018 0.903636 0.482985 0.770406
2.02085 -1.72902 0.903305 0.47716 0.7737
2.0209 -1.73006 0.904213 0.44216 0.766294
2.02095 -1.73089 0.904538 0.416805 0.752847
2.021 -1.72996 0.904453 0.417551 0.7588
2.02105 -1.72969 0.904022 0.486883 0.77699
2.0211 -1.72877 0.903792 0.428133 0.762258
2.02115 -1.72899 0.903392 0.470845 0.769953
2.0212 -1.72852 0.903503 0.43898 0.766097
2.02125 -1.72977 0.90449 0.417473 0.764433
2.0213 -1.7284 0.902499 0.541932 0.795892
2.02135 -1.72892 0.903151 0.462772 0.78534
2.0214 -1.72904 0.903311 0.533387 0.783771
2.02145 -1.72986 0.904474 0.414389 0.756186
2.0215 -1.73028 0.904423 0.445305 0.769817
2.02155 -1.7292 0.903765 0.488834 0.762621
2.0216 -1.7288 0.903314 0.48581 0.779818
2.02165 -1.72751 0.901782 0.57915 0.798987
2.0217 -1.72877 0.903997 0.422288 0.763111
2.02175 -1.73131 0.905002 0.445426 0.763883
2.0218 -1.72927 0.904053 0.431009 0.770631
2.02185 -1.72969 0.904319 0.419462 0.767006
2.0219 -1.72966 0.904457 0.420569 0.755792
2.02195 -1.72851 0.903668 0.422105 0.761083
2.022 -1.73052 0.905121 0.394494 0.740723
2.02205 -1.72768 0.902353 12.8346 0.774212
2.0221 -1.72764 0.902966 0.483344 0.786648
2.02215 -1.7296 0.904245 0.431793 0.766873
2.0222 -1.72924 0.904337 0.410133 0.752556
2.02225 -1.7292 0.903736 0.449124 0.764343
2.0223 -1.72848 0.902878 0.489161 0.796556
2.02235 -1.72763 0.902471 0.481493 0.778153
2.0224 -1.72793 0.902217 142.804 0.789051
2.02245 -1.7281 0.902935 0.485386 0.76908
2.0225 -1.72873 0.903723 0.45348 0.764728
2.02255 -1.72937 0.903758 0.461612 0.785443
2.0226 -1.72918 0.903706 0.441674 0.759017
2.02265 -1.72918 0.904069 0.442634 0.760211
2.0227 -1.72864 0.90363 0.440626 0.765651
2.02275 -1.73018 0.90467 0.419435 0.753805
2.0228 -1.72813 0.902865 0.504447 0.771403
2.02285 -1.7283 0.903497 0.455528 0.769318
2.0229 -1.72817 0.902892 161.554 0.776556
2.02295 -1.72631 0.901913 0.561574 0.773188
2.023 -1.72729 0.903015 0.438509 0.765459
2.02305 -1.72902 0.90417 0.405064 0.745796
2.0231 -1.72844 0.903659 0.427339 0.754329
2.02315 -1.7289 0.904172 0.415382 0.76347
2.0232 -1.72833 0.903306 0.46396 0.768875
2.02325 -1.72888 0.904323 0.411297 0.754471
2.0233 -1.72777 0.903106 0.454754 0.773488
2.02335 -1.72903 0.903906 0.457328 0.764628
2.0234 -1.72707 0.902883 0.470284 0.768461
2.02345 -1.7281 0.903329 0.457248 0.763684
2.0235 -1.72792 0.902881 0.507829 0.779214
2.02355 -1.72865 0.904079 0.421638 0.767007
2.0236 -1.72753 0.903068 0.439615 0.769981
2.02365 -1.72674 0.902497 0.466295 0.774233
2.0237 -1.72747 0.903036 0.43905 0.758974
2.02375 -1.72834 0.903623 0.431259 0.765092
2.0238 -1.72752 0.903191 0.441162 0.781027
2.02385 -1.72888 0.903819 0.442779 0.766472
2.0239 -1.72683 0.90229 0.489207 0.786126
2.02395 -1.72796 0.903403 0.441204 0.763417
2.024 -1.72695 0.902619 0.501971 0.78365
2.02405 -1.72657 0.902128 0.507494 0.774582
2.0241 -1.72791 0.9033 0.454302 0.768369
2.02415 -1.72719 0.90252 0.466331 0.778157
2.0242 -1.72621 0.902278 0.461734 0.772298
2.02425 -1.7269 0.902984 0.415772 0.760071
2.0243 -1.72793 0.903395 0.429224 0.76476
2.02435 -1.72663 0.902265 0.552848 0.769857
2.0244 -1.72613 0.90211 0.473683 0.785352
2.02445 -1.72569 0.902139 0.446368 0.776111
2.0245 -1.72617 0.902163 0.462715 0.776455
2.02455 -1.72661 0.902178 0.474822 0.780937
2.0246 -1.72751 0.903163 0.453197 0.780412
2.02465 -1.72823 0.903847 0.42244 0.758473
2.0247 -1.72657 0.902244 0.498779 0.780658
2.02475 -1.72709 0.90264 0.485325 0.766044
2.0248 -1.72759 0.903303 0.429276 0.759942
2.02485 -1.72487 0.901465 0.472357 0.787155
2.0249 -1.72546 0.90126 0.496416 0.797675
2.02495 -1.7253 0.901175 0.501428 0.796485
2.025 -1.72657 0.902802 0.421732 0.758103
2.02505 -1.72598 0.901029 94.2435 0.802508
2.0251 -1.72575 0.902131 0.461815 0.777683
2.02515 -1.72622 0.90219 0.464225 0.76374
2.0252 -1.72782 0.902996 0.493934 0.777366
2.02525 -1.72626 0.902637 0.444725 0.767278
2.0253 -1.72677 0.903101 0.439166 0.756664
2.02535 -1.72611 0.902336 0.438187 0.76806
2.0254 -1.72614 0.902589 0.43694 0.769972
2.02545 -1.72605 0.902211 0.468995 0.780051
2.0255 -1.72579 0.902039 0.459662 0.782977
2.02555 -1.72721 0.902813 90.442 0.767947
2.0256 -1.72765 0.903432 0.428345 0.761881
2.02565 -1.72754 0.90366 0.412234 0.754402
2.0257 -1.72706 0.902707 0.46272 0.771461
2.02575 -1.72509 0.901102 0.501238 0.785186
2.0258 -1.72559 0.901989 0.467346 0.793332
2.02585 -1.72594 0.901743 0.549581 0.77687
2.0259 -1.72611 0.902314 0.469483 0.775286
2.02595 -1.72585 0.902213 0.451948 0.775481
2.026 -1.72692 0.90266 0.440571 0.76282
2.02605 -1.72606 0.901256 0.616747 0.790787
2.0261 -1.72717 0.90338 0.419233 0.759776
2.02615 -1.72696 0.903302 0.418409 0.767191
2.0262 -1.72275 0.899697 0.558722 0.814312
2.02625 -1.72515 0.901757 0.484453 0.780626
2.0263 -1.72654 0.90261 0.476731 0.770619
2.02635 -1.72555 0.901591 0.540938 0.789656
2.0264 -1.72648 0.90291 0.434623 0.764678
2.02645 -1.72457 0.901445 0.472426 0.778427
2.0265 -1.72736 0.903346 0.424325 0.755185
2.02655 -1.72499 0.901431 0.510555 0.788901
2.0266 -1.72569 0.902644 0.418391 0.755725
2.02665 -1.72479 0.901902 0.45003 0.783131
2.0267 -1.72529 0.901772 0.473857 0.784217
2.02675 -1.72363 0.900036 0.551101 0.795396
2.0268 -1.72677 0.903078 0.437267 0.760202
2.02685 -1.72468 0.901446 0.491631 0.77653
2.0269 -1.72525 0.901985 0.456758 0.786406
2.02695 -1.72478 0.901368 0.52343 0.780888
2.027 -1.72602 0.902458 0.451746 0.771166
2.02705 -1.7258 0.902369 0.439806 0.765985
2.0271 -1.7236 0.900681 0.494314 0.792455
2.02715 -1.72589 0.902741 0.425606 0.767894
2.0272 -1.72449 0.90137 0.493221 0.782322
2.02725 -1.72431 0.901696 0.477156 0.780296
2.0273 -1.72488 0.901396 0.488664 0.778852
2.02735 -1.72452 0.901097 0.495171 0.783944
2.0274 -1.72479 0.901522 0.47757 0.780671
2.02745 -1.72489 0.901151 0.492472 0.780124
2.0275 -1.72439 0.901123 0.533841 0.789387
2.02755 -1.7239 0.900433 0.579049 0.785774
2.0276 -1.72553 0.902281 0.45886 0.768147
2.02765 -1.72386 0.900818 0.472866 0.779943
2.0277 -1.72485 0.902092 0.421099 0.764673
2.02775 -1.72592 0.902423 0.444414 0.769665
2.0278 -1.72491 0.901676 0.464504 0.787241
2.02785 -1.72579 0.902498 0.431243 0.765303
2.0279 -1.72401 0.90138 0.449297 0.765692
2.02795 -1.72402 0.901573 0.446117 0.774625
2.028 -1.72413 0.901465 0.468421 0.774683
2.02805 -1.72315 0.9007 0.484644 0.790732
2.0281 -1.72265 0.900306 0.500598 0.793029
2.02815 -1.72286 0.900396 0.482173 0.786578
2.0282 -1.72436 0.901784 0.443257 0.765735
2.02825 -1.72353 0.900307 0.537776 0.793878
2.0283 -1.72315 0.900661 0.478497 0.786685
2.02835 -1.72357 0.900789 0.491516 0.795521
2.0284 -1.72419 0.901672 0.457162 0.779816
2.02845 -1.72393 0.901572 0.445361 0.769514
2.0285 -1.72497 0.902016 0.450351 0.771573
2.02855 -1.72285 0.900314 0.573233 0.80023
2.0286 -1.72465 0.901927 0.431047 0.772613
2.02865 -1.72221 0.900245 0.498462 0.784713
2.0287 -1.72286 0.900606 0.491235 0.777906
2.02875 -1.72574 0.903083 0.406141 0.761723
2.0288 -1.72339 0.901294 0.455205 0.784898
2.02885 -1.72317 0.900773 0.489855 0.797248
2.0289 -1.72428 0.901763 0.457495 0.780164
2.02895 -1.72373 0.901366 0.464064 0.781392
2.029 -1.72283 0.899417 0.651842 0.805864
2.02905 -1.72347 0.901306 0.467905 0.787189
2.0291 -1.72324 0.900904 0.505022 0.795317
2.02915 -1.72304 0.900723 0.490056 0.787156
2.0292 -1.72411 0.901658 0.45273 0.767369
2.02925 -1.72209 0.898803 55.4267 0.820816
2.0293 -1.72392 0.901756 0.448462 0.767511
2.02935 -1.72226 0.900449 0.467071 0.789496
2.0294 -1.72508 0.902493 0.431665 0.759712
2.02945 -1.72306 0.900862 0.459549 0.764696
2.0295 -1.72299 0.900622 0.488826 0.800261
2.02955 -1.72195 0.900314 0.455644 0.784794
2.0296 -1.72407 0.901415 0.50253 0.786288
2.02965 -1.72434 0.901665 0.44745 0.763092
2.0297 -1.72343 0.901077 0.471288 0.776667
2.02975 -1.72289 0.900488 0.489706 0.792689
2.0298 -1.72203 0.900201 0.514566 0.793479
2.02985 -1.72236 0.900178 0.498807 0.795327
2.0299 -1.72117 0.899203 0.573612 0.812059
2.02995 -1.72176 0.900345 0.489604 0.798826
2.03 -1.72315 0.9012 0.448945 0.778583
2.03005 -1.72153 0.899984 0.492862 0.793562
2.0301 -1.72245 0.900024 0.5272 0.794727
2.03015 -1.72192 0.899724 0.507026 0.793853
2.0302 -1.7227 0.901166 0.444287 0.77835
2.03025 -1.72294 0.900275 0.513672 0.778826
2.0303 -1.72303 0.900607 0.488715 0.7837
2.03035 -1.72122 0.89924 0.54064 0.805423
2.0304 -1.72323 0.900461 0.61473 0.789295
2.03045 -1.72022 0.898823 0.519548 0.810565
2.0305 -1.72188 0.899938 0.494509 0.792028
2.03055 -1.72305 0.901282 0.46185 0.789007
2.0306 -1.72249 0.900373 0.508559 0.792455
2.03065 -1.72327 0.901038 0.481089 0.778417
2.0307 -1.7202 0.898928 0.498362 0.796382
2.03075 -1.72139 0.900007 0.478579 0.784766
2.0308 -1.72221 0.900464 0.480135 0.785818
2.03085 -1.72129 0.899679 0.504462 0.78033
2.0309 -1.72288 0.900399 0.512037 0.777891
2.03095 -1.72169 0.899568 0.537358 0.809345
2.031 -1.72254 0.900828 0.461285 0.780761
2.03105 -1.72264 0.90051 0.480314 0.78143
2.0311 -1.72254 0.900784 0.482195 0.779598
2.03115 -1.72104 0.89943 0.540565 0.800332
2.0312 -1.72099 0.899558 0.520579 0.793299
2.03125 -1.72301 0.90149 0.431224 0.768227
2.0313 -1.72086 0.899733 0.483357 0.793103
2.03135 -1.72157 0.90042 0.454159 0.786128
2.0314 -1.72126 0.899886 0.509326 0.80475
2.03145 -1.72119 0.899683 0.506566 0.796528
2.0315 -1.72143 0.900052 0.492271 0.790063
2.03155 -1.72218 0.900555 0.475019 0.781892
2.0316 -1.72169 0.900472 0.462244 0.780832
2.03165 -1.7209 0.899918 0.47513 0.786653
2.0317 -1.72078 0.899741 0.493932 0.792848
2.03175 -1.72284 0.901161 0.464778 0.774053
2.0318 -1.72089 0.899645 0.506805 0.800429
2.03185 -1.71988 0.89864 0.608133 0.80733
2.0319 -1.72195 0.899921 0.515643 0.791211
2.03195 -1.72136 0.899805 0.50035 0.792934
2.032 -1.72242 0.900512 0.49711 0.782029
2.03205 -1.71983 0.89909 0.5066 0.797893
2.0321 -1.72059 0.899381 0.489314 0.790344
2.03215 -1.72043 0.89912 0.510556 0.796869
2.0322 -1.72086 0.899963 0.473344 0.78743
2.03225 -1.72105 0.900181 0.45438 0.783853
2.0323 -1.72164 0.90037 0.4826 0.787563
2.03235 -1.72093 0.899538 0.497677 0.790253
2.0324 -1.71878 0.89814 0.533103 0.817677
2.03245 -1.72193 0.900852 0.433358 0.766607
2.0325 -1.72073 0.900308 0.462574 0.781216
2.03255 -1.72081 0.899311 0.537376 0.809486
2.0326 -1.72072 0.899145 0.57292 0.802234
2.03265 -1.72105 0.900237 0.471293 0.781105
2.0327 -1.72131 0.900414 0.469612 0.788623
2.03275 -1.72015 0.898715 0.526996 0.788679
2.0328 -1.71938 0.898585 0.532308 0.798107
2.03285 -1.71994 0.899229 0.495762 0.782161
2.0329 -1.72097 0.900254 0.458499 0.785285
2.03295 -1.71955 0.899173 0.485668 0.797035
2.033 -1.71994 0.899286 0.487347 0.796098
2.03305 -1.72027 0.899206 0.492152 0.797125
2.0331 -1.72012 0.899724 0.480009 0.78986
2.03315 -1.71984 0.899475 0.46755 0.79107
2.0332 -1.7204 0.899429 0.498209 0.795976
2.03325 -1.71912 0.898089 0.577584 0.811553
2.0333 -1.72009 0.899086 0.509899 0.79186
2.03335 -1.71963 0.898821 0.522114 0.804122
2.0334 -1.72123 0.900118 0.469636 0.775556
2.03345 -1.72046 0.899636 0.497787 0.786009
2.0335 -1.72108 0.900516 0.458759 0.789729
2.03355 -1.7193 0.898808 121.502 0.796117
2.0336 -1.71948 0.898688 0.538393 0.80854
2.03365 -1.72171 0.900501 0.462141 0.783994
2.0337 -1.71939 0.898691 0.518547 0.801426
2.03375 -1.71966 0.898638 0.521635 0.806074
2.0338 -1.72112 0.90033 0.462412 0.771593
2.03385 -1.72 0.899498 0.485072 0.791508
2.0339 -1.71942 0.898525 0.54341 0.808663
2.03395 -1.71864 0.898415 0.527768 0.806522
2.034 -1.71904 0.898996 0.481375 0.799061
2.03405 -1.71999 0.89917 0.504207 0.796999
2.0341 -1.7198 0.899312 0.492098 0.795386
2.03415 -1.71885 0.898716 0.496823 0.798516
2.0342 -1.71967 0.898979 0.508593 0.795119
2.03425 -1.71891 0.898883 0.501272 0.796296
2.0343 -1.72135 0.901025 0.420386 0.773006
2.03435 -1.71887 0.899272 0.476511 0.799612
2.0344 -1.71879 0.897749 0.709734 0.826272
2.03445 -1.71931 0.899485 0.461971 0.782423
2.0345 -1.71902 0.898445 0.540012 0.806406
2.03455 -1.71773 0.897901 0.528841 0.810595
2.0346 -1.72019 0.899786 0.477773 0.797518
2.03465 -1.71848 0.898765 0.484242 0.777426
2.0347 -1.7189 0.898416 0.521663 0.814785
2.03475 -1.7175 0.897583 0.534331 0.818038
2.0348 -1.71622 0.896755 0.536198 0.812087
2.03485 -1.71852 0.898431 0.506403 0.801513
2.0349 -1.71854 0.899031 0.481952 0.78787
2.03495 -1.71909 0.898881 0.491989 0.786928
2.035 -1.71965 0.899994 0.438894 0.771315
2.03505 -1.71815 0.898424 0.495115 0.795118
2.0351 -1.71985 0.899642 0.464633 0.783932
2.03515 -1.71908 0.899352 0.475862 0.785441
2.0352 -1.71891 0.899027 0.471581 0.784808
2.03525 -1.7194 0.899279 0.465875 0.778375
2.0353 -1.71816 0.899033 0.45746 0.794408
2.03535 -1.71806 0.898073 0.523634 0.813244
2.0354 -1.71833 0.898735 0.508702 0.801339
2.03545 -1.71897 0.898564 147.823 0.793713
2.0355 -1.71826 0.898624 0.491448 0.794309
2.03555 -1.72006 0.899529 0.498365 0.795641
2.0356 -1.71837 0.898657 0.506735 0.800093
2.03565 -1.71735 0.89818 0.478546 0.799814
2.0357 -1.71771 0.89806 0.491046 0.785966
2.03575 -1.71687 0.89764 0.496033 0.80525
2.0358 -1.71777 0.898153 0.506492 0.805121
2.03585 -1.71769 0.897642 0.577577 0.812173
2.0359 -1.71971 0.899234 0.485977 0.784365
2.03595 -1.71881 0.899605 0.443033 0.773298
2.036 -1.7182 0.898414 0.50357 0.801988
2.03605 -1.71673 0.897177 0.554286 0.824062
2.0361 -1.7182 0.898948 0.46691 0.789076
2.03615 -1.71839 0.898871 0.503078 0.790517
2.0362 -1.71748 0.898341 0.484396 0.788013
2.03625 -1.71667 0.897711 0.493627 0.799175
2.0363 -1.71612 0.897531 0.512531 0.813028
2.03635 -1.71838 0.899323 0.447426 0.782702
2.0364 -1.71803 0.898379 0.506669 0.794066
2.03645 -1.71737 0.898239 0.492889 0.803671
2.0365 -1.71633 0.897172 0.515715 0.806424
2.03655 -1.71699 0.897706 0.530125 0.783424
2.0366 -1.71775 0.897444 97.6502 0.814047
2.03665 -1.71625 0.897669 0.477007 0.79257
2.0367 -1.71682 0.897321 0.575363 0.814135
2.03675 -1.71655 0.896782 0.601155 0.805238
2.0368 -1.71666 0.897919 0.496979 0.796838
2.03685 -1.71776 0.898323 0.510291 0.792118
2.0369 -1.71676 0.89811 0.486149 0.797668
2.03695 -1.71804 0.89845 0.4873 0.795103
2.037 -1.71744 0.898663 0.467152 0.783093
2.03705 -1.71693 0.898026 0.503775 0.80726
2.0371 -1.71714 0.897719 0.552734 0.805176
2.03715 -1.71828 0.899303 0.452459 0.785778
2.0372 -1.71831 0.899262 0.470486 0.779572
2.03725 -1.71655 0.897754 0.528762 0.813442
2.0373 -1.7165 0.896489 158.263 0.824967
2.03735 -1.71859 0.899509 0.443904 0.769321
2.0374 -1.71633 0.897064 0.564112 0.820598
2.03745 -1.71639 0.898056 0.470407 0.7909
2.0375 -1.71482 0.895838 0.596753 0.827729
2.03755 -1.71777 0.897029 153.473 0.822374
2.0376 -1.71539 0.897069 0.513489 0.811748
2.03765 -1.71557 0.895281 104.127 0.838974
2.0377 -1.71715 0.898532 0.479907 0.792395
2.03775 -1.7159 0.897473 0.540595 0.819178
2.0378 -1.71691 0.898016 0.523335 0.810615
2.03785 -1.7164 0.897291 0.524495 0.805011
2.0379 -1.71587 0.897187 0.526902 0.809786
2.03795 -1.71551 0.896917 0.521082 0.795556
2.038 -1.71772 0.899253 0.444051 0.783996
2.03805 -1.71577 0.89732 0.521406 0.801272
2.0381 -1.71644 0.897967 0.492468 0.794311
2.03815 -1.71541 0.896864 0.544526 0.817743
2.0382 -1.71612 0.896091 0.7262 0.832584
2.03825 -1.7165 0.898032 0.498347 0.802213
2.0383 -1.7156 0.897116 0.531512 0.805145
2.03835 -1.71661 0.897841 0.494921 0.794806
2.0384 -1.71766 0.898727 0.469662 0.778474
2.03845 -1.71749 0.898653 0.483455 0.803941
2.0385 -1.7142 0.895911 0.571733 0.818555
2.03855 -1.71635 0.897845 0.467912 0.786973
2.0386 -1.7152 0.896982 0.497843 0.80219
2.03865 -1.7153 0.896731 0.522004 0.802047
2.0387 -1.71445 0.895861 0.598642 0.816262
2.03875 -1.71452 0.89578 0.635559 0.808515
2.0388 -1.71611 0.897472 0.513635 0.796215
2.03885 -1.71592 0.896346 0.691794 0.818193
2.0389 -1.71557 0.89711 0.506852 0.805305
2.03895 -1.71424 0.896105 0.561715 0.827812
2.039 -1.71671 0.898362 0.47148 0.782285
2.03905 -1.7148 0.896807 0.501731 0.803077
2.0391 -1.71486 0.896926 0.51245 0.816672
2.03915 -1.71583 0.897876 0.493557 0.804415
2.0392 -1.71409 0.896421 0.527348 0.816195
2.03925 -1.71521 0.897052 0.526971 0.802254
2.0393 -1.71531 0.897015 0.5357 0.792437
2.03935 -1.71401 0.896087 0.569226 0.819013
2.0394 -1.71582 0.897488 0.504028 0.799196
2.03945 -1.71513 0.897332 0.479901 0.788905
2.0395 -1.71434 0.896325 0.562718 0.821604
2.03955 -1.71464 0.896606 0.51366 0.812678
2.0396 -1.71703 0.898761 0.449793 0.776778
2.03965 -1.71487 0.896865 0.527849 0.812353
2.0397 -1.7146 0.897038 0.476017 0.788257
2.03975 -1.71445 0.896391 0.554582 0.806218
2.0398 -1.71454 0.896271 0.562814 0.80328
2.03985 -1.71447 0.896564 0.533065 0.805923
2.0399 -1.71358 0.894329 0.771865 0.843293
2.03995 -1.71446 0.896677 0.524732 0.806489
2.04 -1.7154 0.896879 0.528884 0.80618
2.04005 -1.71378 0.896248 0.536428 0.811503
2.0401 -1.71505 0.897079 0.50006 0.801683
2.04015 -1.71527 0.896824 109.799 0.814315
2.0402 -1.71673 0.898424 0.464662 0.785309
2.04025 -1.71392 0.89556 0.62165 0.822031
2.0403 -1.71614 0.897993 0.486475 0.806173
2.04035 -1.71622 0.89612 79.5688 0.824352
2.0404 -1.71619 0.898144 0.46829 0.790659
2.04045 -1.71477 0.897414 0.467894 0.781831
2.0405 -1.71375 0.896588 0.483344 0.794798
2.04055 -1.71634 0.898467 0.456657 0.790642
2.0406 -1.71512 0.897497 0.4727 0.786587
2.04065 -1.7158 0.897789 0.506703 0.795799
2.0407 -1.71421 0.896969 0.494907 0.806788
2.04075 -1.71452 0.896972 0.483159 0.794028
2.0408 -1.71305 0.894484 0.828841 0.832417
2.04085 -1.71509 0.897284 0.496057 0.796264
2.0409 -1.71494 0.897067 0.527478 0.806477
2.04095 -1.71424 0.896727 0.520036 0.811001
2.041 -1.71515 0.897253 0.486452 0.791162
2.04105 -1.71293 0.895322 0.569511 0.820657
2.0411 -1.71238 0.895165 0.560109 0.818423
2.04115 -1.71353 0.896138 0.528166 0.81051
2.0412 -1.71392 0.896513 0.537923 0.810929
2.04125 -1.7122 0.894393 0.622266 0.818438
2.0413 -1.71397 0.895795 157.746 0.815453
2.04135 -1.71228 0.895011 0.558895 0.819858
2.0414 -1.71363 0.896466 0.511469 0.807075
2.04145 -1.71384 0.89631 0.550311 0.815657
2.0415 -1.71545 0.89707 130.496 0.798065
2.04155 -1.71214 0.895314 0.540235 0.812409
2.0416 -1.71213 0.893879 0.914895 0.83672
2.04165 -1.71311 0.895987 0.542687 0.811353
2.0417 -1.71333 0.896341 0.521693 0.822668
2.04175 -1.71241 0.895384 0.551866 0.827416
2.0418 -1.7124 0.894984 0.552282 0.823548
2.04185 -1.71408 0.896627 0.504352 0.801701
2.0419 -1.71213 0.894908 0.577424 0.8338
2.04195 -1.7136 0.896699 0.477702 0.795362
2.042 -1.713 0.895558 0.568829 0.806991
2.04205 -1.71272 0.895948 0.517914 0.793622
2.0421 -1.71242 0.895185 0.539022 0.818119
2.04215 -1.71449 0.8973 0.464616 0.783173
2.0422 -1.71103 0.893914 131.162 0.834089
2.04225 -1.71337 0.896427 0.500436 0.79494
2.0423 -1.71385 0.896609 0.487705 0.803977
2.04235 -1.71216 0.895179 0.59475 0.822448
2.0424 -1.71291 0.895575 0.547111 0.807953
2.04245 -1.71282 0.895979 0.507368 0.810411
2.0425 -1.71279 0.895055 139.548 0.826595
2.04255 -1.71253 0.896014 0.488909 0.804871
2.0426 -1.71267 0.896286 0.497722 0.807511
2.04265 -1.71272 0.895838 0.531663 0.809033
2.0427 -1.71422 0.896992 0.509686 0.799653
2.04275 -1.71322 0.896474 0.511548 0.802757
2.0428 -1.71214 0.895297 0.531386 0.811579
2.04285 -1.71131 0.89511 0.510723 0.815003
2.0429 -1.71354 0.896228 0.541854 0.811304
2.04295 -1.71285 0.895806 0.542637 0.811624
2.043 -1.71126 0.894653 0.555296 0.822838
2.04305 -1.71171 0.894933 0.585968 0.816359
2.0431 -1.71049 0.893184 0.693545 0.841492
2.04315 -1.71122 0.894787 0.561031 0.827047
2.0432 -1.71213 0.895856 0.520998 0.802107
2.04325 -1.71212 0.895427 0.54247 0.820269
2.0433 -1.71252 0.895657 0.510167 0.808607
2.04335 -1.71147 0.895031 0.551094 0.813423
2.0434 -1.71196 0.895733 0.511866 0.814676
2.04345 -1.71192 0.89542 0.521504 0.811777
2.0435 -1.71226 0.895202 0.608739 0.825854
2.04355 -1.71199 0.895238 0.56289 0.819567
2.0436 -1.71155 0.894984 0.59414 0.81787
2.04365 -1.71038 0.893952 0.595255 0.820539
2.0437 -1.71248 0.895797 0.531183 0.814162
2.04375 -1.7112 0.894749 0.580001 0.833425
2.0438 -1.7104 0.893835 0.619174 0.829093
2.04385 -1.71033 0.89441 0.557396 0.826326
2.0439 -1.71085 0.894258 0.565928 0.831687
2.04395 -1.71071 0.894655 0.558571 0.832998
2.044 -1.71233 0.895486 0.594058 0.825931
2.04405 -1.71125 0.89478 0.547156 0.823514
2.0441 -1.7108 0.894423 0.56745 0.827258
2.04415 -1.71166 0.895424 0.523524 0.806341
2.0442 -1.71236 0.896136 0.501319 0.802444
2.04425 -1.7126 0.896324 0.482803 0.793995
2.0443 -1.71244 0.896347 0.498219 0.798766
2.04435 -1.71035 0.89438 0.548242 0.824881
2.0444 -1.71042 0.89386 0.671961 0.849437
2.04445 -1.71037 0.894599 0.557202 0.828709
2.0445 -1.71007 0.893647 0.727294 0.83593
2.04455 -1.71037 0.89504 0.523062 0.816836
2.0446 -1.71042 0.894096 0.591596 0.82079
2.04465 -1.71036 0.894476 0.563901 0.839033
2.0447 -1.70963 0.893808 0.598261 0.823459
2.04475 -1.71013 0.893354 0.783467 0.845041
2.0448 -1.70924 0.893815 0.552352 0.825107
2.04485 -1.7101 0.89345 0.749792 0.821648
2.0449 -1.71155 0.895512 0.52466 0.81101
2.04495 -1.71001 0.893903 0.56729 0.819501
2.045 -1.71015 0.893008 0.739301 0.84682
2.04505 -1.70947 0.894198 0.542344 0.815093
2.0451 -1.70962 0.893946 0.601673 0.830215
2.04515 -1.71166 0.895509 116.189 0.825901
2.0452 -1.70999 0.894246 0.558867 0.813739
2.04525 -1.71036 0.895259 0.519863 0.807406
2.0453 -1.7111 0.895075 0.566182 0.825108
2.04535 -1.7091 0.893417 0.585044 0.822886
2.0454 -1.71057 0.894863 0.515096 0.817687
2.04545 -1.70952 0.893916 0.556029 0.828075
2.0455 -1.70793 0.89205 110.437 0.847526
2.04555 -1.71151 0.895746 0.503762 0.799815
2.0456 -1.70765 0.892464 0.605976 0.837515
2.04565 -1.70963 0.893864 0.574501 0.825289
2.0457 -1.71022 0.8946 0.549883 0.821598
2.04575 -1.7121 0.896195 0.487043 0.803961
2.0458 -1.7094 0.894521 0.509743 0.81289
2.04585 -1.71082 0.895048 0.538946 0.81858
2.0459 -1.70952 0.894265 0.535555 0.822638
2.04595 -1.70977 0.893695 0.603668 0.833312
2.046 -1.70997 0.894444 0.58316 0.825539
2.04605 -1.70959 0.894217 0.572124 0.813659
2.0461 -1.71009 0.894532 0.540487 0.819097
2.04615 -1.70932 0.89402 0.54814 0.824223
2.0462 -1.71115 0.896068 0.469639 0.794281
2.04625 -1.70983 0.894866 54.4405 0.816492
2.0463 -1.71002 0.894791 0.52289 0.820445
2.04635 -1.70826 0.892296 150.709 0.848468
2.0464 -1.70849 0.893548 0.550507 0.829749
2.04645 -1.70831 0.892623 0.668846 0.851604
2.0465 -1.70777 0.892663 0.614536 0.840613
2.04655 -1.70957 0.894142 0.554596 0.825468
2.0466 -1.70833 0.892983 103.536 0.837596
2.04665 -1.7102 0.89475 0.519678 0.821377
2.0467 -1.71005 0.895313 0.484243 0.805803
2.04675 -1.70968 0.894393 0.537552 0.812014
2.0468 -1.71055 0.895185 0.528152 0.821474
2.04685 -1.70944 0.894746 0.502357 0.814387
2.0469 -1.71118 0.895705 0.485754 0.799341
2.04695 -1.70995 0.894817 0.515279 0.811351
2.047 -1.70885 0.893485 0.591801 0.827859
2.04705 -1.7075 0.892117 0.7281 0.841715
2.0471 -1.70907 0.894423 0.523571 0.826567
2.04715 -1.70943 0.894541 0.529357 0.80968
2.0472 -1.70895 0.894207 0.542483 0.825277
2.04725 -1.7074 0.8923 0.625344 0.849427
2.0473 -1.70964 0.894463 0.55457 0.806297
2.04735 -1.70923 0.894051 0.563921 0.823233
2.0474 -1.70849 0.893244 0.557631 0.824229
2.04745 -1.70751 0.893299 0.548683 0.827613
2.0475 -1.70748 0.892061 0.676004 0.831108
2.04755 -1.7098 0.894358 0.575399 0.828874
2.0476 -1.70785 0.893881 0.521027 0.822371
2.04765 -1.70827 0.89381 0.547295 0.819902
2.0477 -1.70898 0.894552 0.502869 0.807577
2.04775 -1.70735 0.892914 0.58164 0.841159
2.0478 -1.70793 0.892569 0.657708 0.830516
2.04785 -1.70748 0.892132 0.836611 0.849807
2.0479 -1.70849 0.893982 0.530746 0.824709
2.04795 -1.709 0.893918 0.555878 0.822909
2.048 -1.70877 0.893179 0.606203 0.838933
2.04805 -1.70915 0.894051 0.575246 0.803168
2.0481 -1.70783 0.893316 0.561022 0.828983
2.04815 -1.70782 0.893873 0.501942 0.803476
2.0482 -1.70837 0.894108 0.521966 0.815343
2.04825 -1.70879 0.894456 0.504247 0.811019
2.0483 -1.70935 0.894843 0.490543 0.808943
2.04835 -1.70755 0.893344 0.544841 0.816259
2.0484 -1.70712 0.892758 0.566196 0.830946
2.04845 -1.7066 0.892608 0.576417 0.827678
2.0485 -1.707 0.893036 0.559702 0.830335
2.04855 -1.70809 0.894292 0.501272 0.811557
2.0486 -1.7061 0.891807 0.596256 0.828715
2.04865 -1.71039 0.895515 0.481584 0.805058
2.0487 -1.70767 0.893201 0.595223 0.842773
2.04875 -1.70694 0.892313 155.953 0.825377
2.0488 -1.70883 0.894668 0.492104 0.807507
2.04885 -1.70822 0.893945 0.510682 0.812018
2.0489 -1.70754 0.892078 0.800869 0.842154
2.04895 -1.70648 0.892384 0.584168 0.835206
2.049 -1.7072 0.892342 0.643605 0.832615
2.04905 -1.70874 0.893647 0.588665 0.824072
2.0491 -1.70594 0.891805 0.590413 0.835535
2.04915 -1.70719 0.893124 0.55655 0.832431
2.0492 -1.70695 0.892913 0.55395 0.824451
2.04925 -1.70796 0.893593 0.550707 0.823069
2.0493 -1.70635 0.892215 0.608398 0.84589
2.04935 -1.70852 0.894076 0.53214 0.815462
2.0494 -1.70746 0.892894 0.58056 0.841544
2.04945 -1.709 0.893914 0.561159 0.820731
2.0495 -1.70576 0.891598 0.704857 0.841624
2.04955 -1.70611 0.892236 0.573471 0.825961
2.0496 -1.70684 0.893893 0.501415 0.815233
2.04965 -1.70684 0.892853 0.546531 0.823666
2.0497 -1.70801 0.89371 0.553389 0.830597
2.04975 -1.70673 0.892366 0.589666 0.837651
2.0498 -1.7069 0.892287 0.61687 0.842918
2.04985 -1.70614 0.892745 0.540061 0.819459
2.0499 -1.70595 0.891943 62.469 0.830142
2.04995 -1.70669 0.892788 78.4882 0.831904
