2 -1.74578 0.911522 0.378902 0.722472
2.01 -1.73799 0.90789 0.413351 0.7452
2.02 -1.73085 0.904626 0.448966 0.772374
2.03 -1.7231 0.900834 0.470967 0.766028
2.04 -1.7149 0.896905 0.519688 0.812291
2.05 -1.7065 0.892545 0.586223 0.839853
2.06 -1.69842 0.888551 0.619532 0.845742
2.07 -1.68956 0.883937 0.678892 0.872047
2.08 -1.68046 0.878899 0.787258 0.908129
2.09 -1.67204 0.874507 0.825504 0.930962
2.1 -1.66207 0.868943 0.919398 0.97918
2.11 -1.65213 0.862866 1.03952 0.985577
2.12 -1.64254 0.857199 1.23121 1.04527
2.13 -1.63153 0.849993 1.42033 1.08589
2.14 -1.62134 0.843937 1.46082 1.09567
2.15 -1.60945 0.834688 2.09803 1.14681
2.16 -1.59809 0.82753 2.06104 1.1676
2.17 -1.58616 0.818643 2.37876 1.20172
2.18 -1.57293 0.807345 3.31509 1.29769
2.19 -1.56111 0.79985 3.05268 1.33437
2.2 -1.54569 0.783315 4.66161 1.41712
2.21 -1.53196 0.770013 6.48183 1.52904
2.22 -1.51705 0.75483 6.67458 1.522
2.23 -1.50157 0.738847 8.67396 1.65056
2.24 -1.48339 0.713925 12.627 1.79338
2.25 -1.46361 0.677993 27.8523 1.92355
2.26 -1.44047 0.620847 58.3794 2.24634
2.27 -1.4189 0.573967 81.7995 2.48056
2.28 -1.39438 0.49396 113.639 2.24935
2.29 -1.37238 0.414871 150.976 2.35649
2.3 -1.34703 0.309571 140.525 1.98264
2.31 -1.32604 0.24338 106.065 1.7363
2.32 -1.30707 0.194721 79.4852 1.49985
2.33 -1.29487 0.191334 74.3712 1.50447
2.34 -1.27878 0.16682 57.7239 1.39665
2.35 -1.2656 0.153447 48.285 1.35857
2.36 -1.25227 0.14502 46.3129 1.28872
2.37 -1.23934 0.133825 35.362 1.22313
2.38 -1.22717 0.115042 27.5233 1.19124
2.39 -1.21503 0.103559 25.2205 1.16975
