2 -1.74536 0.911222 0.385337 0.723768
2.01 -1.73795 0.907814 0.410696 0.741526
2.02 -1.73038 0.904224 0.454434 0.756408
2.03 -1.72233 0.90033 0.506852 0.791247
2.04 -1.71518 0.897058 0.520062 0.806765
2.05 -1.70656 0.892654 0.587031 0.837457
2.06 -1.69782 0.888088 0.634993 0.85353
2.07 -1.69017 0.884366 0.679891 0.875949
2.08 -1.68052 0.878899 0.784325 0.906167
2.09 -1.67138 0.873997 0.816831 0.924473
2.1 -1.66163 0.868658 0.965806 0.951143
2.11 -1.65124 0.86152 1.29258 1.01512
2.12 -1.64327 0.858075 1.16745 1.01282
2.13 -1.63196 0.850897 1.28395 1.02318
2.14 -1.61973 0.841446 1.81495 1.13095
2.15 -1.60958 0.836138 1.57474 1.11323
2.16 -1.5987 0.828696 1.96729 1.16765
2.17 -1.58534 0.817542 2.794 1.24044
2.18 -1.57281 0.806737 3.20793 1.30448
2.19 -1.56132 0.800719 3.03377 1.30687
2.2 -1.54551 0.783961 4.46695 1.40608
2.21 -1.53043 0.768378 5.51272 1.49173
2.22 -1.51671 0.754493 8.24812 1.53559
2.23 -1.49721 0.723321 14.2967 1.80857
2.24 -1.48944 0.729446 8.90447 1.62227
2.25 -1.46262 0.673283 25.1301 1.97305
2.26 -1.44176 0.639906 32.4402 2.08747
2.27 -1.42171 0.603674 37.0456 2.12602
2.28 -1.39738 0.540674 52.2294 2.07183
2.29 -1.38011 0.507986 54.8405 2.20045
2.3 -1.35506 0.43725 66.7274 2.12626
2.31 -1.33241 0.377447 62.4724 1.97801
2.32 -1.31967 0.36896 60.9669 1.95013
2.33 -1.29972 0.322254 52.0612 1.69494
2.34 -1.27997 0.264587 44.7073 1.52433
2.35 -1.26846 0.257273 42.6979 1.47524
2.36 -1.25358 0.232626 36.6635 1.40395
2.37 -1.24159 0.21593 31.4428 1.31873
2.38 -1.22654 0.185937 27.2935 1.20394
2.39 -1.21502 0.177379 24.1854 1.16589
