2 -1.74545 0.911347 0.378321 0.727495
2.01 -1.73834 0.90808 0.407317 0.742885
2.02 -1.73078 0.904518 0.430317 0.755388
2.03 -1.72254 0.900423 0.493385 0.784919
2.04 -1.71478 0.89663 0.540948 0.819102
2.05 -1.70674 0.892735 0.586507 0.824485
2.06 -1.69854 0.888787 0.615983 0.851319
2.07 -1.68975 0.88402 0.697087 0.879688
2.08 -1.68018 0.87878 0.739556 0.903358
2.09 -1.67107 0.873577 0.894097 0.942579
2.1 -1.66253 0.86915 0.946337 0.956697
2.11 -1.65219 0.86342 0.98058 0.990295
2.12 -1.64192 0.856563 1.21912 1.02811
2.13 -1.63141 0.849735 1.43494 1.07464
2.14 -1.62134 0.844027 1.44751 1.0827
2.15 -1.61026 0.836258 1.86203 1.12733
2.16 -1.59809 0.828041 1.9284 1.16168
2.17 -1.58502 0.815929 2.96915 1.29139
2.18 -1.57394 0.809716 2.51916 1.24792
2.19 -1.55946 0.795754 4.38811 1.40227
2.2 -1.54582 0.784976 4.06384 1.39949
2.21 -1.53177 0.769728 6.0821 1.47517
2.22 -1.51688 0.752579 9.70205 1.64889
2.23 -1.50125 0.739022 8.35193 1.60818
2.24 -1.4859 0.720771 10.5975 1.70465
2.25 -1.4608 0.655602 59.3434 2.1258
2.26 -1.44662 0.648432 42.6278 2.15673
2.27 -1.42065 0.588191 58.4969 2.19976
2.28 -1.40825 0.581825 52.038 2.19369
2.29 -1.38321 0.518666 66.4432 2.26311
2.3 -1.35391 0.409542 84.9316 2.09052
2.31 -1.33283 0.339777 103.08 2.05248
2.32 -1.31046 0.265277 74.6854 1.66878
2.33 -1.29708 0.259855 66.5726 1.63877
2.34 -1.2804 0.208891 53.2654 1.44604
2.35 -1.26543 0.19589 53.1336 1.43082
2.36 -1.25466 0.184299 41.9516 1.30372
2.37 -1.2409 0.164772 34.813 1.27295
2.38 -1.22694 0.141973 29.6493 1.2221
2.39 -1.21715 0.141198 28.6669 1.152
