2 -1.74513 0.911136 0.389317 0.722207
2.01 -1.73874 0.908227 0.417736 0.750242
2.02 -1.7312 0.90478 0.430725 0.760012
2.03 -1.72307 0.900933 0.479778 0.789362
2.04 -1.71556 0.8974 0.501823 0.799979
2.05 -1.70679 0.893001 0.553742 0.835651
2.06 -1.69881 0.888475 0.68843 0.873452
2.07 -1.68974 0.884094 0.659512 0.875343
2.08 -1.68148 0.879466 0.79601 0.899172
2.09 -1.67235 0.875283 0.787874 0.92595
2.1 -1.66212 0.869044 0.887494 0.95724
2.11 -1.65281 0.863542 1.04325 0.997172
2.12 -1.64339 0.858452 1.09063 1.01638
2.13 -1.63158 0.850442 1.28844 1.05953
2.14 -1.62315 0.846048 1.35624 1.06852
2.15 -1.61194 0.838289 1.60363 1.1083
2.16 -1.5986 0.826087 2.84105 1.23658
2.17 -1.58611 0.817729 3.32774 1.22164
2.18 -1.57513 0.811596 2.63894 1.26021
2.19 -1.56144 0.800031 2.83706 1.32215
2.2 -1.54723 0.78527 4.53595 1.37125
2.21 -1.52836 0.758379 8.90139 1.55844
2.22 -1.51598 0.74957 9.70665 1.6197
2.23 -1.50059 0.735576 9.29984 1.64762
2.24 -1.48381 0.713409 13.3523 1.79631
2.25 -1.47096 0.705306 10.7224 1.73823
2.26 -1.4484 0.668028 16.8166 1.89087
2.27 -1.43242 0.644979 19.3432 1.86088
2.28 -1.40611 0.596383 23.8254 1.98295
2.29 -1.39695 0.598464 20.4808 1.94082
2.3 -1.36987 0.53981 26.7083 1.9669
2.31 -1.3488 0.494615 29.4266 1.93263
2.32 -1.33139 0.462259 32.4757 1.9386
2.33 -1.30858 0.411154 30.8559 1.80389
2.34 -1.29425 0.389561 30.3311 1.68774
2.35 -1.27545 0.349911 27.6176 1.59639
2.36 -1.26093 0.336542 25.2392 1.50729
2.37 -1.24665 0.313292 24.285 1.48234
2.38 -1.2358 0.299374 23.892 1.36077
2.39 -1.21954 0.269052 20.302 1.2937
